      0/99     2.57G   0.06625   0.06102   0.01955    0.1468        14       640   0.05212    0.2663    0.0304  0.005315   0.09346   0.09146   0.01701
      1/99     2.77G   0.06332   0.06095   0.01481    0.1391         4       640   0.09089    0.4018   0.06281   0.01203   0.09097   0.09662   0.01352
      2/99     2.77G   0.06415   0.06461   0.01045    0.1392        57       640    0.1789    0.3009    0.1112   0.02501   0.09101   0.09274   0.01089
      3/99     2.77G   0.06381   0.05882  0.006138    0.1288        12       640   0.08349    0.2429   0.02892  0.006469   0.08641    0.0977   0.03192
      4/99     2.77G   0.06315   0.05201  0.003465    0.1186        12       640    0.0966    0.1194   0.04308  0.009173    0.0878    0.1157   0.01962
      5/99     2.77G   0.06177   0.05016  0.003088     0.115        37       640   0.06793   0.08085   0.02974  0.006371    0.1108    0.2018    0.2977
      6/99     2.77G   0.05834    0.0481  0.003167    0.1096        32       640    0.7067    0.4031    0.4508    0.1739   0.08135    0.1024   0.02322
      7/99     2.77G   0.05432   0.04726   0.00299    0.1046        29       640    0.7801    0.5626    0.6169    0.2945   0.07475   0.09243  0.007138
      8/99     2.77G   0.04906   0.04685  0.002544   0.09845        30       640    0.4613    0.6345    0.4645    0.1991   0.07296   0.09167   0.01609
      9/99     2.77G   0.04582   0.04603  0.002372   0.09422        80       640    0.4591    0.6131    0.5111    0.2426    0.0728   0.09229   0.01276
     10/99     2.77G   0.04504   0.04619  0.002151   0.09339         3       640    0.4287    0.7543    0.5893    0.3105   0.06772   0.09489   0.01148
     11/99     2.77G   0.04341   0.04652  0.002203   0.09214        10       640    0.4757    0.6901    0.5842    0.2839   0.06705   0.09717   0.01166
     12/99     2.77G   0.04124   0.04747  0.001962   0.09067        83       640     0.601    0.7353     0.685    0.4084   0.06068   0.09974  0.004352
     13/99     2.77G   0.04088   0.04658  0.001785   0.08924         5       640    0.5556    0.7244    0.6645    0.3296   0.05911   0.09829   0.01372
     14/99     2.77G   0.03938   0.04506  0.001796   0.08624        23       640    0.5974    0.8152    0.6989    0.4172     0.055    0.1026  0.004622
     15/99     2.77G   0.03917   0.04591  0.001745   0.08682        46       640    0.5613    0.8636    0.6595    0.3944   0.05515    0.1011   0.01575
     16/99     2.77G   0.03963   0.04621  0.001625   0.08746        20       640     0.552    0.7753    0.6711    0.4202     0.058   0.09579  0.008511
     17/99     2.77G   0.03891   0.04576  0.001749   0.08642        86       640    0.6147     0.785    0.6894    0.4242   0.06064   0.09632   0.00514
     18/99     2.77G   0.03826    0.0461  0.001595   0.08595        41       640    0.5842    0.8811    0.6992    0.4448   0.06024    0.0977   0.00605
     19/99     2.77G   0.03696   0.04469  0.001603   0.08325         9       640    0.5472    0.8367    0.6737    0.4168   0.06055   0.09651  0.006379
     20/99     2.77G   0.03736    0.0471  0.001594   0.08605        14       640    0.5969    0.8307    0.6823    0.4193   0.05988   0.09684  0.004544
     21/99     2.77G   0.03664   0.04665  0.001346   0.08463         4       640    0.6052    0.8564    0.6978    0.4643     0.057   0.09734  0.003659
     22/99     2.77G   0.03617    0.0476  0.001295   0.08506        20       640    0.6495    0.8266    0.7147    0.4798   0.05612    0.1004  0.005906
     23/99     2.77G   0.03571   0.04616  0.001371   0.08324        23       640    0.6247    0.7756    0.7016    0.4484   0.05602   0.09787   0.01064
     24/99     2.77G   0.03487   0.04609  0.001377   0.08234        22       640    0.6206    0.8563    0.7096    0.4642   0.05772   0.09624  0.003353
     25/99     2.77G   0.03486    0.0476  0.001071   0.08354         9       640    0.6379    0.8579    0.7132    0.4468   0.05674   0.09946  0.004885
     26/99     2.77G   0.03483   0.04709  0.001165   0.08308        32       640    0.5663    0.8732    0.6957    0.4325   0.05906   0.09581  0.007216
     27/99     2.77G   0.03428   0.04795  0.001202   0.08343        14       640    0.6311     0.832    0.7284    0.4778   0.05659   0.09856   0.01079
     28/99     2.77G   0.03354   0.04745 0.0009716   0.08197        12       640    0.6545    0.8611    0.7258    0.4842   0.05644   0.09659  0.004224
     29/99     2.77G   0.03353   0.04791 0.0009365   0.08237        49       640    0.5276    0.4847    0.5128    0.2604   0.06821    0.1096   0.02667
     30/99     2.77G   0.03335   0.04708  0.001087   0.08151        51       640    0.6237    0.8429    0.7002    0.4658   0.05582    0.1007  0.009451
     31/99     2.77G    0.0332   0.04813 0.0009947   0.08233        11       640    0.6591    0.8072    0.7199    0.4936   0.05432    0.1015  0.003632
     32/99     2.77G   0.03266   0.04705 0.0009747   0.08069        52       640    0.6128    0.8803    0.7099    0.4919   0.05215    0.1079  0.005678
     33/99     2.77G   0.03214   0.04644 0.0008619   0.07944        48       640      0.64    0.9343    0.7291    0.5041   0.05265    0.1054  0.005332
     34/99     2.77G   0.03254    0.0464 0.0009163   0.07986        56       640    0.6267    0.8604    0.7315    0.4672   0.05361    0.1016  0.007131
     35/99     2.77G   0.03173   0.04676 0.0009797   0.07947        18       640    0.6345    0.8096    0.7131    0.4664   0.05445     0.101   0.01359
     36/99     2.77G   0.03185   0.04738 0.0008663    0.0801        29       640    0.6191    0.7879    0.7127    0.4879   0.05276    0.1071  0.009389
     37/99     2.77G   0.03151   0.04639 0.0008291   0.07873         7       640    0.6197    0.7991    0.7088      0.48   0.05409    0.1003  0.007901
     38/99     2.77G   0.03124   0.04711 0.0008951   0.07924         7       640    0.6283    0.8411    0.7303    0.4971   0.05257    0.1017  0.004721
     39/99     2.77G    0.0312   0.04604 0.0007514   0.07799        42       640    0.5671    0.7899    0.7006    0.4366   0.05306    0.1007  0.007199
     40/99     2.77G   0.03065    0.0465 0.0007788   0.07794        19       640    0.6669    0.7403    0.7144    0.4968   0.05352    0.1016  0.005067
     41/99     2.77G   0.03056   0.04594 0.0006995    0.0772        11       640    0.6304    0.8219    0.7253    0.4988   0.05208    0.1034  0.006266
     42/99     2.77G    0.0305   0.04532 0.0006947   0.07652        34       640    0.6605    0.8553    0.7511    0.5234    0.0521    0.1023   0.00321
     43/99     2.77G   0.03066    0.0472 0.0006702   0.07853        12       640     0.653    0.8213    0.7268    0.4507   0.05342    0.1045    0.0123
     44/99     2.77G   0.03039   0.04729 0.0007518   0.07843        21       640     0.615    0.8394    0.7105     0.495   0.05348     0.102  0.009209
     45/99     2.77G   0.03025   0.04749 0.0007609    0.0785         9       640    0.6352    0.8154    0.7038    0.4737   0.05213    0.1038   0.01126
     46/99     2.77G   0.03053   0.04398  0.000662   0.07517        64       640    0.6487    0.7823    0.7376    0.5142   0.05209    0.1045  0.003506
     47/99     2.77G    0.0302   0.04612 0.0007559   0.07707        46       640    0.6067    0.8248    0.7222     0.502   0.05172    0.1057   0.00886
     48/99     2.77G   0.02988   0.04678 0.0007132   0.07737         6       640    0.6697    0.8051    0.7384    0.5149   0.05064    0.1059  0.005223
     49/99     2.77G   0.03011    0.0461 0.0008318   0.07704        28       640    0.5859    0.7993    0.7094    0.5034   0.05058    0.1057  0.004115
     50/99     2.77G   0.02999   0.04642 0.0007144   0.07713        29       640    0.6165    0.8489    0.7202     0.502   0.04999    0.1103  0.007544
     51/99     2.77G   0.02977   0.04689 0.0006025   0.07726        49       640    0.6498    0.8559    0.7413    0.5127   0.04967     0.109  0.003039
     52/99     2.77G   0.02955   0.04674 0.0005577   0.07685         5       640    0.6356     0.821    0.7227    0.5076   0.04998    0.1067  0.002655
     53/99     2.77G   0.02948   0.04681 0.0005646   0.07685        47       640    0.6758    0.8349    0.7564    0.5353   0.05004    0.1075  0.002429
     54/99     2.77G   0.02956   0.04722 0.0007029   0.07748        61       640    0.6747    0.8258    0.7444    0.5113   0.05004     0.109  0.006032
     55/99     2.77G   0.02931   0.04596 0.0006644   0.07594        11       640    0.6877    0.8032    0.7461     0.531   0.05016    0.1074  0.005197
     56/99     2.77G   0.02922   0.04595 0.0005459   0.07572        40       640    0.6286    0.8032    0.7274    0.5198   0.04925     0.111  0.003971
     57/99     2.77G   0.02922    0.0464 0.0006832    0.0763        10       640    0.5878    0.8606    0.7185     0.497   0.04993    0.1094  0.007598
     58/99     2.77G   0.02942   0.04632 0.0006437   0.07637        88       640    0.6379    0.8031    0.7114     0.499   0.05129    0.1083  0.003756
     59/99     2.77G   0.02917   0.04525 0.0006924   0.07512        31       640    0.6278    0.8321     0.728    0.5223    0.0501    0.1081  0.004943
     60/99     2.77G   0.02889   0.04516 0.0005716   0.07462        40       640    0.6727    0.8071    0.7228    0.5152   0.04878    0.1103  0.003452
     61/99     2.77G   0.02885   0.04483 0.0006147   0.07429        19       640    0.7053    0.8147    0.7487    0.5238   0.04813      0.11  0.002322
     62/99     2.77G   0.02872   0.04537 0.0006017   0.07469        18       640    0.6786    0.8376    0.7523    0.5285    0.0477     0.113  0.002576
     63/99     2.77G   0.02909   0.04509 0.0006247    0.0748         9       640     0.667    0.8411    0.7496    0.5332   0.04835    0.1129  0.004243
     64/99     2.77G   0.02868   0.04569 0.0006234   0.07499        10       640    0.6783    0.7712     0.735    0.5179    0.0482    0.1124  0.003713
     65/99     2.77G   0.02838   0.04549   0.00057   0.07443        21       640    0.6367    0.8726    0.7238    0.5187   0.04826    0.1137  0.004133
     66/99     2.77G   0.02844   0.04666 0.0005379   0.07564        21       640    0.6214    0.8006     0.732    0.5215   0.04848    0.1127   0.00786
     67/99     2.77G   0.02802   0.04433 0.0004594   0.07281        36       640    0.6769    0.7876    0.7496    0.5389   0.04739    0.1154  0.003152
     68/99     2.77G    0.0282   0.04495 0.0005296   0.07368        27       640     0.671    0.8295    0.7425    0.5336   0.04719    0.1152  0.003104
     69/99     2.77G   0.02796   0.04496 0.0004808    0.0734        56       640    0.6809    0.7623    0.7392    0.5295   0.04654    0.1213  0.003997
     70/99     2.77G   0.02826   0.04666 0.0005704    0.0755        12       640    0.6474    0.8155    0.7462    0.5331   0.04759    0.1176  0.004826
     71/99     2.78G   0.02849   0.04511 0.0005326   0.07413        70       640    0.6675    0.8868     0.767    0.5454   0.04648    0.1183   0.00315
     72/99     2.78G   0.02836    0.0454 0.0005635   0.07433        10       640    0.6835    0.7941    0.7489    0.5368   0.04642    0.1188  0.003062
     73/99     2.78G   0.02811   0.04544 0.0004986   0.07405         9       640    0.6619    0.8344    0.7452     0.535   0.04614    0.1181  0.002551
     74/99     2.78G   0.02789   0.04505 0.0005359   0.07347         4       640    0.6389    0.7624    0.7303    0.5259   0.04628    0.1178  0.003451
     75/99     2.78G   0.02748   0.04527 0.0005075   0.07326         9       640    0.6287    0.8211    0.7283    0.5241    0.0452    0.1209  0.002707
     76/99     2.78G   0.02786   0.04557 0.0004095   0.07384        11       640    0.6478    0.8477    0.7407    0.5251    0.0455    0.1214  0.003028
     77/99     2.78G   0.02806   0.04479  0.000491   0.07334        17       640    0.6661    0.8564    0.7464    0.5336   0.04436    0.1217  0.002447
     78/99     2.78G   0.02766    0.0444 0.0004849   0.07254        21       640    0.6263    0.8051    0.7203    0.5204   0.04506    0.1201  0.003485
     79/99     2.78G   0.02783   0.04575 0.0005574   0.07414        24       640    0.5972     0.869     0.727    0.5206   0.04623    0.1228  0.009202
     80/99     2.78G    0.0278   0.04456 0.0005459   0.07291        14       640    0.7094     0.836    0.7709    0.5424   0.04532    0.1195  0.002655
     81/99     2.78G   0.02776   0.04436 0.0005446   0.07266        52       640    0.6807    0.7984     0.754    0.5367    0.0457    0.1208  0.004717
     82/99     2.78G   0.02778   0.04464 0.0004875   0.07291         5       640    0.6191    0.8393    0.7386    0.5308   0.04617    0.1204  0.005471
     83/99     2.78G   0.02737    0.0433 0.0004634   0.07114         2       640    0.6417    0.7892    0.7177    0.5123    0.0456    0.1226  0.006635
     84/99     2.78G    0.0273   0.04469 0.0006057    0.0726        12       640    0.5894    0.7748    0.6785    0.4812   0.04641    0.1204  0.008388
     85/99     2.78G   0.02744   0.04517 0.0004425   0.07305        20       640    0.6385    0.7973    0.7262    0.5192   0.04512    0.1218  0.004751
     86/99     2.78G   0.02763   0.04427 0.0005122   0.07241        67       640    0.6513    0.7741    0.7339    0.5224   0.04498    0.1252  0.007413
     87/99     2.78G   0.02745   0.04513 0.0004419   0.07303        21       640    0.7208    0.7532    0.7655    0.5499   0.04505    0.1225  0.004951
     88/99     2.78G   0.02732   0.04511 0.0004654    0.0729         6       640    0.6047    0.7484    0.6709    0.4739   0.04759    0.1236    0.0288
     89/99     2.78G   0.02749   0.04586  0.000547    0.0739        32       640    0.7542    0.7361    0.7547    0.5411   0.04568    0.1225  0.008698
     90/99     2.78G   0.02753   0.04469 0.0005487   0.07277        32       640    0.7209    0.7635     0.756    0.5436   0.04564    0.1217    0.0067
     91/99     2.78G   0.02727    0.0453 0.0004847   0.07306         3       640       0.7    0.8226    0.7513    0.5452   0.04521    0.1218  0.003649
     92/99     2.78G   0.02698   0.04467 0.0004535   0.07211         8       640    0.6507     0.812    0.7292    0.5293   0.04629     0.123  0.007754
     93/99     2.78G    0.0274    0.0447 0.0005465   0.07264        27       640    0.6935    0.7833    0.7502    0.5426   0.04459     0.124  0.004371
     94/99     2.78G   0.02718   0.04452 0.0004777   0.07218        32       640    0.6554    0.7861    0.7412    0.5396   0.04514    0.1243  0.005164
     95/99     2.78G    0.0273   0.04547 0.0004599   0.07323         4       640    0.7059    0.7664     0.757    0.5486   0.04414     0.124  0.002852
     96/99     2.78G    0.0269   0.04415 0.0003779   0.07142        14       640    0.7027    0.7768    0.7523    0.5421   0.04452    0.1247  0.004108
     97/99     2.78G   0.02706   0.04437 0.0004286   0.07186        43       640    0.6894    0.8368    0.7686    0.5506    0.0444     0.124  0.003633
     98/99     2.78G   0.02727   0.04577 0.0004328   0.07347        17       640    0.6991    0.7981    0.7497    0.5339   0.04401    0.1256  0.003522
     99/99     2.78G   0.02727   0.04563 0.0004327   0.07334        19       640    0.5986    0.7424    0.6721    0.4673   0.04685    0.1283   0.02682
