1 0.0234375 0.546875 0.046875 0.235417
1 0.190625 0.736458 0.146875 0.189583
1 0.617188 0.622917 0.1375 0.216667
1 0.965625 0.113542 0.06875 0.20625
1 0.19375 0.877083 0.15625 0.2125
1 0.617969 0.0677083 0.189063 0.135417
1 0.940625 0.675 0.11875 0.2
1 0.0320312 0.83125 0.0640625 0.266667
1 0.139062 0.414583 0.146875 0.208333
1 0.803906 0.08125 0.179688 0.1625
1 0.280469 0.53125 0.160938 0.229167
1 0.20625 0.178125 0.18125 0.247917
1 0.627344 0.844792 0.148438 0.210417
1 0.0390625 0.125 0.078125 0.208333
1 0.880469 0.491667 0.179688 0.225
0 0.447656 0.33125 0.320312 0.420833
1 0.871094 0.828125 0.182812 0.235417
