1 0.667188 0.9625 0.165625 0.075
1 0.973437 0.883333 0.053125 0.225
1 0.914062 0.116667 0.115625 0.175
1 0.49375 0.125 0.19375 0.216667
1 0.255469 0.954167 0.164062 0.0916667
1 0.0296875 0.126042 0.059375 0.239583
1 0.320312 0.623958 0.221875 0.260417
1 0.04375 0.670833 0.0875 0.225
1 0.651563 0.155208 0.18125 0.25625
0 0.491406 0.409375 0.345313 0.464583
1 0.25625 0.36875 0.178125 0.220833
1 0.708594 0.740625 0.192188 0.26875
1 0.0632813 0.886458 0.126563 0.227083
1 0.289062 0.140625 0.184375 0.235417
1 0.510156 0.910417 0.170312 0.179167
1 0.10625 0.485417 0.190625 0.195833
