1 0.761719 0.0208333 0.176563 0.0416667
1 0.785937 0.8875 0.203125 0.208333
2 0.540625 0.980208 0.065625 0.0395833
1 0.292969 0.959375 0.207813 0.08125
1 0.275781 0.0520833 0.157813 0.104167
1 0.378906 0.046875 0.170312 0.0895833
1 0.955469 0.713542 0.0890625 0.25625
1 0.639063 0.0510417 0.19375 0.102083
1 0.659375 0.914583 0.203125 0.170833
1 0.311719 0.969792 0.167187 0.0604167
1 0.127344 0.0447917 0.160938 0.0854167
1 0.628906 0.904167 0.164062 0.183333
1 0.3 0.414583 0.13125 0.195833
1 0.0601562 0.953125 0.120312 0.09375
1 0.726562 0.494792 0.184375 0.202083
1 0.553906 0.730208 0.142188 0.19375
1 0.046875 0.0583333 0.09375 0.116667
1 0.238281 0.397917 0.142188 0.183333
1 0.176563 0.815625 0.146875 0.202083
1 0.904688 0.910417 0.190625 0.175
1 0.065625 0.527083 0.13125 0.270833
1 0.296094 0.810417 0.185937 0.2125
1 0.84375 0.65625 0.153125 0.245833
1 0.485938 0.834375 0.175 0.235417
1 0.689844 0.685417 0.170312 0.283333
1 0.796875 0.420833 0.16875 0.2375
1 0.2125 0.595833 0.171875 0.220833
1 0.907812 0.0895833 0.184375 0.179167
0 0.453125 0.248958 0.28125 0.39375
1 0.0460938 0.2875 0.0890625 0.2125
