1 0.0265625 0.553125 0.053125 0.227083
1 0.285156 0.911458 0.164062 0.16875
1 0.601562 0.958333 0.225 0.0833333
1 0.967188 0.414583 0.065625 0.2125
1 0.288281 0.846875 0.154687 0.23125
1 0.0320312 0.096875 0.0640625 0.185417
1 0.177344 0.307292 0.192188 0.23125
1 0.176563 0.0864583 0.178125 0.172917
1 0.633594 0.56875 0.160938 0.195833
1 0.913281 0.0510417 0.157813 0.102083
1 0.810938 0.496875 0.171875 0.214583
1 0.828906 0.921875 0.204688 0.15625
1 0.65625 0.807292 0.175 0.239583
1 0.789062 0.622917 0.190625 0.204167
1 0.127344 0.425 0.151562 0.220833
1 0.745313 0.0885417 0.178125 0.177083
1 0.942969 0.686458 0.114063 0.23125
0 0.56875 0.2875 0.33125 0.4625
1 0.3625 0.104167 0.153125 0.2
1 0.266406 0.563542 0.170312 0.24375
1 0.110937 0.825 0.171875 0.233333
1 0.453125 0.569792 0.190625 0.222917
