1 0.234375 0.979167 0.184375 0.0416667
1 0.985156 0.557292 0.0296875 0.185417
1 0.407813 0.547917 0.1 0.216667
1 0.969531 0.801042 0.0609375 0.222917
1 0.853125 0.892708 0.24375 0.214583
1 0.96875 0.352083 0.0625 0.2
1 0.265625 0.516667 0.18125 0.266667
1 0.446094 0.667708 0.157813 0.214583
1 0.214062 0.0541667 0.159375 0.108333
1 0.715625 0.053125 0.140625 0.10625
1 0.264844 0.129167 0.182812 0.204167
1 0.872656 0.401042 0.164062 0.24375
1 0.046875 0.0916667 0.09375 0.183333
1 0.9375 0.11875 0.125 0.229167
1 0.0351562 0.626042 0.0703125 0.214583
1 0.65625 0.935417 0.184375 0.129167
1 0.0367187 0.86875 0.0734375 0.2625
1 0.303125 0.775 0.15 0.225
0 0.7375 0.638542 0.40625 0.497917
1 0.396094 0.913542 0.182812 0.172917
1 0.15625 0.839583 0.165625 0.245833
1 0.146094 0.516667 0.189063 0.216667
1 0.615625 0.341667 0.221875 0.204167
1 0.582812 0.134375 0.178125 0.210417
1 0.144531 0.294792 0.173438 0.210417
