1 0.742188 0.422917 0.159375 0.1875
1 0.910156 0.176042 0.173438 0.23125
1 0.0484375 0.835417 0.096875 0.204167
1 0.0289063 0.159375 0.0578125 0.222917
1 0.8 0.257292 0.15625 0.189583
1 0.35 0.7125 0.15625 0.208333
1 0.145313 0.883333 0.165625 0.2
1 0.907031 0.671875 0.151562 0.23125
1 0.246875 0.346875 0.178125 0.235417
1 0.0890625 0.327083 0.146875 0.204167
1 0.478125 0.71875 0.159375 0.2125
1 0.601562 0.510417 0.165625 0.225
1 0.75625 0.714583 0.175 0.208333
0 0.492969 0.178125 0.339063 0.35625
1 0.204688 0.6125 0.171875 0.2
