1 0.876562 0.960417 0.171875 0.0791667
1 0.2125 0.975 0.2 0.05
2 0.722656 0.945833 0.0984375 0.108333
1 0.385156 0.0666667 0.160938 0.129167
1 0.0570313 0.464583 0.114063 0.2125
1 0.0929687 0.475 0.185937 0.216667
1 0.117188 0.263542 0.190625 0.19375
1 0.379687 0.344792 0.109375 0.30625
1 0.0257812 0.897917 0.0515625 0.204167
1 0.91875 0.910417 0.1625 0.170833
1 0.282813 0.0770833 0.165625 0.154167
1 0.680469 0.0520833 0.157813 0.104167
1 0.236719 0.885417 0.151562 0.154167
1 0.616406 0.838542 0.176563 0.252083
1 0.417969 0.936458 0.185937 0.127083
1 0.332812 0.594792 0.165625 0.202083
1 0.950781 0.476042 0.0953125 0.222917
1 0.245312 0.7625 0.184375 0.216667
1 0.110156 0.147917 0.204688 0.229167
1 0.697656 0.225 0.157813 0.220833
0 0.553125 0.504167 0.36875 0.491667
1 0.921875 0.702083 0.15625 0.220833
1 0.817187 0.107292 0.165625 0.20625
1 0.422656 0.772917 0.173438 0.216667
1 0.529688 0.15625 0.15 0.220833
1 0.0710938 0.695833 0.142188 0.216667
1 0.259375 0.405208 0.146875 0.227083
1 0.834375 0.348958 0.18125 0.247917
1 0.75625 0.673958 0.1625 0.235417
