1 0.0695312 0.673958 0.132812 0.210417
2 0.422656 0.839583 0.0796875 0.104167
2 0.66875 0.225 0.065625 0.075
1 0.535937 0.564583 0.184375 0.241667
1 0.0671875 0.06875 0.134375 0.1375
1 0.0609375 0.61875 0.121875 0.270833
1 0.241406 0.03125 0.176563 0.0625
1 0.351562 0.592708 0.15625 0.16875
1 0.567187 0.05 0.165625 0.1
1 0.628906 0.0489583 0.239063 0.0979167
1 0.05 0.572917 0.1 0.204167
1 0.951563 0.754167 0.090625 0.183333
1 0.155469 0.226042 0.135937 0.214583
1 0.138281 0.096875 0.189063 0.189583
1 0.946875 0.491667 0.10625 0.233333
1 0.896875 0.614583 0.1625 0.195833
1 0.165625 0.825 0.18125 0.25
1 0.0648438 0.222917 0.129688 0.245833
1 0.458594 0.677083 0.170312 0.170833
1 0.873438 0.49375 0.146875 0.191667
1 0.823438 0.0729167 0.196875 0.145833
1 0.0398437 0.942708 0.0765625 0.110417
1 0.145313 0.54375 0.153125 0.279167
1 0.920313 0.242708 0.159375 0.252083
1 0.314844 0.9 0.164062 0.191667
1 0.614062 0.417708 0.165625 0.202083
1 0.714063 0.573958 0.178125 0.185417
0 0.311719 0.442708 0.201562 0.239583
0 0.573438 0.885417 0.240625 0.229167
1 0.898438 0.914583 0.159375 0.170833
