1 0.0637019 0.0384615 0.122596 0.0769231
1 0.980769 0.360577 0.0384615 0.235577
1 0.883413 0.221154 0.180288 0.235577
1 0.859375 0.197115 0.180288 0.225962
1 0.163462 0.84375 0.163462 0.173077
1 0.644231 0.965144 0.197115 0.0697115
1 0.675481 0.769231 0.192308 0.235577
1 0.947115 0.0456731 0.105769 0.0913462
1 0.805288 0.46274 0.173077 0.271635
1 0.481971 0.963942 0.15625 0.0721154
1 0.235577 0.597356 0.225962 0.165865
1 0.447115 0.597356 0.163462 0.28125
1 0.348558 0.145433 0.158654 0.189904
1 0.0564904 0.425481 0.112981 0.230769
1 0.078125 0.955529 0.15625 0.0889423
1 0.274038 0.0372596 0.158654 0.0745192
1 0.0709135 0.192308 0.141827 0.221154
1 0.192308 0.486779 0.168269 0.185096
1 0.346154 0.277644 0.173077 0.199519
1 0.91226 0.707933 0.165865 0.21875
1 0.322115 0.938702 0.173077 0.122596
1 0.840144 0.913462 0.175481 0.173077
1 0.284856 0.722356 0.170673 0.223558
0 0.622596 0.295673 0.365385 0.403846
1 0.18149 0.263221 0.161058 0.21875
