1 0.960156 0.935417 0.0796875 0.129167
1 0.199219 0.453125 0.164062 0.302083
1 0.477344 0.95 0.189063 0.1
1 0.065625 0.971875 0.13125 0.05625
1 0.0203125 0.588542 0.040625 0.222917
1 0.835938 0.4625 0.18125 0.266667
1 0.967969 0.746875 0.0640625 0.26875
1 0.560156 0.725 0.179688 0.25
1 0.522656 0.929167 0.176563 0.1375
1 0.846094 0.0583333 0.185937 0.116667
1 0.959375 0.525 0.078125 0.2125
1 0.708594 0.958333 0.198437 0.0833333
1 0.0703125 0.794792 0.1375 0.285417
1 0.0625 0.347917 0.125 0.304167
1 0.14375 0.122917 0.14375 0.245833
1 0.701563 0.317708 0.190625 0.222917
1 0.272656 0.697917 0.151562 0.2125
0 0.353906 0.253125 0.364062 0.464583
1 0.667188 0.108333 0.178125 0.216667
1 0.436719 0.560417 0.192188 0.204167
1 0.647656 0.527083 0.164062 0.204167
1 0.188281 0.90625 0.167187 0.1875
1 0.422656 0.780208 0.167187 0.21875
1 0.824219 0.855208 0.179688 0.210417
