1 0.382031 0.0260417 0.214062 0.0479167
1 0.652344 0.239583 0.142188 0.208333
1 0.0742188 0.880208 0.145313 0.222917
1 0.327344 0.498958 0.176563 0.210417
1 0.725 0.0552083 0.1625 0.10625
1 0.6 0.538542 0.14375 0.214583
1 0.223438 0.441667 0.15 0.158333
1 0.1125 0.483333 0.11875 0.166667
1 0.0304688 0.453125 0.0609375 0.252083
1 0.965625 0.0885417 0.06875 0.177083
1 0.936719 0.623958 0.123438 0.20625
1 0.5625 0.136458 0.20625 0.272917
1 0.125 0.113542 0.1875 0.21875
1 0.860156 0.2125 0.185937 0.275
1 0.208594 0.610417 0.164062 0.258333
1 0.0789063 0.819792 0.157813 0.289583
1 0.475781 0.496875 0.160938 0.235417
1 0.715625 0.558333 0.15 0.166667
1 0.0828125 0.311458 0.15 0.210417
1 0.746875 0.93125 0.15 0.1375
1 0.844531 0.594792 0.179688 0.189583
1 0.309375 0.258333 0.175 0.208333
1 0.926562 0.385417 0.146875 0.216667
0 0.309375 0.847917 0.19375 0.2875
