1 0.742969 0.065625 0.145313 0.127083
2 0.439844 0.795833 0.0578125 0.1
1 0.929688 0.760417 0.128125 0.254167
1 0.5125 0.978125 0.225 0.04375
1 0.609375 0.025 0.2375 0.0458333
1 0.93125 0.389583 0.13125 0.220833
2 0.767969 0.572917 0.0609375 0.104167
1 0.689062 0.859375 0.184375 0.24375
1 0.864844 0.913542 0.210938 0.172917
1 0.95625 0.93125 0.0875 0.129167
1 0.98125 0.539583 0.0375 0.195833
1 0.434375 0.034375 0.20625 0.06875
1 0.539062 0.328125 0.1375 0.29375
1 0.0320312 0.722917 0.0640625 0.2
1 0.942969 0.653125 0.110937 0.25625
1 0.958594 0.101042 0.0796875 0.19375
1 0.671094 0.170833 0.179688 0.241667
1 0.946875 0.244792 0.1 0.264583
1 0.735937 0.8 0.190625 0.229167
1 0.685156 0.434375 0.154687 0.185417
1 0.0703125 0.9125 0.140625 0.175
1 0.065625 0.747917 0.13125 0.241667
1 0.467969 0.552083 0.170312 0.2625
1 0.829687 0.385417 0.165625 0.2375
1 0.0828125 0.429167 0.146875 0.195833
0 0.34375 0.31875 0.265625 0.275
