1 0.496875 0.3 0.14375 0.208333
1 0.439844 0.0333333 0.148438 0.0666667
1 0.926562 0.471875 0.128125 0.235417
1 0.960938 0.0458333 0.078125 0.0916667
1 0.778125 0.4875 0.1625 0.266667
1 0.409375 0.211458 0.1625 0.189583
1 0.040625 0.2375 0.078125 0.1875
1 0.734375 0.071875 0.19375 0.14375
1 0.7375 0.264583 0.18125 0.204167
1 0.0273438 0.807292 0.0546875 0.23125
1 0.0289063 0.6 0.0578125 0.2
1 0.907812 0.59375 0.165625 0.1875
1 0.436719 0.892708 0.198437 0.214583
1 0.046875 0.10625 0.09375 0.183333
1 0.5375 0.084375 0.16875 0.16875
1 0.610937 0.3625 0.190625 0.208333
1 0.389844 0.407292 0.157813 0.222917
1 0.908594 0.928125 0.167187 0.14375
1 0.283594 0.911458 0.148438 0.177083
0 0.572656 0.639583 0.348437 0.4375
1 0.304688 0.68125 0.15625 0.2
1 0.792969 0.773958 0.176563 0.235417
1 0.145313 0.628125 0.165625 0.227083
1 0.166406 0.25 0.160938 0.216667
