1 0.21875 0.716667 0.15 0.175
1 0.909375 0.93125 0.1625 0.1375
1 0.178906 0.246875 0.148438 0.260417
1 0.764063 0.279167 0.159375 0.2
1 0.05 0.251042 0.096875 0.197917
1 0.94375 0.394792 0.109375 0.235417
1 0.495313 0.919792 0.171875 0.160417
1 0.760938 0.0708333 0.146875 0.141667
1 0.0710938 0.676042 0.142188 0.214583
1 0.740625 0.846875 0.1625 0.189583
1 0.464844 0.525 0.176563 0.191667
1 0.09375 0.914583 0.178125 0.170833
1 0.926562 0.185417 0.146875 0.191667
1 0.622656 0.134375 0.151562 0.21875
0 0.411719 0.248958 0.357812 0.452083
