1 0.839063 0.958333 0.159375 0.0833333
1 0.374219 0.546875 0.179688 0.222917
1 0.477344 0.6 0.182812 0.2125
1 0.327344 0.789583 0.154687 0.258333
1 0.451562 0.0885417 0.140625 0.177083
1 0.675781 0.413542 0.182812 0.23125
1 0.246875 0.290625 0.175 0.239583
0 0.704687 0.7375 0.315625 0.441667
1 0.053125 0.539583 0.10625 0.254167
1 0.879687 0.528125 0.165625 0.202083
1 0.826563 0.31875 0.159375 0.216667
1 0.340625 0.352083 0.175 0.225
1 0.307813 0.0989583 0.15 0.189583
1 0.171875 0.748958 0.16875 0.21875
