1 0.307031 0.809375 0.164062 0.20625
1 0.208594 0.955208 0.173438 0.0895833
1 0.757031 0.232292 0.176563 0.252083
1 0.0796875 0.090625 0.15625 0.18125
1 0.6625 0.870833 0.159375 0.245833
1 0.0625 0.595833 0.125 0.225
1 0.807031 0.88125 0.192188 0.229167
1 0.0515625 0.29375 0.103125 0.229167
1 0.903125 0.419792 0.16875 0.21875
1 0.964063 0.895833 0.071875 0.204167
1 0.567969 0.0489583 0.139062 0.0979167
1 0.935156 0.071875 0.129688 0.14375
1 0.492188 0.707292 0.171875 0.235417
1 0.19375 0.286458 0.13125 0.210417
1 0.64375 0.636458 0.19375 0.21875
1 0.06875 0.891667 0.1375 0.2125
0 0.366406 0.458333 0.285937 0.4375
