1 0.319531 0.841667 0.151562 0.2125
1 0.760156 0.672917 0.182812 0.229167
1 0.224219 0.0302083 0.123438 0.0604167
1 0.285156 0.970833 0.142188 0.0583333
1 0.015625 0.817708 0.03125 0.202083
1 0.885156 0.735417 0.176563 0.2125
1 0.735156 0.655208 0.167187 0.214583
1 0.391406 0.319792 0.145313 0.164583
1 0.961719 0.908333 0.0765625 0.183333
1 0.919531 0.0989583 0.157813 0.172917
1 0.084375 0.0291667 0.15 0.0541667
1 0.814062 0.922917 0.209375 0.154167
1 0.903125 0.448958 0.175 0.214583
1 0.475 0.5375 0.19375 0.233333
1 0.667188 0.138542 0.203125 0.277083
1 0.246094 0.19375 0.148438 0.195833
1 0.353906 0.7 0.164062 0.158333
1 0.0320312 0.590625 0.0640625 0.260417
1 0.75 0.388542 0.15625 0.20625
1 0.664844 0.375 0.148438 0.183333
1 0.410937 0.895833 0.1875 0.208333
1 0.311719 0.460417 0.135937 0.1875
1 0.564844 0.808333 0.176563 0.258333
0 0.438281 0.123958 0.326562 0.247917
1 0.914844 0.225 0.170312 0.208333
1 0.125781 0.246875 0.157813 0.210417
1 0.148438 0.53125 0.165625 0.25
1 0.157031 0.902083 0.179688 0.195833
