1 0.52524 0.836538 0.170673 0.192308
1 0.0661058 0.668269 0.132212 0.216346
1 0.0504808 0.391827 0.0961538 0.201923
1 0.914663 0.126202 0.165865 0.228365
1 0.77524 0.198317 0.151442 0.15625
1 0.742788 0.429087 0.153846 0.252404
1 0.0661058 0.161058 0.132212 0.235577
1 0.740385 0.742788 0.163462 0.206731
1 0.616587 0.078125 0.223558 0.15625
1 0.222356 0.861779 0.165865 0.223558
0 0.543269 0.544471 0.225962 0.286058
1 0.859375 0.877404 0.194712 0.225962
1 0.415865 0.188702 0.177885 0.213942
1 0.897837 0.534856 0.151442 0.185096
1 0.264423 0.633413 0.173077 0.209135
1 0.112981 0.518029 0.201923 0.262019
1 0.251202 0.227163 0.185096 0.185096
