1 0.028125 0.222917 0.05625 0.304167
1 0.941406 0.922917 0.117188 0.154167
1 0.388281 0.9625 0.148438 0.075
1 0.484375 0.485417 0.1875 0.2375
1 0.9375 0.28125 0.11875 0.225
1 0.600781 0.0770833 0.179688 0.154167
0 0.384375 0.163542 0.340625 0.322917
1 0.567969 0.492708 0.117188 0.260417
1 0.327344 0.832292 0.185937 0.20625
1 0.675 0.928125 0.15625 0.14375
1 0.313281 0.386458 0.198437 0.239583
1 0.833594 0.891667 0.154687 0.216667
1 0.725781 0.725 0.167187 0.225
1 0.65 0.247917 0.175 0.241667
1 0.301562 0.626042 0.1875 0.23125
1 0.864844 0.558333 0.182812 0.241667
1 0.513281 0.864583 0.179688 0.245833
