1 0.94375 0.904167 0.103125 0.141667
1 0.170312 0.0208333 0.15 0.0416667
1 0.0125 0.1125 0.021875 0.191667
1 0.109375 0.1 0.153125 0.183333
1 0.814062 0.0541667 0.190625 0.108333
1 0.341406 0.960417 0.123438 0.0791667
1 0.0171875 0.684375 0.034375 0.202083
1 0.746094 0.690625 0.120312 0.147917
1 0.959375 0.28125 0.08125 0.191667
1 0.7375 0.70625 0.14375 0.204167
1 0.0820312 0.714583 0.151562 0.2125
1 0.734375 0.922917 0.1625 0.154167
1 0.257812 0.702083 0.15 0.1875
1 0.075 0.896875 0.146875 0.20625
1 0.960938 0.136458 0.078125 0.24375
1 0.450781 0.31875 0.201562 0.254167
1 0.135156 0.1875 0.123438 0.175
1 0.217187 0.886458 0.13125 0.210417
1 0.864062 0.884375 0.165625 0.214583
1 0.792188 0.239583 0.140625 0.225
1 0.05 0.484375 0.1 0.214583
1 0.688281 0.413542 0.173438 0.28125
1 0.509375 0.161458 0.175 0.202083
0 0.500781 0.796875 0.367188 0.40625
1 0.142969 0.555208 0.129688 0.172917
1 0.305469 0.166667 0.189063 0.1875
1 0.895312 0.664583 0.1875 0.229167
