1 0.979688 0.078125 0.040625 0.152083
2 0.882812 0.889583 0.053125 0.0875
1 0.534375 0.676042 0.228125 0.264583
1 0.757812 0.746875 0.190625 0.20625
1 0.54375 0.486458 0.203125 0.227083
1 0.492188 0.138542 0.140625 0.202083
1 0.647656 0.158333 0.192188 0.233333
1 0.567969 0.6875 0.160938 0.241667
1 0.904688 0.071875 0.171875 0.139583
1 0.084375 0.046875 0.16875 0.0895833
1 0.721094 0.722917 0.157813 0.233333
1 0.346875 0.075 0.20625 0.145833
1 0.942187 0.447917 0.109375 0.425
1 0.0460938 0.869792 0.0890625 0.239583
1 0.809375 0.238542 0.1625 0.23125
1 0.954687 0.904167 0.090625 0.191667
1 0.846875 0.642708 0.175 0.210417
1 0.416406 0.747917 0.167187 0.195833
1 0.0875 0.78125 0.1625 0.208333
0 0.378906 0.301042 0.217187 0.277083
1 0.682031 0.35625 0.148438 0.183333
