1 0.505469 0.954167 0.126563 0.0833333
1 0.805469 0.852083 0.135937 0.170833
1 0.828906 0.626042 0.142188 0.18125
1 0.146094 0.430208 0.182812 0.20625
1 0.316406 0.285417 0.217187 0.2625
1 0.107813 0.0510417 0.14375 0.102083
1 0.338281 0.969792 0.170312 0.0604167
2 0.357812 0.910417 0.059375 0.0666667
1 0.986719 0.383333 0.0265625 0.233333
1 0.985937 0.505208 0.028125 0.210417
2 0.655469 0.0739583 0.0734375 0.147917
1 0.485938 0.891667 0.146875 0.1875
1 0.380469 0.35625 0.173438 0.204167
1 0.985937 0.651042 0.028125 0.202083
1 0.4875 0.344792 0.13125 0.21875
1 0.0570313 0.8875 0.110937 0.195833
1 0.830469 0.741667 0.132812 0.1875
1 0.160938 0.39375 0.190625 0.2625
1 0.765625 0.130208 0.18125 0.235417
1 0.773438 0.461458 0.165625 0.19375
1 0.0414063 0.907292 0.0828125 0.172917
1 0.7875 0.844792 0.1625 0.210417
1 0.158594 0.921875 0.154687 0.152083
1 0.7375 0.579167 0.171875 0.208333
1 0.250781 0.927083 0.151562 0.145833
0 0.955469 0.111458 0.0890625 0.222917
1 0.0585938 0.15 0.117188 0.208333
1 0.025 0.64375 0.05 0.2
1 0.5875 0.364583 0.15625 0.216667
1 0.482031 0.139583 0.204688 0.220833
1 0.914062 0.748958 0.13125 0.18125
1 0.2125 0.107292 0.171875 0.210417
1 0.842969 0.315625 0.179688 0.222917
0 0.544531 0.6125 0.254687 0.316667
