1 0.59375 0.60625 0.15625 0.2125
1 0.914062 0.958333 0.159375 0.0833333
1 0.325 0.520833 0.1875 0.220833
1 0.720312 0.371875 0.171875 0.247917
1 0.532812 0.564583 0.20625 0.233333
1 0.717969 0.417708 0.189063 0.247917
1 0.0164062 0.713542 0.0328125 0.302083
1 0.0671875 0.084375 0.128125 0.16875
1 0.400781 0.953125 0.220313 0.09375
1 0.0585938 0.245833 0.117188 0.283333
1 0.93125 0.825 0.134375 0.208333
1 0.0859375 0.90625 0.153125 0.179167
1 0.1625 0.432292 0.171875 0.25625
1 0.758594 0.675 0.195312 0.195833
1 0.113281 0.704167 0.151562 0.204167
1 0.847656 0.1875 0.185937 0.254167
0 0.491406 0.192708 0.367188 0.385417
1 0.308594 0.779167 0.226562 0.266667
1 0.716406 0.08125 0.173438 0.1625
1 0.196875 0.153125 0.16875 0.21875
1 0.910937 0.513542 0.178125 0.272917
1 0.559375 0.821875 0.1875 0.235417
