1 0.116587 0.941106 0.194712 0.117788
1 0.308894 0.454327 0.165865 0.221154
1 0.0204327 0.3125 0.0408654 0.288462
1 0.737981 0.0901442 0.245192 0.180288
1 0.96274 0.895433 0.0745192 0.199519
1 0.292067 0.894231 0.170673 0.192308
1 0.0997596 0.90625 0.194712 0.182692
1 0.262019 0.507212 0.216346 0.206731
1 0.361779 0.241587 0.161058 0.185096
1 0.185096 0.247596 0.182692 0.216346
1 0.602163 0.705529 0.180288 0.247596
1 0.168269 0.0649038 0.158654 0.129808
1 0.0817308 0.665865 0.153846 0.25
1 0.794471 0.875 0.228365 0.216346
1 0.570913 0.925481 0.170673 0.144231
1 0.344952 0.110577 0.165865 0.211538
1 0.0444712 0.0985577 0.0841346 0.192308
1 0.356971 0.695913 0.170673 0.204327
1 0.919471 0.323317 0.161058 0.209135
1 0.456731 0.830529 0.163462 0.21875
0 0.574519 0.354567 0.379808 0.497596
1 0.778846 0.645433 0.1875 0.223558
1 0.918269 0.542067 0.163462 0.223558
