1 0.053125 0.620833 0.10625 0.208333
1 0.295312 0.63125 0.1875 0.204167
1 0.385156 0.709375 0.189063 0.24375
1 0.321875 0.0770833 0.16875 0.154167
1 0.910156 0.221875 0.179688 0.202083
1 0.960156 0.904167 0.0796875 0.191667
1 0.950781 0.519792 0.0953125 0.302083
1 0.932813 0.0666667 0.128125 0.133333
1 0.065625 0.129167 0.13125 0.258333
1 0.0898438 0.935417 0.173438 0.120833
1 0.0351562 0.627083 0.0703125 0.204167
1 0.140625 0.623958 0.15625 0.24375
1 0.679688 0.905208 0.178125 0.18125
1 0.521875 0.834375 0.184375 0.239583
1 0.845312 0.922917 0.153125 0.154167
1 0.875 0.720833 0.175 0.275
1 0.05 0.81875 0.1 0.191667
1 0.714844 0.084375 0.192188 0.16875
1 0.69375 0.258333 0.19375 0.2375
1 0.857031 0.453125 0.182812 0.272917
0 0.246094 0.33125 0.354688 0.445833
1 0.515625 0.5625 0.16875 0.233333
1 0.696875 0.513542 0.15625 0.24375
