1 0.942187 0.729167 0.103125 0.175
1 0.527344 0.69375 0.164062 0.204167
1 0.788281 0.320833 0.142188 0.170833
1 0.898438 0.421875 0.146875 0.172917
1 0.725781 0.4375 0.132812 0.1625
1 0.145313 0.176042 0.16875 0.210417
1 0.644531 0.669792 0.154687 0.177083
1 0.803906 0.3875 0.151562 0.2
1 0.475 0.26875 0.15625 0.208333
1 0.0640625 0.25 0.128125 0.241667
1 0.873438 0.708333 0.128125 0.158333
1 0.880469 0.0364583 0.157813 0.06875
1 0.265625 0.748958 0.171875 0.177083
1 0.0140625 0.507292 0.025 0.197917
1 0.6 0.234375 0.18125 0.26875
1 0.252344 0.1 0.157813 0.2
1 0.696094 0.70625 0.164062 0.2375
1 0.0195312 0.7875 0.0390625 0.2
1 0.096875 0.928125 0.165625 0.14375
1 0.967188 0.190625 0.065625 0.235417
1 0.373437 0.805208 0.178125 0.214583
1 0.228906 0.891667 0.182812 0.195833
1 0.472656 0.939583 0.129688 0.120833
1 0.588281 0.283333 0.185937 0.2
1 0.823438 0.594792 0.178125 0.20625
1 0.964063 0.741667 0.071875 0.175
1 0.424219 0.130208 0.157813 0.239583
1 0.116406 0.734375 0.148438 0.227083
1 0.646094 0.489583 0.151562 0.179167
0 0.317969 0.469792 0.329688 0.460417
