1 0.964844 0.419792 0.0703125 0.189583
1 0.342969 0.329167 0.173438 0.208333
1 0.385156 0.410417 0.154687 0.1875
1 0.325781 0.63125 0.207813 0.283333
1 0.632031 0.703125 0.170312 0.18125
1 0.504687 0.677083 0.171875 0.245833
1 0.710156 0.378125 0.176563 0.210417
1 0.798437 0.340625 0.146875 0.185417
1 0.873438 0.305208 0.165625 0.222917
1 0.366406 0.108333 0.185937 0.216667
1 0.2625 0.772917 0.15 0.2125
1 0.1 0.165625 0.159375 0.210417
1 0.907812 0.552083 0.171875 0.179167
1 0.128906 0.838542 0.179688 0.214583
1 0.725781 0.0864583 0.207813 0.164583
1 0.133594 0.446875 0.173438 0.19375
1 0.461719 0.819792 0.164062 0.214583
1 0.616406 0.222917 0.195312 0.229167
0 0.866406 0.795833 0.267188 0.408333
