1 0.0414063 0.0666667 0.0796875 0.129167
1 0.619531 0.971875 0.110937 0.05625
2 0.040625 0.0708333 0.078125 0.1125
1 0.98125 0.386458 0.0375 0.197917
1 0.0179687 0.605208 0.0359375 0.24375
1 0.18125 0.0520833 0.19375 0.104167
1 0.0976562 0.4125 0.192188 0.2625
1 0.515625 0.689583 0.21875 0.2125
1 0.267969 0.597917 0.182812 0.179167
1 0.532031 0.869792 0.173438 0.210417
1 0.380469 0.084375 0.170312 0.16875
1 0.726562 0.0729167 0.159375 0.145833
0 0.388281 0.394792 0.420312 0.489583
1 0.540625 0.146875 0.1625 0.20625
1 0.685938 0.375 0.190625 0.241667
1 0.314063 0.81875 0.228125 0.270833
1 0.107031 0.227083 0.179688 0.216667
1 0.927344 0.557292 0.145313 0.23125
1 0.710938 0.876042 0.171875 0.239583
1 0.878125 0.285417 0.171875 0.258333
1 0.873438 0.786458 0.178125 0.23125
