1 0.305469 0.961458 0.176563 0.0770833
1 0.189063 0.529167 0.16875 0.191667
1 0.0320312 0.758333 0.0640625 0.216667
1 0.405469 0.251042 0.182812 0.202083
1 0.0273438 0.0927083 0.0546875 0.185417
1 0.74375 0.354167 0.175 0.208333
1 0.963281 0.508333 0.0734375 0.216667
1 0.959375 0.06875 0.08125 0.1375
1 0.442187 0.634375 0.165625 0.222917
1 0.127344 0.190625 0.160938 0.26875
1 0.5625 0.194792 0.14375 0.202083
0 0.546875 0.8625 0.33125 0.275
1 0.183594 0.420833 0.157813 0.208333
1 0.186719 0.734375 0.164062 0.20625
1 0.6375 0.411458 0.153125 0.23125
1 0.650781 0.059375 0.157813 0.114583
1 0.417969 0.441667 0.189063 0.216667
1 0.276563 0.135417 0.125 0.195833
1 0.190625 0.873958 0.184375 0.19375
1 0.902344 0.30625 0.192188 0.241667
1 0.34375 0.79375 0.165625 0.266667
1 0.0515625 0.422917 0.103125 0.241667
1 0.79375 0.117708 0.15625 0.222917
1 0.775781 0.570833 0.167187 0.233333
1 0.757812 0.807292 0.171875 0.185417
1 0.922656 0.855208 0.154687 0.210417
