1 0.720312 0.598958 0.153125 0.202083
1 0.216406 0.917708 0.148438 0.160417
1 0.028125 0.117708 0.05625 0.19375
1 0.946875 0.233333 0.10625 0.191667
1 0.571094 0.065625 0.139062 0.13125
1 0.255469 0.0875 0.179688 0.175
1 0.121875 0.225 0.15625 0.225
1 0.671875 0.3875 0.16875 0.225
1 0.636719 0.825 0.154687 0.195833
1 0.775781 0.873958 0.157813 0.19375
1 0.0695312 0.557292 0.135937 0.202083
1 0.621094 0.595833 0.154687 0.204167
1 0.739062 0.0833333 0.171875 0.166667
1 0.317187 0.4 0.153125 0.216667
1 0.182812 0.735417 0.15 0.2375
1 0.510156 0.369792 0.173438 0.24375
0 0.3875 0.683333 0.3125 0.404167
