1 0.090625 0.875 0.178125 0.208333
1 0.102344 0.90625 0.176563 0.1875
1 0.932031 0.946875 0.135937 0.10625
1 0.470313 0.734375 0.1625 0.21875
1 0.35625 0.6625 0.15625 0.216667
1 0.447656 0.654167 0.157813 0.229167
1 0.410937 0.978125 0.178125 0.04375
1 0.671875 0.219792 0.159375 0.227083
1 0.549219 0.0322917 0.167187 0.0645833
1 0.0476562 0.046875 0.0921875 0.09375
1 0.0179687 0.585417 0.0328125 0.2375
1 0.0210938 0.313542 0.0421875 0.19375
1 0.19375 0.0364583 0.20625 0.0729167
1 0.610156 0.635417 0.157813 0.275
1 0.882031 0.0354167 0.176563 0.0708333
1 0.964063 0.485417 0.071875 0.225
1 0.385938 0.0635417 0.190625 0.127083
1 0.325781 0.379167 0.157813 0.2125
1 0.920313 0.213542 0.15 0.25625
1 0.745313 0.947917 0.184375 0.104167
1 0.0664062 0.834375 0.129688 0.197917
1 0.596094 0.179167 0.157813 0.25
1 0.49375 0.38125 0.159375 0.2125
1 0.783594 0.151042 0.126563 0.19375
1 0.0882813 0.458333 0.173438 0.245833
1 0.433594 0.196875 0.185937 0.210417
1 0.608594 0.413542 0.185937 0.202083
1 0.871875 0.419792 0.15625 0.189583
1 0.213281 0.785417 0.151562 0.204167
1 0.263281 0.477083 0.179688 0.220833
1 0.0929687 0.194792 0.160938 0.214583
1 0.613281 0.89375 0.154687 0.208333
1 0.335938 0.878125 0.15625 0.20625
0 0.855469 0.754167 0.289062 0.416667
