1 0.951563 0.021875 0.096875 0.04375
1 0.970312 0.810417 0.059375 0.35
1 0.816406 0.975 0.185937 0.05
1 0.978125 0.48125 0.04375 0.183333
1 0.264062 0.454167 0.140625 0.191667
1 0.195312 0.0541667 0.14375 0.108333
1 0.446094 0.438542 0.151562 0.20625
1 0.0171875 0.234375 0.034375 0.19375
1 0.560156 0.9375 0.207813 0.125
1 0.207031 0.464583 0.160938 0.2
1 0.709375 0.8 0.15625 0.283333
1 0.9625 0.1375 0.075 0.179167
1 0.9625 0.3375 0.075 0.2
1 0.0320312 0.7875 0.0640625 0.208333
1 0.56875 0.0447917 0.20625 0.0895833
1 0.0578125 0.06875 0.115625 0.1375
1 0.535937 0.433333 0.15625 0.204167
1 0.692187 0.541667 0.178125 0.216667
1 0.0382813 0.467708 0.0765625 0.28125
1 0.100781 0.264583 0.135937 0.266667
1 0.589063 0.639583 0.18125 0.191667
1 0.876562 0.7375 0.15 0.216667
0 0.173438 0.890625 0.346875 0.21875
1 0.078125 0.689583 0.15625 0.225
1 0.260156 0.666667 0.204688 0.220833
1 0.509375 0.773958 0.15 0.185417
1 0.382812 0.861458 0.165625 0.210417
1 0.514063 0.214583 0.159375 0.204167
1 0.299219 0.280208 0.160938 0.172917
1 0.857813 0.4375 0.184375 0.25
1 0.754687 0.151042 0.1625 0.185417
1 0.363281 0.101042 0.204688 0.202083
