1 0.538462 0.0276442 0.173077 0.0552885
1 0.68149 0.94351 0.161058 0.112981
1 0.0288462 0.610577 0.0576923 0.322115
1 0.926683 0.945913 0.137019 0.108173
1 0.0168269 0.078125 0.0336538 0.15625
1 0.813702 0.0745192 0.175481 0.149038
1 0.617788 0.314904 0.240385 0.235577
1 0.961538 0.658654 0.0769231 0.259615
1 0.170673 0.705529 0.139423 0.223558
1 0.814904 0.927885 0.153846 0.144231
1 0.71875 0.159856 0.230769 0.213942
1 0.703125 0.796875 0.165865 0.21875
1 0.433894 0.902644 0.161058 0.185096
1 0.28726 0.421875 0.141827 0.189904
1 0.123798 0.829327 0.165865 0.201923
1 0.808894 0.367788 0.141827 0.168269
1 0.237981 0.0697115 0.149038 0.139423
1 0.13101 0.632212 0.161058 0.240385
1 0.204327 0.248798 0.1875 0.185096
1 0.399038 0.0877404 0.182692 0.175481
1 0.403846 0.34375 0.163462 0.235577
1 0.0661058 0.241587 0.132212 0.204327
1 0.294471 0.805288 0.170673 0.1875
0 0.526442 0.639423 0.336538 0.360577
