1 0.9 0.792708 0.14375 0.177083
1 0.321094 0.595833 0.189063 0.245833
1 0.2125 0.939583 0.1875 0.120833
2 0.0484375 0.257292 0.059375 0.0854167
1 0.6375 0.03125 0.18125 0.0625
1 0.830469 0.0666667 0.226562 0.133333
1 0.948438 0.0916667 0.103125 0.179167
1 0.388281 0.904167 0.198437 0.191667
1 0.964063 0.708333 0.071875 0.225
1 0.682813 0.941667 0.171875 0.116667
1 0.438281 0.703125 0.157813 0.160417
1 0.528125 0.70625 0.14375 0.179167
1 0.657812 0.677083 0.165625 0.2375
1 0.878125 0.94375 0.196875 0.1125
1 0.113281 0.909375 0.135937 0.172917
1 0.5125 0.854167 0.140625 0.170833
0 0.0796875 0.6 0.159375 0.266667
1 0.139844 0.439583 0.170312 0.154167
1 0.851562 0.576042 0.1875 0.260417
1 0.680469 0.405208 0.167187 0.210417
1 0.453906 0.154167 0.192188 0.233333
