2 0.246875 0.473958 0.05625 0.0770833
1 0.497656 0.210417 0.185937 0.2
1 0.474219 0.188542 0.157813 0.19375
1 0.021875 0.939583 0.04375 0.120833
1 0.953906 0.783333 0.0890625 0.25
1 0.35 0.948958 0.18125 0.102083
1 0.160156 0.938542 0.182812 0.122917
1 0.610937 0.945833 0.178125 0.108333
1 0.796094 0.09375 0.126563 0.183333
1 0.675 0.3875 0.190625 0.166667
1 0.520312 0.241667 0.171875 0.1875
1 0.18125 0.75 0.18125 0.2
1 0.953125 0.511458 0.09375 0.20625
1 0.0476562 0.260417 0.0953125 0.1875
1 0.85625 0.914583 0.175 0.170833
1 0.732813 0.1875 0.121875 0.175
1 0.386719 0.610417 0.170312 0.308333
1 0.610156 0.0822917 0.173438 0.164583
1 0.932813 0.141667 0.134375 0.208333
0 0.707031 0.678125 0.370313 0.452083
1 0.503125 0.820833 0.16875 0.233333
1 0.850781 0.314583 0.167187 0.208333
1 0.1375 0.39375 0.184375 0.233333
1 0.192969 0.61875 0.176563 0.225
1 0.51875 0.464583 0.1625 0.229167
1 0.199219 0.170833 0.204688 0.241667
