1 0.986719 0.154167 0.0265625 0.225
1 0.226562 0.0354167 0.1875 0.0708333
1 0.440625 0.0364583 0.196875 0.0729167
1 0.332812 0.126042 0.165625 0.20625
1 0.382812 0.969792 0.18125 0.0604167
1 0.873438 0.423958 0.171875 0.260417
1 0.551562 0.958333 0.165625 0.0833333
1 0.141406 0.886458 0.201562 0.227083
1 0.942187 0.821875 0.115625 0.277083
1 0.821875 0.0708333 0.153125 0.141667
1 0.621094 0.10625 0.151562 0.1875
1 0.784375 0.647917 0.1875 0.225
1 0.407031 0.603125 0.160938 0.172917
1 0.0359375 0.208333 0.071875 0.245833
0 0.45 0.320833 0.334375 0.454167
1 0.729688 0.2625 0.209375 0.2
1 0.6 0.558333 0.14375 0.208333
1 0.0742188 0.65625 0.148438 0.2375
1 0.796094 0.88125 0.173438 0.220833
1 0.5375 0.754167 0.19375 0.195833
1 0.359375 0.823958 0.184375 0.227083
1 0.204688 0.345833 0.16875 0.25
