1 0.965625 0.171875 0.06875 0.19375
1 0.420312 0.5625 0.16875 0.191667
1 0.325 0.404167 0.15 0.220833
1 0.219531 0.195833 0.148438 0.254167
1 0.898438 0.948958 0.165625 0.102083
1 0.126563 0.901042 0.165625 0.177083
1 0.317187 0.184375 0.153125 0.19375
1 0.852344 0.0927083 0.164062 0.185417
1 0.94375 0.735417 0.1125 0.220833
1 0.95625 0.523958 0.0875 0.185417
1 0.034375 0.654167 0.06875 0.191667
1 0.428125 0.932292 0.15 0.13125
1 0.0929687 0.0885417 0.139062 0.177083
1 0.139062 0.739583 0.13125 0.1875
1 0.851562 0.6375 0.128125 0.1875
1 0.816406 0.829167 0.164062 0.2
0 0.532031 0.313542 0.357812 0.43125
1 0.282031 0.691667 0.182812 0.2625
1 0.789844 0.432292 0.142188 0.185417
