1 0.784856 0.361779 0.165865 0.180288
1 0.807692 0.319712 0.206731 0.269231
1 0.489183 0.945913 0.175481 0.103365
1 0.366587 0.0384615 0.204327 0.0769231
1 0.0889423 0.0240385 0.177885 0.0480769
1 0.877404 0.34976 0.134615 0.199519
2 0.230769 0.242788 0.0673077 0.0913462
1 0.222356 0.0985577 0.185096 0.182692
1 0.0697115 0.588942 0.139423 0.197115
1 0.0709135 0.450721 0.132212 0.276442
1 0.0564904 0.299279 0.112981 0.21875
1 0.253606 0.831731 0.165865 0.182692
1 0.304087 0.735577 0.165865 0.177885
1 0.454327 0.798077 0.149038 0.216346
1 0.174279 0.456731 0.117788 0.25
1 0.390625 0.930288 0.15625 0.134615
2 0.715144 0.870192 0.0793269 0.110577
1 0.189904 0.0901442 0.153846 0.180288
1 0.653846 0.353365 0.139423 0.1875
1 0.411058 0.116587 0.158654 0.209135
1 0.213942 0.604567 0.177885 0.204327
1 0.959135 0.608173 0.0817308 0.254808
1 0.522837 0.740385 0.223558 0.149038
1 0.920673 0.0769231 0.158654 0.153846
1 0.78726 0.264423 0.15625 0.211538
1 0.783654 0.0733173 0.168269 0.141827
1 0.515625 0.213942 0.199519 0.192308
1 0.545673 0.0697115 0.153846 0.139423
1 0.111779 0.93149 0.180288 0.137019
1 0.668269 0.543269 0.197115 0.216346
0 0.36899 0.435096 0.358173 0.475962
1 0.836538 0.870192 0.173077 0.245192
