1 0.771094 0.040625 0.176563 0.0770833
1 0.0375 0.455208 0.075 0.235417
1 0.954687 0.0572917 0.090625 0.114583
1 0.675781 0.948958 0.179688 0.102083
1 0.232812 0.935417 0.184375 0.125
1 0.442969 0.925 0.151562 0.15
1 0.264062 0.0885417 0.18125 0.177083
1 0.661719 0.485417 0.167187 0.245833
1 0.883594 0.883333 0.170312 0.225
1 0.680469 0.2375 0.154687 0.220833
1 0.0898438 0.108333 0.164062 0.195833
1 0.078125 0.7625 0.15625 0.229167
1 0.209375 0.660417 0.1625 0.225
1 0.117969 0.3 0.164062 0.220833
1 0.515625 0.746875 0.1625 0.21875
0 0.367188 0.398958 0.346875 0.489583
1 0.701563 0.717708 0.184375 0.235417
1 0.346875 0.813542 0.159375 0.197917
1 0.51875 0.125 0.18125 0.229167
