1 0.429688 0.342708 0.153125 0.21875
1 0.06875 0.948958 0.1375 0.102083
1 0.539062 0.0708333 0.1625 0.141667
1 0.589063 0.26875 0.146875 0.241667
1 0.278125 0.922917 0.1375 0.154167
1 0.929688 0.94375 0.140625 0.1125
1 0.297656 0.0635417 0.154687 0.127083
1 0.423438 0.140625 0.15625 0.214583
1 0.814062 0.547917 0.128125 0.1625
1 0.928906 0.208333 0.142188 0.258333
1 0.430469 0.579167 0.154687 0.183333
1 0.114844 0.253125 0.157813 0.210417
1 0.678125 0.683333 0.175 0.208333
1 0.889063 0.697917 0.171875 0.204167
1 0.272656 0.241667 0.151562 0.183333
1 0.646875 0.477083 0.16875 0.204167
1 0.73125 0.154167 0.14375 0.191667
1 0.432031 0.846875 0.176563 0.214583
0 0.164844 0.65625 0.323438 0.4875
1 0.600781 0.882292 0.157813 0.222917
