2 0.620313 0.258333 0.065625 0.0958333
1 0.334375 0.325 0.15 0.258333
1 0.254687 0.0958333 0.16875 0.191667
1 0.696875 0.945833 0.15625 0.108333
1 0.980469 0.0875 0.0390625 0.175
1 0.785156 0.046875 0.170312 0.09375
1 0.442969 0.866667 0.148438 0.25
1 0.946875 0.84375 0.103125 0.2375
1 0.117188 0.661458 0.203125 0.247917
1 0.814844 0.877083 0.170312 0.166667
1 0.0757812 0.319792 0.148438 0.197917
1 0.679688 0.096875 0.159375 0.19375
1 0.185937 0.3 0.16875 0.216667
0 0.636719 0.772917 0.217187 0.295833
1 0.414844 0.121875 0.179688 0.24375
1 0.528125 0.458333 0.175 0.225
1 0.89375 0.329167 0.16875 0.216667
1 0.664062 0.407292 0.178125 0.21875
1 0.244531 0.828125 0.176563 0.260417
