1 0.333594 0.711458 0.139062 0.23125
1 0.0125 0.223958 0.025 0.197917
1 0.241406 0.975 0.179688 0.05
1 0.846875 0.904167 0.15 0.191667
1 0.425 0.671875 0.15625 0.227083
0 0.422656 0.141667 0.354688 0.266667
1 0.957031 0.723958 0.0859375 0.20625
1 0.878125 0.0645833 0.2 0.129167
1 0.675781 0.934375 0.182812 0.13125
1 0.286719 0.520833 0.173438 0.191667
1 0.0453125 0.903125 0.090625 0.19375
1 0.214062 0.822917 0.196875 0.2375
1 0.610937 0.627083 0.19375 0.2125
1 0.0835937 0.0895833 0.167187 0.179167
1 0.325 0.310417 0.165625 0.2125
1 0.7375 0.772917 0.15625 0.1875
1 0.520312 0.891667 0.153125 0.216667
1 0.130469 0.339583 0.182812 0.245833
1 0.921875 0.544792 0.15625 0.214583
1 0.0875 0.595833 0.175 0.241667
1 0.484375 0.414583 0.15 0.2875
1 0.917188 0.3125 0.165625 0.2
