1 0.410937 0.554167 0.171875 0.2125
1 0.107813 0.886458 0.165625 0.227083
1 0.675781 0.526042 0.167187 0.214583
1 0.498437 0.966667 0.165625 0.0666667
1 0.359375 0.65625 0.171875 0.245833
1 0.198437 0.43125 0.125 0.2125
1 0.973437 0.777083 0.053125 0.220833
1 0.617188 0.0770833 0.19375 0.154167
1 0.65625 0.894792 0.16875 0.20625
1 0.672656 0.0833333 0.189063 0.166667
1 0.0554687 0.875 0.107813 0.225
1 0.015625 0.503125 0.03125 0.222917
1 0.504687 0.738542 0.128125 0.19375
1 0.950781 0.21875 0.0953125 0.2375
1 0.575 0.78125 0.1625 0.220833
1 0.33125 0.901042 0.215625 0.189583
1 0.839844 0.0916667 0.170312 0.183333
1 0.273438 0.45 0.171875 0.208333
1 0.0773437 0.138542 0.154687 0.277083
1 0.525 0.429167 0.1375 0.2
1 0.782812 0.721875 0.1625 0.23125
1 0.829687 0.936458 0.196875 0.127083
1 0.592188 0.255208 0.165625 0.21875
1 0.178906 0.767708 0.148438 0.202083
0 0.302344 0.182292 0.320312 0.360417
1 0.802344 0.348958 0.189063 0.21875
1 0.0664062 0.672917 0.132812 0.1625
