2 0.0168269 0.784856 0.0336538 0.0841346
1 0.0408654 0.0300481 0.0817308 0.0600962
1 0.0444712 0.96274 0.0889423 0.0745192
1 0.114183 0.96875 0.151442 0.0625
1 0.96274 0.924279 0.0697115 0.146635
2 0.965144 0.324519 0.0697115 0.120192
1 0.1875 0.288462 0.163462 0.221154
1 0.235577 0.96875 0.129808 0.0625
1 0.801683 0.0408654 0.175481 0.0817308
2 0.578125 0.884615 0.0793269 0.115385
1 0.96274 0.102163 0.0697115 0.199519
1 0.362981 0.0612981 0.201923 0.122596
1 0.257212 0.195913 0.168269 0.185096
1 0.100962 0.8125 0.182692 0.225962
1 0.308894 0.765625 0.21875 0.228365
1 0.550481 0.0877404 0.163462 0.175481
1 0.0865385 0.456731 0.173077 0.192308
1 0.46274 0.353365 0.161058 0.254808
1 0.175481 0.0841346 0.153846 0.168269
1 0.854567 0.179087 0.161058 0.271635
1 0.697115 0.167067 0.168269 0.151442
1 0.689904 0.709135 0.153846 0.158654
1 0.453125 0.926683 0.165865 0.146635
1 0.882212 0.617788 0.192308 0.197115
1 0.078125 0.266827 0.15625 0.201923
1 0.50601 0.723558 0.161058 0.264423
1 0.721154 0.893029 0.192308 0.194712
1 0.33774 0.396635 0.185096 0.225962
1 0.105769 0.629808 0.1875 0.197115
0 0.661058 0.427885 0.341346 0.403846
