1 0.6375 0.916667 0.16875 0.158333
1 0.763281 0.585417 0.123438 0.220833
1 0.903125 0.252083 0.1625 0.254167
1 0.0171875 0.214583 0.034375 0.208333
1 0.95625 0.503125 0.0875 0.21875
1 0.616406 0.760417 0.151562 0.195833
1 0.299219 0.320833 0.157813 0.225
1 0.963281 0.794792 0.0734375 0.247917
1 0.0367187 0.910417 0.0734375 0.179167
1 0.508594 0.941667 0.151562 0.116667
1 0.782812 0.071875 0.140625 0.14375
1 0.66875 0.76875 0.1375 0.204167
1 0.403125 0.6375 0.16875 0.158333
1 0.102344 0.589583 0.135937 0.170833
1 0.250781 0.522917 0.204688 0.241667
1 0.489844 0.308333 0.198437 0.270833
1 0.200781 0.304167 0.139062 0.195833
0 0.179688 0.839583 0.21875 0.320833
