1 0.947656 0.0395833 0.101562 0.0791667
1 0.38125 0.407292 0.153125 0.197917
1 0.0257812 0.561458 0.0515625 0.247917
1 0.696875 0.944792 0.15625 0.110417
1 0.204688 0.516667 0.165625 0.208333
1 0.9625 0.604167 0.075 0.191667
1 0.908594 0.4875 0.176563 0.170833
1 0.817969 0.167708 0.164062 0.21875
1 0.882812 0.276042 0.171875 0.227083
1 0.297656 0.344792 0.176563 0.24375
1 0.378125 0.541667 0.159375 0.208333
1 0.332031 0.897917 0.179688 0.204167
1 0.135156 0.685417 0.179688 0.204167
1 0.816406 0.640625 0.173438 0.172917
1 0.171094 0.0854167 0.148438 0.170833
1 0.609375 0.090625 0.19375 0.18125
1 0.3625 0.113542 0.16875 0.21875
0 0.519531 0.765625 0.335938 0.46875
1 0.719531 0.367708 0.157813 0.202083
1 0.555469 0.3125 0.157813 0.216667
