1 0.68149 0.763221 0.15625 0.21875
1 0.977163 0.486779 0.0456731 0.242788
1 0.930288 0.920673 0.139423 0.153846
1 0.5625 0.686298 0.197115 0.271635
1 0.0252404 0.879808 0.0504808 0.240385
1 0.0612981 0.581731 0.122596 0.25
1 0.798077 0.0637019 0.173077 0.127404
1 0.222356 0.965144 0.161058 0.0697115
1 0.691106 0.324519 0.165865 0.201923
1 0.788462 0.915865 0.158654 0.158654
1 0.322115 0.140625 0.177885 0.242788
1 0.606971 0.921875 0.209135 0.151442
1 0.0661058 0.352163 0.132212 0.21875
1 0.360577 0.465144 0.168269 0.286058
1 0.132212 0.84976 0.173077 0.28125
1 0.347356 0.81851 0.223558 0.237981
1 0.926683 0.674279 0.146635 0.276442
0 0.546875 0.231971 0.310096 0.387019
1 0.907452 0.108173 0.185096 0.211538
1 0.673077 0.53726 0.177885 0.21875
