1 0.245192 0.260817 0.177885 0.161058
1 0.182692 0.463942 0.182692 0.235577
1 0.360577 0.563702 0.115385 0.161058
1 0.128606 0.0961538 0.237981 0.192308
1 0.307692 0.578125 0.230769 0.180288
1 0.0697115 0.894231 0.139423 0.211538
1 0.0180288 0.129808 0.0360577 0.192308
1 0.266827 0.046875 0.134615 0.09375
1 0.0204327 0.534856 0.0408654 0.266827
1 0.230769 0.213942 0.225962 0.269231
1 0.164663 0.96875 0.161058 0.0625
1 0.235577 0.670673 0.225962 0.201923
1 0.605769 0.414663 0.206731 0.151442
1 0.875 0.93149 0.192308 0.137019
1 0.508413 0.549279 0.165865 0.194712
1 0.258413 0.424279 0.199519 0.185096
1 0.411058 0.0336538 0.177885 0.0673077
1 0.689904 0.890625 0.158654 0.21875
1 0.0769231 0.723558 0.149038 0.1875
0 0.463942 0.808894 0.360577 0.377404
1 0.471154 0.299279 0.139423 0.209135
1 0.0817308 0.30649 0.163462 0.262019
