1 0.952344 0.480208 0.0953125 0.21875
1 0.134375 0.230208 0.146875 0.214583
1 0.365625 0.809375 0.1375 0.16875
1 0.185937 0.475 0.146875 0.170833
1 0.951563 0.845833 0.096875 0.208333
1 0.408594 0.0697917 0.164062 0.135417
1 0.717188 0.920833 0.165625 0.158333
1 0.55625 0.43125 0.16875 0.1875
1 0.078125 0.569792 0.15625 0.277083
1 0.809375 0.320833 0.16875 0.208333
1 0.514063 0.94375 0.134375 0.1125
1 0.292188 0.172917 0.15 0.216667
1 0.373437 0.303125 0.178125 0.197917
1 0.94375 0.261458 0.1125 0.210417
0 0.623438 0.166667 0.284375 0.329167
