1 0.765625 0.720833 0.1875 0.183333
1 0.6625 0.982292 0.15 0.0354167
1 0.771875 0.760417 0.18125 0.204167
1 0.678906 0.0572917 0.132812 0.114583
1 0.210156 0.927083 0.117188 0.145833
1 0.0132813 0.0833333 0.0265625 0.158333
1 0.978906 0.1 0.0421875 0.2
1 0.436719 0.03125 0.151562 0.0583333
1 0.614844 0.857292 0.151562 0.239583
1 0.0320312 0.772917 0.0640625 0.208333
1 0.292969 0.195833 0.157813 0.216667
1 0.964063 0.442708 0.071875 0.21875
1 0.0375 0.501042 0.075 0.24375
1 0.853125 0.090625 0.171875 0.18125
1 0.292188 0.040625 0.146875 0.08125
1 0.164062 0.40625 0.215625 0.158333
1 0.776563 0.8375 0.171875 0.2
1 0.5875 0.078125 0.175 0.15625
1 0.584375 0.45 0.190625 0.254167
1 0.9375 0.844792 0.125 0.222917
1 0.105469 0.857292 0.151562 0.21875
1 0.739062 0.626042 0.196875 0.222917
1 0.296875 0.525 0.175 0.216667
1 0.516406 0.31875 0.145313 0.183333
1 0.70625 0.234375 0.15 0.214583
1 0.122656 0.084375 0.151562 0.16875
0 0.439063 0.783333 0.375 0.433333
1 0.417188 0.188542 0.146875 0.214583
1 0.863281 0.326042 0.195312 0.25625
