1 0.150781 0.935417 0.189063 0.129167
1 0.0484375 0.514583 0.096875 0.179167
1 0.278125 0.742708 0.16875 0.197917
0 0.43125 0.555208 0.31875 0.489583
1 0.794531 0.408333 0.192188 0.208333
1 0.621875 0.504167 0.140625 0.208333
1 0.078125 0.321875 0.15625 0.239583
1 0.915625 0.165625 0.16875 0.25625
1 0.332031 0.914583 0.167187 0.170833
1 0.534375 0.859375 0.1875 0.264583
1 0.607031 0.294792 0.198437 0.189583
1 0.388281 0.254167 0.164062 0.1875
1 0.764063 0.908333 0.165625 0.183333
1 0.763281 0.175 0.148438 0.229167
1 0.603125 0.0958333 0.18125 0.191667
1 0.832812 0.614583 0.19375 0.229167
1 0.0867188 0.757292 0.173438 0.260417
