1 0.0601562 0.510417 0.114063 0.204167
1 0.0671875 0.910417 0.13125 0.166667
1 0.267188 0.09375 0.18125 0.1875
1 0.677344 0.084375 0.167187 0.16875
1 0.967188 0.552083 0.065625 0.2375
1 0.366406 0.128125 0.139062 0.189583
1 0.084375 0.713542 0.16875 0.197917
1 0.322656 0.396875 0.185937 0.264583
1 0.716406 0.0833333 0.179688 0.166667
1 0.642969 0.317708 0.173438 0.31875
1 0.0484375 0.248958 0.096875 0.197917
1 0.319531 0.934375 0.192188 0.13125
1 0.600781 0.910417 0.176563 0.170833
1 0.9125 0.194792 0.171875 0.272917
1 0.757812 0.94375 0.20625 0.1125
1 0.0820312 0.397917 0.148438 0.2125
1 0.134375 0.105208 0.171875 0.210417
1 0.267969 0.576042 0.179688 0.197917
0 0.495313 0.61875 0.2 0.320833
1 0.442187 0.867708 0.165625 0.172917
1 0.745313 0.544792 0.178125 0.235417
