1 0.257812 0.195833 0.159375 0.1875
1 0.964844 0.103125 0.0671875 0.197917
1 0.1 0.810417 0.175 0.233333
1 0.0851562 0.458333 0.170312 0.2
1 0.698438 0.166667 0.165625 0.158333
1 0.292188 0.764583 0.18125 0.229167
1 0.550781 0.0895833 0.157813 0.179167
1 0.078125 0.267708 0.15625 0.19375
1 0.853125 0.183333 0.15625 0.258333
1 0.459375 0.353125 0.1625 0.247917
1 0.690625 0.710417 0.15 0.1625
1 0.180469 0.0864583 0.142188 0.172917
1 0.453125 0.925 0.1625 0.15
1 0.883594 0.61875 0.185937 0.208333
1 0.724219 0.891667 0.189063 0.2
1 0.339063 0.396875 0.18125 0.227083
1 0.107813 0.628125 0.184375 0.202083
0 0.6625 0.426042 0.325 0.414583
1 0.505469 0.722917 0.157813 0.266667
