1 0.98125 0.108333 0.0375 0.216667
1 0.334375 0.975 0.128125 0.05
1 0.0171875 0.240625 0.034375 0.26875
1 0.871875 0.854167 0.159375 0.225
1 0.948438 0.892708 0.103125 0.214583
1 0.603906 0.797917 0.229687 0.254167
1 0.921875 0.330208 0.15625 0.25625
1 0.777344 0.294792 0.189063 0.20625
1 0.273438 0.844792 0.190625 0.24375
1 0.225781 0.075 0.164062 0.15
1 0.534375 0.538542 0.18125 0.21875
1 0.652344 0.104167 0.198437 0.204167
1 0.383594 0.660417 0.195312 0.204167
0 0.775 0.585417 0.3375 0.470833
1 0.56875 0.3125 0.18125 0.241667
1 0.259375 0.290625 0.159375 0.239583
