1 0.817308 0.575721 0.168269 0.237981
2 0.155048 0.143029 0.0600962 0.0841346
2 0.480769 0.730769 0.0528846 0.0769231
1 0.314904 0.177885 0.173077 0.192308
1 0.274038 0.930288 0.163462 0.139423
1 0.117788 0.301683 0.1875 0.237981
1 0.353365 0.445913 0.173077 0.247596
1 0.03125 0.169471 0.0625 0.242788
1 0.460337 0.0865385 0.194712 0.173077
1 0.701923 0.497596 0.177885 0.278846
1 0.715144 0.33774 0.213942 0.213942
1 0.0420673 0.640625 0.0793269 0.314904
1 0.646635 0.102163 0.177885 0.204327
1 0.884615 0.433894 0.192308 0.204327
1 0.264423 0.703125 0.158654 0.262019
1 0.0865385 0.0612981 0.168269 0.122596
1 0.46875 0.947115 0.182692 0.105769
1 0.935096 0.227163 0.125 0.242788
1 0.141827 0.49399 0.206731 0.237981
1 0.106971 0.830529 0.189904 0.228365
1 0.512019 0.300481 0.177885 0.211538
1 0.859375 0.944712 0.189904 0.110577
0 0.628606 0.826923 0.290865 0.346154
