2 0.764063 0.952083 0.046875 0.0708333
1 0.617969 0.182292 0.114063 0.227083
1 0.969531 0.046875 0.0609375 0.09375
1 0.83125 0.979167 0.15625 0.0416667
1 0.189844 0.0322917 0.189063 0.0645833
1 0.591406 0.189583 0.151562 0.25
1 0.0929687 0.970833 0.160938 0.0583333
1 0.572656 0.0302083 0.173438 0.0604167
1 0.971875 0.705208 0.05625 0.18125
1 0.759375 0.407292 0.15625 0.189583
1 0.816406 0.345833 0.151562 0.208333
1 0.203906 0.813542 0.173438 0.24375
1 0.472656 0.944792 0.157813 0.110417
1 0.857031 0.651042 0.164062 0.222917
1 0.307031 0.95 0.160938 0.1
1 0.0320312 0.494792 0.0640625 0.18125
1 0.873438 0.758333 0.146875 0.183333
1 0.9625 0.90625 0.075 0.1875
1 0.0828125 0.0729167 0.146875 0.141667
1 0.66875 0.188542 0.1875 0.25625
1 0.384375 0.0604167 0.15625 0.120833
1 0.941406 0.522917 0.117188 0.204167
1 0.617188 0.411458 0.171875 0.214583
1 0.0796875 0.283333 0.159375 0.2125
1 0.107031 0.814583 0.164062 0.254167
1 0.348437 0.446875 0.128125 0.289583
1 0.910937 0.169792 0.178125 0.235417
0 0.646094 0.769792 0.332812 0.43125
1 0.413281 0.766667 0.173438 0.229167
1 0.291406 0.191667 0.182812 0.195833
1 0.488281 0.534375 0.167187 0.21875
1 0.210156 0.401042 0.142188 0.197917
1 0.16875 0.579167 0.16875 0.208333
