1 0.842969 0.0447917 0.176563 0.0895833
1 0.610156 0.886458 0.176563 0.16875
1 0.311719 0.96875 0.189063 0.0625
1 0.227344 0.392708 0.157813 0.24375
1 0.845312 0.155208 0.159375 0.210417
1 0.330469 0.901042 0.157813 0.177083
1 0.578906 0.354167 0.160938 0.216667
1 0.338281 0.864583 0.142188 0.195833
1 0.539062 0.496875 0.159375 0.264583
1 0.315625 0.953125 0.178125 0.09375
1 0.0757812 0.925 0.151562 0.141667
1 0.817969 0.0625 0.217187 0.125
1 0.391406 0.733333 0.173438 0.233333
1 0.135937 0.0708333 0.171875 0.141667
1 0.959375 0.844792 0.08125 0.235417
1 0.86875 0.907292 0.2125 0.185417
1 0.0367187 0.176042 0.0734375 0.297917
1 0.565625 0.0395833 0.18125 0.0791667
1 0.402344 0.50625 0.157813 0.204167
1 0.663281 0.226042 0.148438 0.214583
1 0.952344 0.341667 0.0921875 0.229167
1 0.140625 0.928125 0.1875 0.135417
1 0.166406 0.257292 0.198437 0.227083
1 0.367188 0.291667 0.190625 0.229167
0 0.667969 0.753125 0.201562 0.26875
1 0.263281 0.084375 0.154687 0.16875
1 0.0976562 0.494792 0.160938 0.252083
1 0.923437 0.591667 0.153125 0.225
1 0.764063 0.385417 0.190625 0.233333
