1 0.55649 0.675481 0.199519 0.259615
1 0.0504808 0.046875 0.100962 0.09375
1 0.942308 0.520433 0.115385 0.213942
1 0.516827 0.0384615 0.149038 0.0769231
1 0.657452 0.445913 0.180288 0.266827
1 0.314904 0.34375 0.25 0.230769
1 0.840144 0.449519 0.146635 0.168269
1 0.0805288 0.248798 0.141827 0.237981
1 0.944712 0.0721154 0.110577 0.144231
1 0.963942 0.891827 0.0721154 0.197115
1 0.342548 0.152644 0.170673 0.165865
1 0.219952 0.847356 0.165865 0.170673
1 0.489183 0.418269 0.165865 0.206731
0 0.236779 0.584135 0.262019 0.331731
1 0.914663 0.707933 0.170673 0.228365
