1 0.651563 0.290625 0.159375 0.21875
1 0.374219 0.219792 0.173438 0.23125
1 0.507812 0.785417 0.134375 0.2
1 0.028125 0.515625 0.05625 0.285417
1 0.964063 0.477083 0.071875 0.216667
1 0.954687 0.0302083 0.090625 0.0604167
1 0.015625 0.577083 0.03125 0.245833
1 0.505469 0.105208 0.214062 0.210417
1 0.548437 0.951042 0.153125 0.0979167
1 0.122656 0.191667 0.185937 0.229167
1 0.890625 0.117708 0.175 0.189583
1 0.0234375 0.155208 0.046875 0.185417
1 0.620313 0.773958 0.20625 0.28125
1 0.535937 0.0822917 0.159375 0.164583
1 0.273438 0.802083 0.146875 0.208333
1 0.19375 0.254167 0.18125 0.216667
1 0.471094 0.947917 0.173438 0.104167
1 0.429688 0.764583 0.140625 0.166667
1 0.86875 0.4875 0.1875 0.275
1 0.122656 0.376042 0.170312 0.20625
1 0.346875 0.69375 0.159375 0.245833
1 0.857813 0.734375 0.171875 0.210417
1 0.89375 0.188542 0.19375 0.24375
1 0.196875 0.883333 0.178125 0.233333
1 0.921875 0.884375 0.15625 0.210417
0 0.475 0.404167 0.33125 0.4
1 0.124219 0.720833 0.192188 0.216667
