1 0.106971 0.408654 0.175481 0.177885
1 0.570913 0.375 0.242788 0.283654
1 0.96274 0.0769231 0.0697115 0.149038
1 0.512019 0.930288 0.153846 0.139423
1 0.191106 0.459135 0.165865 0.245192
1 0.0240385 0.949519 0.0480769 0.100962
1 0.759615 0.627404 0.177885 0.240385
1 0.816106 0.0528846 0.185096 0.105769
1 0.780048 0.384615 0.165865 0.211538
1 0.0793269 0.195913 0.158654 0.194712
1 0.230769 0.0805288 0.158654 0.161058
0 0.120192 0.703125 0.235577 0.329327
1 0.403846 0.176683 0.168269 0.228365
1 0.528846 0.640625 0.182692 0.21875
1 0.356971 0.822115 0.165865 0.192308
1 0.325721 0.387019 0.146635 0.197115
