1 0.952344 0.985417 0.0953125 0.0291667
1 0.175781 0.142708 0.142188 0.247917
1 0.532031 0.028125 0.182812 0.0520833
1 0.860937 0.03125 0.184375 0.0625
1 0.0429688 0.789583 0.0859375 0.2375
1 0.635156 0.439583 0.182812 0.195833
1 0.0523437 0.403125 0.104687 0.21875
1 0.686719 0.964583 0.135937 0.0708333
1 0.40625 0.947917 0.115625 0.104167
1 0.300781 0.111458 0.176563 0.210417
1 0.040625 0.604167 0.078125 0.1625
1 0.54375 0.959375 0.15625 0.08125
1 0.053125 0.117708 0.10625 0.222917
1 0.936719 0.761458 0.123438 0.214583
1 0.714844 0.321875 0.189063 0.210417
1 0.95625 0.514583 0.0875 0.208333
1 0.944531 0.175 0.107813 0.191667
1 0.803906 0.713542 0.170312 0.214583
1 0.682813 0.617708 0.171875 0.214583
1 0.828906 0.91875 0.154687 0.1625
0 0.195312 0.848958 0.3125 0.297917
1 0.882812 0.315625 0.178125 0.197917
1 0.222656 0.382292 0.164062 0.21875
1 0.265625 0.613542 0.159375 0.197917
1 0.458594 0.429167 0.145313 0.208333
1 0.411719 0.680208 0.154687 0.210417
