1 0.257031 0.628125 0.160938 0.277083
1 0.590625 0.91875 0.1625 0.158333
1 0.305469 0.172917 0.135937 0.220833
1 0.6875 0.0666667 0.1625 0.133333
1 0.711719 0.43125 0.170312 0.208333
1 0.95625 0.815625 0.0875 0.197917
1 0.335938 0.31875 0.171875 0.254167
1 0.746875 0.745833 0.175 0.2125
1 0.890625 0.495833 0.15 0.229167
1 0.538281 0.315625 0.207813 0.172917
1 0.183594 0.107292 0.148438 0.197917
1 0.553906 0.629167 0.167187 0.225
1 0.35625 0.592708 0.175 0.185417
1 0.391406 0.802083 0.167187 0.2125
1 0.707031 0.560417 0.164062 0.1875
1 0.0617188 0.873958 0.120312 0.189583
1 0.460938 0.139583 0.159375 0.1875
0 0.135937 0.378125 0.265625 0.410417
1 0.9 0.322917 0.1625 0.216667
