1 0.773438 0.45625 0.234375 0.204167
1 0.917969 0.75 0.157813 0.183333
1 0.116406 0.1875 0.182812 0.2375
1 0.35 0.261458 0.16875 0.252083
1 0.873438 0.641667 0.165625 0.208333
1 0.192969 0.532292 0.157813 0.235417
1 0.725781 0.08125 0.182812 0.1625
1 0.06875 0.0510417 0.1375 0.102083
1 0.840625 0.935417 0.16875 0.129167
1 0.096875 0.583333 0.18125 0.241667
0 0.496094 0.470833 0.370313 0.45
1 0.457031 0.763542 0.179688 0.189583
1 0.321094 0.804167 0.189063 0.233333
1 0.222656 0.090625 0.148438 0.18125
1 0.942187 0.426042 0.115625 0.21875
1 0.5625 0.173958 0.1625 0.235417
1 0.392969 0.0958333 0.167187 0.191667
1 0.146094 0.883333 0.207813 0.225
1 0.90625 0.096875 0.1875 0.185417
1 0.667188 0.672917 0.16875 0.208333
1 0.790625 0.247917 0.19375 0.233333
1 0.667188 0.889583 0.178125 0.208333
