1 0.192969 0.31875 0.160938 0.208333
1 0.792969 0.959375 0.145313 0.08125
1 0.739844 0.04375 0.189063 0.0875
1 0.034375 0.905208 0.06875 0.189583
1 0.613281 0.6625 0.170312 0.258333
1 0.645312 0.904167 0.190625 0.191667
1 0.817187 0.1375 0.190625 0.233333
1 0.567187 0.0479167 0.15 0.0958333
0 0.300781 0.803125 0.360938 0.39375
1 0.23125 0.220833 0.165625 0.208333
1 0.334375 0.0729167 0.1625 0.145833
1 0.596094 0.401042 0.173438 0.235417
1 0.349219 0.384375 0.164062 0.19375
1 0.090625 0.70625 0.134375 0.258333
1 0.796875 0.604167 0.18125 0.2125
1 0.442187 0.544792 0.159375 0.177083
1 0.461719 0.247917 0.176563 0.1875
1 0.728906 0.377083 0.154687 0.220833
