1 0.9625 0.155208 0.075 0.19375
1 0.021875 0.0802083 0.040625 0.160417
1 0.979688 0.49375 0.040625 0.195833
1 0.18125 0.125 0.21875 0.15
1 0.967969 0.936458 0.0640625 0.127083
1 0.377344 0.114583 0.185937 0.229167
1 0.910937 0.226042 0.171875 0.189583
1 0.765625 0.358333 0.15625 0.216667
1 0.233594 0.271875 0.139062 0.19375
1 0.490625 0.053125 0.16875 0.10625
1 0.667969 0.384375 0.182812 0.227083
1 0.408594 0.945833 0.176563 0.108333
1 0.175781 0.927083 0.173438 0.145833
1 0.660937 0.053125 0.159375 0.102083
1 0.855469 0.0635417 0.148438 0.127083
1 0.392188 0.725 0.171875 0.208333
1 0.0734375 0.841667 0.146875 0.233333
1 0.921875 0.340625 0.15625 0.19375
1 0.947656 0.704167 0.104687 0.220833
1 0.0570313 0.273958 0.114063 0.23125
0 0.166406 0.545833 0.332812 0.45
1 0.375781 0.346875 0.173438 0.252083
1 0.69375 0.534375 0.1625 0.214583
1 0.5625 0.197917 0.18125 0.204167
1 0.829687 0.852083 0.165625 0.225
1 0.548437 0.888542 0.146875 0.197917
1 0.671875 0.751042 0.16875 0.21875
