1 0.978125 0.916667 0.04375 0.166667
1 0.965625 0.922917 0.06875 0.154167
1 0.9625 0.228125 0.075 0.214583
1 0.929688 0.078125 0.140625 0.15625
1 0.03125 0.338542 0.0625 0.252083
1 0.046875 0.60625 0.09375 0.170833
1 0.488281 0.332292 0.148438 0.227083
1 0.425781 0.730208 0.179688 0.239583
1 0.376563 0.285417 0.190625 0.254167
1 0.210938 0.397917 0.19375 0.1875
1 0.647656 0.10625 0.164062 0.204167
1 0.08125 0.84375 0.1625 0.2875
1 0.396875 0.889583 0.159375 0.2125
1 0.244531 0.561458 0.173438 0.222917
1 0.95 0.644792 0.1 0.214583
1 0.546094 0.886458 0.157813 0.214583
0 0.117188 0.108333 0.215625 0.216667
1 0.813281 0.523958 0.192188 0.210417
1 0.65 0.767708 0.15625 0.197917
1 0.766406 0.16875 0.170312 0.204167
