1 0.0552885 0.489183 0.105769 0.204327
1 0.983173 0.9375 0.0336538 0.125
1 0.604567 0.759615 0.151442 0.182692
1 0.221154 0.478365 0.177885 0.245192
1 0.0661058 0.536058 0.132212 0.197115
1 0.195913 0.0228365 0.15625 0.0456731
1 0.0552885 0.403846 0.110577 0.298077
1 0.371394 0.706731 0.233173 0.317308
1 0.111779 0.59375 0.127404 0.211538
1 0.540865 0.352163 0.168269 0.286058
1 0.251202 0.715144 0.204327 0.28125
1 0.126202 0.948317 0.185096 0.103365
1 0.901442 0.804087 0.182692 0.223558
1 0.46875 0.123798 0.153846 0.204327
1 0.951923 0.457933 0.0913462 0.257212
1 0.914663 0.668269 0.165865 0.1875
1 0.53125 0.899038 0.125 0.201923
1 0.5625 0.683894 0.177885 0.252404
1 0.301683 0.94351 0.185096 0.108173
1 0.552885 0.299279 0.168269 0.194712
1 0.0504808 0.824519 0.0961538 0.254808
1 0.276442 0.0564904 0.173077 0.112981
1 0.0372596 0.111779 0.0745192 0.223558
1 0.0564904 0.371394 0.112981 0.194712
0 0.774038 0.292067 0.216346 0.286058
1 0.375 0.461538 0.173077 0.206731
1 0.641827 0.102163 0.182692 0.204327
1 0.390625 0.15024 0.15625 0.204327
1 0.933894 0.0865385 0.132212 0.173077
1 0.183894 0.246394 0.185096 0.252404
