1 0.19375 0.0364583 0.15 0.0729167
2 0.3125 0.314583 0.05625 0.075
1 0.536719 0.2625 0.132812 0.15
1 0.167187 0.952083 0.153125 0.0958333
1 0.829687 0.925 0.178125 0.15
1 0.964063 0.736458 0.071875 0.239583
1 0.890625 0.351042 0.146875 0.189583
1 0.0296875 0.2625 0.059375 0.166667
1 0.228125 0.0791667 0.175 0.154167
1 0.421094 0.204167 0.154687 0.2125
1 0.657812 0.95 0.175 0.1
1 0.0773437 0.611458 0.145313 0.214583
1 0.617188 0.842708 0.178125 0.210417
1 0.0796875 0.763542 0.15625 0.20625
1 0.410937 0.0885417 0.115625 0.172917
1 0.0570313 0.855208 0.114063 0.189583
1 0.875781 0.25 0.160938 0.195833
1 0.0304688 0.413542 0.0609375 0.177083
1 0.953125 0.113542 0.09375 0.227083
1 0.480469 0.31875 0.170312 0.170833
1 0.557813 0.078125 0.153125 0.15625
1 0.242969 0.877083 0.157813 0.245833
1 0.700781 0.232292 0.160938 0.277083
1 0.394531 0.847917 0.160938 0.233333
1 0.298438 0.4625 0.15625 0.2
0 0.496875 0.607292 0.35 0.452083
1 0.286719 0.6625 0.157813 0.2125
1 0.89375 0.503125 0.175 0.21875
1 0.811719 0.0947917 0.170312 0.189583
1 0.78125 0.827083 0.159375 0.204167
1 0.0617188 0.0875 0.123438 0.175
