1 0.790625 0.628125 0.20625 0.23125
1 0.985156 0.504167 0.0296875 0.183333
1 0.909375 0.266667 0.1625 0.195833
1 0.95625 0.936458 0.0875 0.122917
1 0.784375 0.579167 0.171875 0.2
1 0.639063 0.519792 0.159375 0.160417
1 0.408594 0.61875 0.157813 0.166667
1 0.935156 0.6875 0.120312 0.241667
1 0.91875 0.660417 0.14375 0.204167
1 0.369531 0.602083 0.254687 0.208333
1 0.407813 0.913542 0.115625 0.16875
1 0.195312 0.5 0.15 0.3125
1 0.0304688 0.189583 0.0609375 0.279167
1 0.0289063 0.448958 0.0578125 0.222917
1 0.0289063 0.784375 0.0578125 0.252083
1 0.0921875 0.552083 0.115625 0.179167
1 0.902344 0.21875 0.192188 0.283333
1 0.757812 0.804167 0.171875 0.241667
1 0.732813 0.9 0.153125 0.195833
1 0.578125 0.970833 0.15 0.0583333
1 0.957812 0.075 0.084375 0.15
1 0.892187 0.925 0.184375 0.15
1 0.95 0.71875 0.096875 0.220833
1 0.316406 0.613542 0.142188 0.164583
1 0.760156 0.0322917 0.157813 0.0645833
1 0.6125 0.590625 0.134375 0.202083
1 0.459375 0.808333 0.1625 0.216667
1 0.096875 0.075 0.146875 0.145833
1 0.773438 0.265625 0.146875 0.16875
1 0.58125 0.371875 0.14375 0.214583
1 0.29375 0.802083 0.18125 0.2375
0 0.375 0.403125 0.24375 0.310417
