1 0.0264423 0.808894 0.0528846 0.189904
2 0.872596 0.0300481 0.0721154 0.0552885
1 0.0204327 0.141827 0.0408654 0.230769
1 0.0504808 0.414663 0.100962 0.180288
1 0.432692 0.361779 0.158654 0.252404
1 0.0685096 0.950721 0.137019 0.0985577
1 0.278846 0.923077 0.139423 0.153846
1 0.58774 0.270433 0.146635 0.247596
1 0.932692 0.944712 0.134615 0.105769
1 0.539663 0.0685096 0.161058 0.137019
1 0.423077 0.140625 0.158654 0.213942
1 0.814904 0.546875 0.129808 0.15625
1 0.298077 0.0649038 0.158654 0.129808
1 0.926683 0.213942 0.146635 0.269231
1 0.427885 0.579327 0.158654 0.1875
1 0.111779 0.253606 0.165865 0.209135
1 0.600962 0.883413 0.153846 0.213942
1 0.646635 0.480769 0.173077 0.197115
0 0.169471 0.653846 0.338942 0.475962
1 0.272837 0.24399 0.15625 0.180288
1 0.729567 0.157452 0.146635 0.189904
1 0.679087 0.685096 0.185096 0.206731
1 0.888221 0.700721 0.175481 0.199519
1 0.432692 0.848558 0.177885 0.211538
