1 0.247656 0.116667 0.176563 0.216667
1 0.846094 0.04375 0.179688 0.0875
1 0.857031 0.953125 0.151562 0.09375
1 0.797656 0.853125 0.182812 0.172917
1 0.55625 0.68125 0.15625 0.245833
1 0.0617188 0.444792 0.123438 0.202083
1 0.940625 0.132292 0.115625 0.20625
1 0.06875 0.807292 0.1375 0.247917
1 0.853125 0.235417 0.2 0.266667
1 0.958594 0.895833 0.0828125 0.208333
1 0.959375 0.686458 0.08125 0.18125
1 0.090625 0.560417 0.165625 0.204167
1 0.48125 0.0791667 0.18125 0.158333
1 0.632031 0.311458 0.157813 0.185417
1 0.545313 0.415625 0.159375 0.197917
1 0.623438 0.890625 0.15625 0.189583
1 0.471875 0.23125 0.171875 0.195833
1 0.447656 0.854167 0.173438 0.183333
0 0.760938 0.5875 0.359375 0.5
