1 0.814062 0.936458 0.171875 0.127083
1 0.330469 0.940625 0.201562 0.11875
1 0.110156 0.938542 0.170312 0.122917
1 0.0375 0.483333 0.075 0.175
1 0.0367187 0.0916667 0.0734375 0.179167
1 0.920313 0.240625 0.159375 0.214583
1 0.514844 0.227083 0.151562 0.275
1 0.183594 0.669792 0.179688 0.247917
1 0.0921875 0.273958 0.184375 0.24375
1 0.782812 0.545833 0.140625 0.225
1 0.925781 0.638542 0.148438 0.23125
1 0.185156 0.0916667 0.173438 0.183333
1 0.340625 0.435417 0.209375 0.208333
1 0.758594 0.164583 0.164062 0.279167
1 0.879687 0.415625 0.153125 0.210417
0 0.485156 0.735417 0.364062 0.479167
