1 0.852344 0.0416667 0.182812 0.0791667
1 0.471875 0.726042 0.16875 0.21875
1 0.233594 0.746875 0.176563 0.222917
1 0.292188 0.840625 0.196875 0.222917
1 0.0429688 0.104167 0.0859375 0.183333
1 0.141406 0.573958 0.192188 0.202083
1 0.575 0.446875 0.171875 0.235417
1 0.244531 0.0479167 0.185937 0.0916667
1 0.760938 0.552083 0.203125 0.2375
1 0.175781 0.952083 0.192188 0.0958333
0 0.333594 0.485417 0.435937 0.541667
1 0.888281 0.861458 0.179688 0.214583
1 0.65 0.109375 0.21875 0.21875
1 0.717969 0.322917 0.201562 0.2125
1 0.898438 0.454167 0.146875 0.191667
1 0.708594 0.921875 0.201562 0.15625
1 0.482812 0.905208 0.171875 0.189583
1 0.625 0.720833 0.159375 0.241667
1 0.0789063 0.8125 0.157813 0.2
