1 0.839844 0.0447917 0.182812 0.0895833
1 0.532031 0.609375 0.129688 0.147917
1 0.546875 0.626042 0.1625 0.18125
1 0.421875 0.782292 0.29375 0.302083
1 0.407031 0.820833 0.226562 0.208333
1 0.864062 0.0572917 0.196875 0.114583
1 0.376563 0.822917 0.159375 0.1625
1 0.0609375 0.751042 0.121875 0.239583
1 0.389844 0.667708 0.142188 0.172917
1 0.975 0.577083 0.05 0.208333
1 0.898438 0.0729167 0.178125 0.141667
1 0.777344 0.898958 0.135937 0.177083
1 0.700781 0.910417 0.148438 0.166667
1 0.85625 0.430208 0.175 0.222917
1 0.63125 0.579167 0.16875 0.175
1 0.975 0.283333 0.05 0.216667
1 0.040625 0.351042 0.08125 0.172917
1 0.767969 0.557292 0.142188 0.185417
1 0.0734375 0.141667 0.146875 0.233333
1 0.0429688 0.542708 0.0859375 0.16875
1 0.49375 0.776042 0.15625 0.210417
1 0.597656 0.910417 0.167187 0.175
1 0.3875 0.467708 0.196875 0.252083
1 0.285156 0.935417 0.185937 0.129167
1 0.103906 0.419792 0.151562 0.185417
1 0.673437 0.0770833 0.171875 0.154167
1 0.639844 0.720833 0.157813 0.216667
1 0.113281 0.9125 0.148438 0.175
1 0.464063 0.0885417 0.171875 0.177083
1 0.310937 0.110417 0.165625 0.216667
0 0.584375 0.345833 0.34375 0.341667
1 0.230469 0.686458 0.160938 0.20625
