1 0.0453125 0.65 0.090625 0.283333
1 0.0953125 0.0260417 0.175 0.0479167
2 0.732813 0.96875 0.059375 0.0625
1 0.951563 0.955208 0.096875 0.0854167
1 0.984375 0.65 0.03125 0.216667
1 0.289062 0.03125 0.171875 0.0625
1 0.947656 0.835417 0.104687 0.2125
1 0.0984375 0.390625 0.196875 0.23125
1 0.576563 0.941667 0.215625 0.116667
1 0.0578125 0.747917 0.115625 0.325
1 0.4875 0.198958 0.171875 0.222917
1 0.448438 0.68125 0.1625 0.254167
1 0.326562 0.19375 0.228125 0.25
1 0.688281 0.157292 0.192188 0.260417
1 0.380469 0.929167 0.185937 0.1375
0 0.195312 0.615625 0.234375 0.352083
1 0.132031 0.120833 0.207813 0.220833
1 0.203125 0.897917 0.1625 0.204167
1 0.371094 0.438542 0.170312 0.260417
