1 0.546875 0.233333 0.121875 0.2
1 0.0359375 0.229167 0.071875 0.183333
1 0.978125 0.74375 0.04375 0.195833
1 0.8625 0.697917 0.16875 0.225
1 0.482031 0.0333333 0.167187 0.0666667
1 0.957812 0.511458 0.084375 0.20625
1 0.040625 0.845833 0.078125 0.241667
1 0.853906 0.783333 0.157813 0.2
1 0.314063 0.0635417 0.153125 0.122917
1 0.828125 0.453125 0.165625 0.210417
1 0.603125 0.597917 0.171875 0.2375
1 0.313281 0.209375 0.179688 0.164583
1 0.946875 0.078125 0.10625 0.15625
1 0.945312 0.913542 0.109375 0.172917
1 0.28125 0.576042 0.175 0.20625
1 0.0640625 0.338542 0.128125 0.214583
1 0.142969 0.084375 0.179688 0.16875
1 0.813281 0.04375 0.157813 0.0875
1 0.667969 0.716667 0.157813 0.191667
1 0.183594 0.872917 0.176563 0.229167
1 0.490625 0.459375 0.153125 0.18125
1 0.351562 0.367708 0.190625 0.189583
0 0.442187 0.8 0.353125 0.4
1 0.467969 0.244792 0.157813 0.20625
1 0.6375 0.0802083 0.18125 0.160417
1 0.175781 0.346875 0.151562 0.235417
1 0.7375 0.495833 0.159375 0.258333
1 0.817187 0.21875 0.190625 0.225
1 0.119531 0.55625 0.157813 0.2125
