1 0.325721 0.908654 0.180288 0.182692
1 0.455529 0.283654 0.204327 0.225962
1 0.134615 0.877404 0.201923 0.235577
1 0.490385 0.116587 0.269231 0.233173
1 0.204327 0.139423 0.240385 0.25
1 0.0805288 0.295673 0.161058 0.322115
2 0.03125 0.97476 0.0625 0.0504808
1 0.939904 0.850962 0.115385 0.206731
1 0.966346 0.242788 0.0673077 0.254808
1 0.201923 0.233173 0.25 0.466346
1 0.262019 0.59375 0.173077 0.216346
1 0.367788 0.902644 0.177885 0.185096
1 0.512019 0.0973558 0.201923 0.194712
1 0.841346 0.0637019 0.182692 0.127404
1 0.733173 0.123798 0.225962 0.237981
1 0.0685096 0.836538 0.132212 0.221154
1 0.508413 0.950721 0.185096 0.0985577
1 0.947115 0.408654 0.105769 0.264423
0 0.502404 0.567308 0.211538 0.269231
2 0.963942 0.59375 0.0721154 0.120192
1 0.0276442 0.0925481 0.0552885 0.185096
1 0.548077 0.805288 0.197115 0.201923
1 0.890625 0.695913 0.175481 0.271635
