1 0.78125 0.766827 0.163462 0.192308
1 0.566106 0.813702 0.175481 0.213942
2 0.34976 0.0204327 0.0793269 0.0360577
1 0.965144 0.456731 0.0697115 0.1875
1 0.61899 0.260817 0.189904 0.204327
1 0.695913 0.0697115 0.146635 0.139423
1 0.65625 0.0733173 0.230769 0.146635
1 0.846154 0.501202 0.197115 0.213942
1 0.0228365 0.161058 0.0456731 0.259615
1 0.530048 0.826923 0.127404 0.240385
1 0.913462 0.09375 0.173077 0.182692
1 0.445913 0.627404 0.204327 0.192308
1 0.0516827 0.435096 0.0985577 0.259615
1 0.444712 0.496394 0.182692 0.213942
1 0.915865 0.34976 0.153846 0.204327
1 0.698317 0.816106 0.165865 0.185096
1 0.754808 0.49399 0.177885 0.213942
1 0.918269 0.926683 0.163462 0.137019
1 0.0925481 0.963942 0.141827 0.0721154
1 0.293269 0.429087 0.197115 0.252404
1 0.288462 0.688702 0.192308 0.228365
1 0.242788 0.896635 0.206731 0.182692
1 0.266827 0.153846 0.182692 0.25
0 0.0649038 0.765625 0.125 0.367788
1 0.884615 0.740385 0.177885 0.221154
1 0.419471 0.254808 0.185096 0.221154
