1 0.260156 0.408333 0.135937 0.166667
1 0.360156 0.544792 0.189063 0.24375
1 0.957812 0.0958333 0.084375 0.191667
1 0.839844 0.872917 0.151562 0.183333
1 0.0734375 0.407292 0.134375 0.19375
1 0.767969 0.302083 0.164062 0.2
1 0.824219 0.127083 0.170312 0.204167
1 0.68125 0.339583 0.14375 0.179167
1 0.570312 0.434375 0.153125 0.23125
1 0.929688 0.279167 0.140625 0.191667
1 0.159375 0.308333 0.165625 0.229167
1 0.566406 0.733333 0.154687 0.208333
1 0.655469 0.833333 0.145313 0.208333
1 0.94375 0.63125 0.1125 0.191667
1 0.6375 0.621875 0.1625 0.197917
1 0.107813 0.741667 0.171875 0.2375
1 0.107813 0.116667 0.196875 0.216667
1 0.8125 0.59375 0.14375 0.204167
0 0.264062 0.832292 0.346875 0.335417
0 0.4125 0.236458 0.29375 0.39375
