1 0.059375 0.215625 0.11875 0.21875
1 0.960156 0.604167 0.0765625 0.208333
1 0.423438 0.359375 0.159375 0.18125
1 0.328125 0.255208 0.134375 0.197917
1 0.510156 0.0489583 0.157813 0.0979167
1 0.071875 0.084375 0.1375 0.16875
1 0.779688 0.0802083 0.178125 0.160417
1 0.613281 0.371875 0.145313 0.214583
1 0.0335938 0.453125 0.0671875 0.21875
1 0.920313 0.105208 0.159375 0.210417
1 0.6875 0.655208 0.196875 0.210417
1 0.871094 0.73125 0.160938 0.241667
1 0.490625 0.622917 0.1875 0.2125
1 0.767187 0.292708 0.190625 0.24375
1 0.885156 0.460417 0.148438 0.204167
0 0.278906 0.795833 0.357812 0.408333
1 0.184375 0.328125 0.153125 0.227083
