2 0.746394 0.955529 0.0552885 0.0841346
1 0.91226 0.382212 0.170673 0.259615
1 0.0540865 0.902644 0.103365 0.180288
1 0.359375 0.0985577 0.199519 0.197115
1 0.626202 0.686298 0.141827 0.228365
1 0.805288 0.0913462 0.182692 0.182692
1 0.47476 0.0612981 0.175481 0.122596
1 0.584135 0.960337 0.216346 0.0793269
1 0.207933 0.0949519 0.213942 0.189904
1 0.659856 0.109375 0.170673 0.213942
1 0.899038 0.575721 0.182692 0.199519
1 0.27524 0.941106 0.204327 0.117788
1 0.710337 0.211538 0.161058 0.211538
1 0.727163 0.430288 0.213942 0.240385
1 0.0528846 0.141827 0.105769 0.211538
1 0.924279 0.201923 0.151442 0.1875
1 0.0528846 0.390625 0.105769 0.199519
1 0.305288 0.4375 0.197115 0.1875
0 0.270433 0.686298 0.223558 0.295673
1 0.776442 0.751202 0.211538 0.247596
