2 0.933894 0.919471 0.0697115 0.0745192
1 0.257212 0.933894 0.221154 0.132212
1 0.949519 0.834135 0.100962 0.206731
1 0.361779 0.86899 0.165865 0.213942
1 0.521635 0.0877404 0.177885 0.175481
1 0.167067 0.28726 0.189904 0.209135
1 0.358173 0.475962 0.182692 0.197115
1 0.211538 0.420673 0.149038 0.211538
1 0.0216346 0.217548 0.0432692 0.223558
1 0.0240385 0.932692 0.0480769 0.134615
1 0.876202 0.826923 0.189904 0.182692
1 0.824519 0.94351 0.216346 0.112981
1 0.963942 0.228365 0.0721154 0.274038
1 0.354567 0.165865 0.175481 0.197115
1 0.752404 0.427885 0.125 0.1875
1 0.207933 0.108173 0.165865 0.216346
1 0.554087 0.798077 0.180288 0.274038
1 0.939904 0.61899 0.120192 0.223558
1 0.539663 0.271635 0.151442 0.192308
0 0.151442 0.716346 0.288462 0.427885
1 0.663462 0.121394 0.153846 0.199519
1 0.628606 0.570913 0.194712 0.21875
1 0.876202 0.418269 0.170673 0.221154
1 0.0709135 0.41226 0.141827 0.199519
