1 0.313281 0.025 0.210938 0.05
1 0.219531 0.0489583 0.173438 0.09375
1 0.0734375 0.957292 0.134375 0.0854167
2 0.886719 0.910417 0.0671875 0.1
2 0.342969 0.926042 0.0796875 0.0979167
1 0.238281 0.423958 0.148438 0.210417
1 0.289844 0.979167 0.204688 0.0416667
2 0.0726563 0.438542 0.0671875 0.0895833
1 0.0828125 0.967708 0.14375 0.0604167
1 0.249219 0.708333 0.154687 0.233333
1 0.857813 0.244792 0.15 0.214583
1 0.665625 0.941667 0.178125 0.116667
1 0.689062 0.525 0.178125 0.245833
1 0.0945313 0.0375 0.179688 0.0708333
1 0.641406 0.792708 0.164062 0.23125
2 0.848437 0.979167 0.059375 0.0416667
1 0.138281 0.788542 0.179688 0.20625
1 0.258594 0.547917 0.148438 0.2125
1 0.857031 0.0416667 0.170312 0.0833333
1 0.0445312 0.90625 0.0890625 0.154167
1 0.95625 0.965625 0.0875 0.06875
1 0.976562 0.638542 0.046875 0.239583
1 0.807813 0.325 0.153125 0.254167
1 0.5125 0.04375 0.175 0.0833333
1 0.76875 0.728125 0.15 0.239583
1 0.953125 0.325 0.090625 0.233333
1 0.420312 0.488542 0.1625 0.20625
1 0.345313 0.402083 0.15625 0.220833
1 0.8125 0.460417 0.15625 0.179167
1 0.428906 0.927083 0.192188 0.145833
1 0.296875 0.161458 0.209375 0.23125
1 0.377344 0.785417 0.192188 0.229167
1 0.0421875 0.629167 0.078125 0.2375
1 0.935938 0.0802083 0.128125 0.160417
1 0.110937 0.265625 0.196875 0.24375
1 0.926562 0.802083 0.146875 0.175
0 0.575 0.255208 0.315625 0.41875
