1 0.13101 0.983173 0.127404 0.0336538
1 0.939904 0.137019 0.120192 0.274038
1 0.116587 0.0336538 0.170673 0.0673077
1 0.352163 0.046875 0.165865 0.09375
1 0.0528846 0.453125 0.100962 0.21875
1 0.283654 0.955529 0.173077 0.0889423
1 0.932692 0.963942 0.134615 0.0721154
0 0.538462 0.758413 0.427885 0.483173
1 0.0588942 0.877404 0.117788 0.197115
1 0.929087 0.792067 0.137019 0.204327
1 0.0540865 0.22476 0.108173 0.233173
1 0.802885 0.716346 0.163462 0.230769
1 0.0709135 0.645433 0.141827 0.247596
1 0.348558 0.50601 0.192308 0.199519
1 0.251202 0.75 0.175481 0.25
1 0.78125 0.301683 0.1875 0.257212
1 0.430288 0.30649 0.173077 0.247596
1 0.647837 0.104567 0.170673 0.204327
1 0.614183 0.38101 0.175481 0.209135
