1 0.91226 0.919471 0.170673 0.15625
1 0.592548 0.167067 0.15625 0.223558
1 0.186298 0.819712 0.185096 0.225962
1 0.875 0.929087 0.192308 0.141827
1 0.385817 0.239183 0.21875 0.233173
1 0.956731 0.914663 0.0865385 0.161058
1 0.147837 0.0805288 0.151442 0.15625
1 0.960337 0.408654 0.0793269 0.302885
1 0.15625 0.698317 0.177885 0.237981
1 0.266827 0.542067 0.149038 0.161058
1 0.30649 0.909856 0.151442 0.180288
1 0.847356 0.389423 0.165865 0.192308
2 0.133413 0.346154 0.0600962 0.0913462
1 0.588942 0.0661058 0.153846 0.132212
1 0.442308 0.0612981 0.163462 0.122596
1 0.292067 0.0853365 0.170673 0.170673
1 0.245192 0.282452 0.206731 0.257212
1 0.948317 0.611779 0.103365 0.21875
1 0.354567 0.489183 0.180288 0.213942
1 0.324519 0.728365 0.192308 0.197115
1 0.0901442 0.177885 0.175481 0.230769
1 0.75 0.393029 0.163462 0.175481
1 0.507212 0.265625 0.216346 0.213942
1 0.856971 0.233173 0.165865 0.221154
1 0.870192 0.737981 0.192308 0.221154
1 0.711538 0.5625 0.177885 0.206731
0 0.582933 0.805288 0.382212 0.384615
