1 0.96875 0.0480769 0.0625 0.0961538
1 0.838942 0.0168269 0.192308 0.0336538
1 0.438702 0.75601 0.15625 0.209135
1 0.518029 0.91226 0.185096 0.175481
1 0.0949519 0.0204327 0.151442 0.0408654
1 0.0661058 0.971154 0.127404 0.0576923
1 0.539663 0.0228365 0.170673 0.0456731
1 0.739183 0.645433 0.161058 0.257212
1 0.481971 0.711538 0.199519 0.177885
1 0.450721 0.0673077 0.161058 0.134615
1 0.228365 0.949519 0.201923 0.0961538
1 0.415865 0.19351 0.192308 0.199519
1 0.317308 0.0805288 0.182692 0.161058
1 0.915865 0.555288 0.168269 0.168269
1 0.926683 0.784856 0.141827 0.194712
1 0.961538 0.19351 0.0769231 0.180288
1 0.0372596 0.836538 0.0745192 0.264423
1 0.168269 0.125 0.197115 0.230769
1 0.792067 0.956731 0.204327 0.0865385
1 0.301683 0.367788 0.175481 0.259615
1 0.948317 0.424279 0.103365 0.209135
1 0.84976 0.836538 0.194712 0.235577
1 0.317308 0.554087 0.173077 0.242788
1 0.415865 0.932692 0.144231 0.134615
1 0.65024 0.8125 0.165865 0.192308
1 0.0661058 0.473558 0.132212 0.221154
0 0.544471 0.459135 0.387019 0.466346
