1 0.953125 0.9375 0.09375 0.125
1 0.208594 0.958333 0.173438 0.0833333
1 0.05625 0.0583333 0.109375 0.116667
1 0.630469 0.110417 0.154687 0.204167
1 0.910937 0.777083 0.165625 0.229167
1 0.403906 0.078125 0.185937 0.15625
1 0.949219 0.189583 0.0984375 0.241667
1 0.303125 0.2625 0.1625 0.2125
1 0.408594 0.926042 0.173438 0.147917
1 0.3 0.615625 0.1625 0.202083
1 0.178125 0.672917 0.153125 0.195833
1 0.786719 0.625 0.195312 0.225
1 0.817969 0.261458 0.148438 0.189583
1 0.286719 0.825 0.151562 0.183333
1 0.596875 0.641667 0.16875 0.225
0 0.121875 0.373958 0.2375 0.447917
1 0.629687 0.371875 0.1875 0.23125
1 0.174219 0.117708 0.139062 0.164583
1 0.654688 0.84375 0.153125 0.208333
1 0.917188 0.457292 0.165625 0.260417
