1 0.770312 0.96875 0.096875 0.0625
1 0.378906 0.933333 0.132812 0.129167
1 0.971875 0.234375 0.05625 0.23125
1 0.979688 0.719792 0.040625 0.214583
1 0.738281 0.333333 0.179688 0.2375
1 0.0226563 0.483333 0.0453125 0.183333
1 0.0203125 0.771875 0.040625 0.18125
1 0.960938 0.489583 0.078125 0.245833
1 0.676562 0.942708 0.153125 0.114583
1 0.711719 0.270833 0.145313 0.195833
1 0.597656 0.821875 0.151562 0.152083
1 0.0976562 0.309375 0.195312 0.20625
1 0.05625 0.109375 0.1125 0.21875
1 0.321875 0.44375 0.15625 0.254167
1 0.417969 0.125 0.173438 0.241667
1 0.198437 0.922917 0.14375 0.145833
1 0.703125 0.078125 0.1875 0.15625
1 0.475781 0.570833 0.173438 0.204167
1 0.3125 0.109375 0.16875 0.210417
1 0.928125 0.904167 0.14375 0.191667
1 0.453125 0.911458 0.1625 0.177083
0 0.808594 0.665625 0.310937 0.46875
1 0.325781 0.701042 0.154687 0.239583
1 0.0734375 0.627083 0.1375 0.195833
1 0.914062 0.134375 0.171875 0.202083
1 0.507812 0.715625 0.184375 0.19375
1 0.217969 0.484375 0.173438 0.239583
