1 0.392969 0.21875 0.160938 0.220833
1 0.0265625 0.810417 0.053125 0.229167
1 0.940625 0.941667 0.11875 0.116667
1 0.817969 0.0458333 0.154687 0.0916667
0 0.233594 0.125 0.342187 0.25
1 0.046875 0.558333 0.09375 0.254167
1 0.95 0.153125 0.1 0.21875
1 0.264062 0.372917 0.2125 0.208333
1 0.158594 0.702083 0.145313 0.220833
1 0.7875 0.922917 0.14375 0.154167
1 0.64375 0.690625 0.196875 0.264583
1 0.734375 0.465625 0.21875 0.247917
1 0.702344 0.176042 0.176563 0.202083
1 0.532812 0.88125 0.184375 0.2125
1 0.361719 0.778125 0.173438 0.247917
