1 0.678906 0.182292 0.123438 0.19375
1 0.0492188 0.35 0.0984375 0.204167
1 0.786719 0.928125 0.173438 0.14375
1 0.96875 0.911458 0.0625 0.152083
1 0.630469 0.748958 0.129688 0.197917
1 0.397656 0.977083 0.154687 0.0458333
2 0.842188 0.04375 0.06875 0.0791667
0 0.867188 0.401042 0.103125 0.14375
1 0.9625 0.547917 0.075 0.2625
2 0.864062 0.395833 0.115625 0.141667
1 0.0703125 0.963542 0.140625 0.0729167
1 0.333594 0.0364583 0.185937 0.06875
1 0.0710938 0.354167 0.142188 0.233333
1 0.747656 0.903125 0.173438 0.185417
1 0.590625 0.071875 0.175 0.14375
1 0.160156 0.0541667 0.160938 0.108333
1 0.734375 0.390625 0.165625 0.24375
1 0.0523437 0.822917 0.104687 0.191667
1 0.935938 0.791667 0.128125 0.225
1 0.586719 0.65625 0.160938 0.220833
1 0.750781 0.144792 0.164062 0.21875
1 0.279687 0.567708 0.1625 0.222917
1 0.190625 0.208333 0.159375 0.225
1 0.510938 0.877083 0.159375 0.233333
0 0.438281 0.307292 0.345313 0.49375
1 0.770312 0.626042 0.184375 0.23125
1 0.300781 0.880208 0.176563 0.210417
1 0.14375 0.672917 0.175 0.229167
1 0.41875 0.720833 0.1625 0.2
