1 0.932813 0.872917 0.134375 0.245833
1 0.0273438 0.363542 0.0546875 0.177083
1 0.197656 0.20625 0.154687 0.2375
1 0.432813 0.326042 0.159375 0.20625
1 0.801562 0.463542 0.171875 0.235417
1 0.571094 0.942708 0.201562 0.114583
1 0.927344 0.585417 0.142188 0.2125
1 0.114844 0.611458 0.170312 0.252083
1 0.258594 0.736458 0.151562 0.21875
1 0.510938 0.359375 0.15 0.197917
1 0.758594 0.578125 0.160938 0.222917
1 0.498437 0.573958 0.203125 0.197917
1 0.225 0.921875 0.178125 0.15625
1 0.9375 0.74375 0.125 0.1875
1 0.780469 0.071875 0.160938 0.139583
1 0.588281 0.0958333 0.167187 0.191667
1 0.920313 0.075 0.159375 0.15
1 0.0554687 0.234375 0.110937 0.210417
1 0.777344 0.836458 0.151562 0.227083
1 0.9375 0.273958 0.125 0.24375
0 0.628125 0.771875 0.25 0.335417
1 0.06875 0.904167 0.1375 0.191667
1 0.385156 0.107292 0.182812 0.214583
1 0.357812 0.725 0.175 0.229167
1 0.259375 0.50625 0.16875 0.220833
