1 0.721094 0.6625 0.148438 0.2
1 0.0710938 0.133333 0.142188 0.204167
1 0.901563 0.0770833 0.159375 0.15
1 0.392969 0.241667 0.182812 0.208333
1 0.01875 0.889583 0.0375 0.175
1 0.182812 0.529167 0.140625 0.204167
1 0.0882813 0.515625 0.160938 0.23125
1 0.7375 0.577083 0.175 0.1875
1 0.0375 0.682292 0.075 0.277083
1 0.954687 0.228125 0.090625 0.239583
1 0.0804688 0.322917 0.160938 0.204167
1 0.948438 0.936458 0.103125 0.127083
1 0.959375 0.70625 0.08125 0.229167
1 0.210938 0.0916667 0.146875 0.183333
1 0.755469 0.338542 0.182812 0.247917
1 0.438281 0.0541667 0.151562 0.108333
1 0.516406 0.928125 0.192188 0.14375
1 0.552344 0.189583 0.201562 0.245833
1 0.819531 0.819792 0.157813 0.202083
1 0.658594 0.390625 0.164062 0.214583
1 0.804688 0.102083 0.184375 0.204167
1 0.2875 0.297917 0.15625 0.225
1 0.69375 0.936458 0.14375 0.127083
0 0.189844 0.803125 0.345313 0.39375
1 0.407031 0.692708 0.176563 0.189583
1 0.571094 0.739583 0.157813 0.2125
1 0.422656 0.458333 0.167187 0.233333
1 0.917188 0.457292 0.165625 0.222917
