      0/99     2.64G   0.06552   0.06048   0.01953    0.1455        53       640   0.01746    0.0902   0.01827  0.003873   0.09211   0.09544   0.01712
      1/99     3.62G   0.06414   0.06294   0.01495     0.142         9       640   0.01815     0.113   0.02202  0.005161   0.08713    0.1003   0.01356
      2/99     3.63G   0.06284   0.06088    0.0121    0.1358        83       640   0.05855   0.04798   0.03301  0.008067   0.08375   0.09843  0.009518
      3/99     3.63G   0.06168   0.05929  0.009105    0.1301        11       640    0.6956     0.128   0.02004  0.003385   0.07878    0.1141   0.01108
      4/99     3.63G   0.05948   0.05518  0.008473    0.1231        16       640     0.112    0.1096   0.07733   0.02495    0.1007    0.1146   0.01046
      5/99     3.63G   0.05729   0.05118  0.005433    0.1139       107       640    0.4148    0.6233    0.4971    0.2184   0.06713    0.1132  0.009817
      6/99     3.63G   0.05267   0.04872  0.004316    0.1057        62       640    0.8405    0.5379    0.6422    0.3604   0.06321    0.1048  0.006598
      7/99     3.63G   0.04852   0.04604  0.003371   0.09793        17       640    0.5108    0.6279      0.61     0.309   0.06565    0.1094  0.008881
      8/99     3.63G   0.04563   0.04527  0.002804   0.09371        10       640    0.8998    0.5595    0.6171    0.3749   0.06711    0.1003  0.004731
      9/99     3.63G   0.04399   0.04517  0.002561   0.09172        42       640    0.5361     0.745    0.6843    0.4074   0.05835    0.1082   0.00482
     10/99     3.63G   0.04162   0.04691  0.002254   0.09078        44       640    0.5955    0.7382    0.6875    0.4126   0.06054    0.1099  0.005344
     11/99     3.63G   0.04063   0.04463  0.001992   0.08726        21       640    0.5868    0.7166    0.6764    0.4407   0.05946    0.1083  0.005063
     12/99     3.63G   0.03974   0.04544  0.001996   0.08718        53       640    0.5796    0.7227    0.6732     0.433    0.0601    0.1045  0.005051
     13/99     3.63G   0.03998    0.0461  0.002128   0.08822         8       640    0.5687    0.7661    0.6759    0.4482   0.05913    0.1069   0.00518
     14/99     3.63G   0.03879   0.04417  0.001845    0.0848        37       640    0.5598     0.829     0.677    0.4463   0.05625    0.1091  0.003989
     15/99     3.63G   0.03768   0.04442  0.001838   0.08393        18       640    0.6016    0.7712    0.6966    0.4513   0.05621    0.1094  0.004649
     16/99     3.63G   0.03759   0.04479  0.001817    0.0842        65       640    0.6024    0.7951     0.678    0.4383   0.05412    0.1133  0.004045
     17/99     3.63G   0.03826   0.04504  0.002025   0.08533        10       640    0.4815    0.7395    0.5909    0.3834   0.05609    0.1163   0.02108
     18/99     3.63G   0.03742   0.04679  0.001755   0.08596        49       640    0.5768    0.8266    0.6865    0.4649   0.05442    0.1109  0.003788
     19/99     3.63G   0.03653    0.0461  0.001761    0.0844        63       640    0.6112    0.8705    0.7121    0.4635   0.05344    0.1118   0.00467
     20/99     3.63G   0.03698   0.04571  0.001648   0.08433        27       640    0.6241    0.7752    0.6956    0.4564   0.05399    0.1151  0.004867
     21/99     3.63G   0.03637   0.04598  0.001661   0.08401        16       640    0.5868    0.7967    0.6956    0.4328   0.05639    0.1083  0.004614
     22/99     3.63G   0.03596    0.0466  0.001322   0.08388        44       640    0.6119    0.7938    0.6943    0.4677    0.0525    0.1144   0.00413
     23/99     3.63G   0.03589   0.04741  0.001494   0.08479         6       640    0.5719    0.7437    0.6774    0.4406   0.05635    0.1134   0.01334
     24/99     3.63G   0.03476   0.04746  0.001282    0.0835        63       640    0.6513    0.7632    0.7076    0.4633   0.05657    0.1081  0.003777
     25/99     3.63G   0.03445   0.04626  0.001415   0.08212        22       640    0.6008    0.8635    0.7025     0.482   0.05087    0.1128  0.004417
     26/99     3.63G    0.0337   0.04694  0.001271   0.08192         6       640    0.6499    0.8684    0.7208    0.4902   0.05228    0.1108  0.003954
     27/99     3.63G   0.03304   0.04579  0.001104   0.07993        24       640    0.6799    0.7116    0.7071    0.4511   0.05659    0.1119  0.003914
     28/99     3.63G    0.0336    0.0455  0.001069   0.08017         8       640    0.6028     0.757    0.6667    0.4188   0.05487    0.1186  0.004496
     29/99     3.63G   0.03379   0.04708  0.001206   0.08208        97       640    0.6506    0.8979    0.7295    0.5031   0.05282    0.1125  0.004156
     30/99     3.63G   0.03308   0.04684  0.001018   0.08094        26       640    0.4748    0.6595    0.4799    0.3085   0.06671    0.1373    0.2087
     31/99     3.63G   0.03294   0.04759  0.001111   0.08164        83       640    0.5523    0.7008     0.578    0.3928   0.05488    0.1156   0.03432
     32/99     3.63G   0.03232   0.04531 0.0009806   0.07861        20       640     0.552     0.794    0.5947    0.3848   0.05211    0.1162    0.0143
     33/99     3.63G   0.03226    0.0465 0.0009076   0.07967         7       640    0.1533     0.601    0.1056   0.05651   0.07048    0.2484    0.3606
     34/99     3.63G   0.03213   0.04657  0.001044   0.07974       113       640    0.5873    0.8119    0.6903    0.4651   0.05151    0.1194  0.004563
     35/99     3.63G   0.03159   0.04594 0.0009707    0.0785        42       640    0.1683    0.6448    0.1345   0.06721   0.06205    0.2257   0.09398
     36/99     3.63G   0.03138   0.04662 0.0008343   0.07883         6       640    0.7094    0.7628    0.7434    0.5061   0.05566    0.1105  0.003146
     37/99     3.63G   0.03159   0.04595  0.000913   0.07845        45       640    0.6527    0.8656    0.7348    0.4986   0.05176    0.1149   0.00324
     38/99     3.63G   0.03172    0.0462 0.0009314   0.07886        12       640    0.4062    0.8449    0.4601      0.29   0.05377    0.1236  0.004484
     39/99     3.63G   0.03123   0.04722 0.0008573   0.07931         5       640    0.1962    0.6436    0.1599   0.09071   0.06482    0.1778    0.3146
     40/99     3.63G   0.03127   0.04705 0.0008246   0.07914        47       640    0.1904    0.7116     0.168   0.09595   0.05701    0.2081    0.1538
     41/99     3.63G   0.03083   0.04649 0.0009213   0.07824        59       640    0.6042    0.7885    0.6915    0.4943   0.04974    0.1194  0.003725
     42/99     3.63G   0.03135    0.0472 0.0008142   0.07937         9       640    0.5999    0.7728    0.6907    0.4569   0.05141    0.1158  0.004082
     43/99     3.63G   0.03173   0.04696 0.0009051    0.0796        16       640    0.6683    0.7691    0.7261    0.5007   0.05144    0.1158  0.003732
     44/99     3.63G   0.03082   0.04794 0.0008913   0.07966         7       640      0.65     0.796    0.7171     0.495   0.05001    0.1188  0.003577
     45/99     3.63G   0.03085   0.04673 0.0008458   0.07843        53       640    0.5499    0.8574    0.6632    0.4562   0.04953    0.1198  0.003956
     46/99     3.63G   0.03118   0.04589 0.0008373   0.07791        60       640    0.3147    0.7398    0.3119    0.1887   0.05867    0.1501   0.09262
     47/99     3.63G   0.03053   0.04512 0.0009312   0.07658        12       640    0.6443    0.8119    0.7245    0.5131   0.04932    0.1216  0.004168
     48/99     3.63G    0.0306   0.04535 0.0007668   0.07671        11       640     0.309    0.6839    0.2823    0.1569   0.05509    0.1295    0.0202
     49/99     3.63G   0.03002   0.04622 0.0007494   0.07699        15       640     0.415    0.8027    0.4466    0.2909   0.05056    0.1233  0.003863
     50/99     3.63G   0.02997   0.04633 0.0008266   0.07712         4       640    0.3203    0.8484    0.3775    0.2392   0.05139    0.1262  0.007377
     51/99     3.63G   0.03015   0.04464 0.0007755   0.07557        12       640     0.526    0.7757    0.5793    0.3907   0.05058    0.1198  0.004479
     52/99     3.63G   0.03021   0.04546 0.0007358    0.0764        93       640    0.6302    0.8162    0.6911    0.4854   0.04956     0.119  0.003451
     53/99     3.63G    0.0302   0.04636 0.0008946   0.07745        30       640    0.6989    0.7735    0.7465    0.5175   0.04948    0.1194  0.002945
     54/99     3.63G   0.02957   0.04428  0.000635   0.07449        58       640    0.4002    0.8704    0.5049    0.3401   0.05046    0.1219   0.01712
     55/99     3.63G   0.02994   0.04502  0.000746    0.0757        48       640   0.09877    0.5959   0.06287   0.03192   0.07239    0.3301    0.2047
     56/99     3.63G   0.03002   0.04525 0.0008005   0.07608        14       640    0.7032    0.7909    0.7533    0.5322   0.04978    0.1186  0.002605
     57/99     3.63G   0.02943   0.04452 0.0007259   0.07468        23       640    0.6403    0.8366     0.726    0.5177   0.04888    0.1211  0.002624
     58/99     3.63G   0.02927   0.04387 0.0006979   0.07384        11       640    0.5899    0.7538    0.6438    0.4526   0.04796     0.123   0.00553
     59/99     3.63G   0.02926   0.04488 0.0008202   0.07497        57       640    0.5509    0.8006    0.6325    0.4388   0.04839    0.1215  0.002892
     60/99     3.63G   0.02984   0.04542 0.0007624   0.07602        45       640    0.5467    0.7975    0.6109    0.4292   0.04799    0.1236  0.002865
     61/99     3.63G   0.02928   0.04603 0.0006831   0.07599        28       640    0.1187    0.5916   0.07417   0.04148   0.05924    0.5175    0.1582
     62/99     3.63G   0.02935   0.04458 0.0008752    0.0748        30       640    0.7115    0.8169    0.7674    0.5442   0.04814    0.1211  0.002414
     63/99     3.63G   0.02936   0.04615 0.0007556   0.07627        24       640    0.6397    0.8077    0.7267     0.517   0.04759    0.1234  0.002536
     64/99     3.63G   0.02928   0.04555 0.0007296   0.07556        14       640    0.6787    0.8281     0.767    0.5472   0.04697    0.1234  0.002582
     65/99     3.63G   0.02891   0.04676 0.0007187   0.07639        80       640    0.4003     0.781    0.4111    0.2739   0.04819    0.1309  0.003892
     66/99     3.63G   0.02897   0.04563 0.0007787   0.07538        14       640    0.6749    0.7383    0.7216    0.5204   0.04734     0.122  0.002744
     67/99     3.63G   0.02901   0.04581  0.000804   0.07562        48       640    0.6845     0.771    0.7283    0.5222   0.04726    0.1243  0.002704
     68/99     3.63G   0.02898   0.04602 0.0007896   0.07579        18       640    0.6256    0.7732    0.6907    0.4952   0.04728    0.1237  0.002713
     69/99     3.63G   0.02893   0.04636 0.0006106    0.0759        28       640    0.6099    0.7868    0.6612    0.4679    0.0471    0.1254  0.002575
     70/99     3.63G   0.02864   0.04437 0.0006294   0.07364        42       640     0.418    0.8057    0.4624    0.3095   0.04761    0.1287  0.002855
     71/99     3.63G   0.02883   0.04484 0.0006077   0.07427         7       640    0.3127    0.8445    0.3394    0.2199   0.04778    0.1462  0.004501
     72/99     3.63G    0.0284    0.0456 0.0005664   0.07456        68       640    0.2253    0.8257    0.2338    0.1484   0.04971    0.1877   0.01026
     73/99     3.63G    0.0284   0.04507 0.0006377   0.07411        12       640    0.5165    0.7984    0.5633    0.3929   0.04787    0.1239   0.00264
     74/99     3.63G   0.02863   0.04422 0.0005361   0.07339        76       640     0.677    0.7845    0.7123    0.5076   0.04651    0.1249  0.002405
     75/99     3.63G   0.02832   0.04533 0.0005715   0.07422        21       640    0.6088    0.7724    0.6435    0.4524   0.04688    0.1258  0.002791
     76/99     3.63G   0.02813   0.04385 0.0006909   0.07267        44       640    0.6952    0.8242    0.7521     0.536    0.0467    0.1249  0.002291
     77/99     3.63G   0.02825   0.04396 0.0006565   0.07287        13       640    0.2436    0.7567    0.2267    0.1439    0.0492    0.1902   0.01831
     78/99     3.63G   0.02833   0.04447 0.0005325   0.07334        13       640    0.6632    0.7808    0.7168    0.5149   0.04655    0.1254   0.00232
     79/99     3.63G   0.02854   0.04578 0.0005836   0.07491        24       640    0.2613     0.842    0.2743    0.1746   0.04848    0.1901   0.01688
     80/99     3.63G   0.02838   0.04501 0.0005956   0.07399        12       640    0.3151    0.7961    0.3149    0.2034   0.04765    0.1496   0.01231
     81/99     3.63G   0.02812    0.0448 0.0005075   0.07343        24       640    0.3063    0.7954    0.3188    0.2093   0.04746    0.1521    0.0129
     82/99     3.63G   0.02823   0.04485 0.0005958   0.07368        40       640     0.639    0.9141    0.7331    0.5314   0.04616    0.1255  0.002629
     83/99     3.63G   0.02827   0.04581  0.000593   0.07467         7       640    0.3808    0.7824    0.3929    0.2636   0.04684    0.1383  0.005049
     84/99     3.63G   0.02822   0.04591 0.0005782   0.07471        29       640    0.7118    0.7586    0.7474    0.5415    0.0463    0.1238  0.002115
     85/99     3.63G   0.02825   0.04396 0.0005703   0.07278         9       640    0.6555    0.8933    0.7299    0.5308   0.04623    0.1255  0.002342
     86/99     3.63G   0.02834   0.04504 0.0006149     0.074         8       640     0.494    0.7409    0.5136    0.3569   0.04611    0.1287  0.004786
     87/99     3.63G    0.0281   0.04584 0.0006003   0.07454        18       640    0.5004    0.7585    0.5372     0.374   0.04624    0.1284   0.00386
     88/99     3.63G   0.02811   0.04498 0.0006363   0.07373        23       640    0.5784    0.8431     0.677    0.4883   0.04599    0.1268  0.002333
     89/99     3.63G   0.02823   0.04416 0.0005384   0.07293        22       640    0.6981    0.7794    0.7409    0.5354   0.04609    0.1262  0.002176
     90/99     3.63G   0.02805   0.04402 0.0005827   0.07266        55       640    0.6853    0.7685     0.734    0.5346   0.04589    0.1266  0.002122
     91/99     3.63G   0.02794     0.045 0.0005672    0.0735        12       640    0.6678    0.8022    0.7388    0.5417   0.04597    0.1259  0.002131
     92/99     3.63G   0.02788   0.04538 0.0005748   0.07383        20       640    0.7064     0.789    0.7636    0.5489   0.04564     0.126  0.002171
     93/99     3.63G   0.02761   0.04422 0.0004858   0.07232         9       640    0.6911    0.7759    0.7371    0.5352   0.04559    0.1263  0.002146
     94/99     3.63G   0.02751   0.04629 0.0005518   0.07435        48       640     0.674    0.7761    0.7298     0.533   0.04569     0.127  0.002204
     95/99     3.63G    0.0279   0.04539 0.0006066    0.0739        19       640    0.6969    0.7786    0.7383    0.5385   0.04581    0.1268  0.002252
     96/99     3.63G   0.02807   0.04542 0.0004926   0.07399        21       640    0.6531    0.8219    0.7341    0.5322   0.04619    0.1255  0.002154
     97/99     3.63G   0.02801   0.04531 0.0006393   0.07396         3       640    0.6802    0.7544    0.7214    0.5296   0.04581    0.1262  0.002139
     98/99     3.63G   0.02784    0.0461 0.0005777   0.07451        52       640      0.64     0.831    0.7282    0.5318   0.04574    0.1265  0.002127
     99/99     3.63G   0.02756   0.04472 0.0005621   0.07285       100       640    0.6827    0.7908    0.7378    0.5402   0.04576    0.1267   0.00215
