      0/99      2.7G   0.06611    0.0612   0.01953    0.1468        68       640    0.3831    0.1515   0.01903  0.003499   0.09079   0.09531   0.01668
      1/99     4.14G   0.06461   0.06072   0.01451    0.1398        60       640   0.05102    0.2316   0.05072  0.008704   0.09002   0.09395    0.0199
      2/99     4.14G   0.06459   0.06098   0.01068    0.1362        15       640    0.7615    0.1517   0.09059   0.01761   0.09046   0.09423   0.01451
      3/99     4.14G   0.06452   0.06139  0.006804    0.1327        32       640    0.1204    0.6162   0.05611    0.0105    0.0907   0.09984  0.004524
      4/99     4.14G   0.06242   0.05622   0.00387    0.1225        23       640    0.3136    0.3539    0.2344   0.06577    0.0822   0.09705  0.004343
      5/99     4.14G   0.06073     0.052  0.003132    0.1159        44       640    0.1127    0.4912    0.1351   0.03488   0.08761    0.1002  0.006323
      6/99     4.14G    0.0567   0.05004  0.002869    0.1096        10       640    0.7851      0.46    0.5147    0.2096   0.08297   0.09914  0.006032
      7/99     4.14G   0.05169   0.04884  0.002546    0.1031         4       640    0.4701    0.7348    0.6269    0.2886   0.08044   0.08768  0.004061
      8/99     4.14G   0.04938   0.04973   0.00247    0.1016         6       640    0.8223    0.5196    0.6217     0.268   0.07707   0.08774  0.006975
      9/99     4.14G   0.04677   0.04712  0.002295   0.09618         4       640    0.4748    0.7068    0.5691    0.2254   0.07371   0.09023   0.03721
     10/99     4.14G   0.04495   0.04815  0.002191   0.09529        13       640    0.3095    0.5424    0.3248    0.1471   0.06932    0.1431    0.0687
     11/99     4.14G   0.04357   0.04751  0.001846   0.09292         7       640    0.4328    0.7664    0.6223    0.3517   0.06565   0.09032  0.009099
     12/99     4.14G   0.04104   0.04825  0.001838   0.09114        53       640    0.5909    0.7784    0.6992    0.4143   0.06331   0.09072  0.006262
     13/99     4.14G   0.04051   0.04801  0.001689   0.09021        14       640     0.554    0.7359    0.6676    0.3797   0.06369   0.09591   0.01597
     14/99     4.14G   0.03846   0.04734   0.00163   0.08743         9       640    0.5287     0.721    0.6064    0.3114   0.06734   0.08899   0.02528
     15/99     4.14G   0.03889   0.04791  0.001404    0.0882         9       640    0.5463    0.8197    0.6733    0.3931   0.06444    0.0898   0.00622
     16/99     4.14G   0.03739   0.04674  0.001321   0.08545        41       640    0.6441     0.843    0.6996    0.4526   0.06354   0.09204   0.00476
     17/99     4.15G   0.03647   0.04793   0.00126   0.08565        68       640    0.6217    0.7393     0.693    0.4263    0.0672   0.08674  0.008916
     18/99     4.15G   0.03618   0.04533  0.001269   0.08278        33       640    0.5907    0.8602    0.6838    0.4213   0.06631   0.09321  0.003951
     19/99     4.15G   0.03635   0.04716  0.001155   0.08466        23       640     0.574    0.8125    0.6895    0.4262   0.06627   0.08991  0.007907
     20/99     4.15G   0.03548   0.04663  0.001133   0.08324         5       640    0.6225    0.7897    0.7011    0.4376   0.06558   0.09101    0.0123
     21/99     4.15G   0.03444   0.04508  0.001229   0.08075        10       640    0.6034    0.8691    0.7022    0.4572    0.0649   0.08749   0.00326
     22/99     4.15G   0.03425   0.04628   0.00114   0.08167         9       640    0.6493    0.7802    0.7139    0.4741   0.06523   0.09065  0.003579
     23/99     4.15G   0.03419   0.04533  0.001036   0.08055        22       640    0.6077    0.7556     0.666    0.4194   0.06594   0.09312  0.009834
     24/99     4.15G   0.03406   0.04567   0.00106   0.08079        47       640    0.6554    0.8803    0.7316    0.4859   0.06411   0.08923  0.004812
     25/99     4.15G   0.03324   0.04675  0.001113    0.0811        54       640    0.6736     0.795    0.7392    0.4885   0.06274   0.09013  0.003421
     26/99     4.15G   0.03386     0.047  0.001019   0.08188        22       640     0.658    0.8184    0.7194    0.4848   0.06315   0.09488   0.01005
     27/99     4.15G   0.03347   0.04615     0.001   0.08061         8       640    0.6569    0.7416    0.6995    0.4487   0.06394   0.09583  0.003458
     28/99     4.15G   0.03311   0.04607  0.001125   0.08031        53       640    0.6351    0.8064    0.7073     0.459    0.0664   0.09472   0.00305
     29/99     4.15G   0.03257    0.0448 0.0009356    0.0783        40       640    0.6947    0.7349    0.7294    0.4918   0.06231   0.09351  0.006218
     30/99     4.15G   0.03314   0.04488   0.00107   0.07908        14       640    0.6663    0.8199    0.7254    0.4892   0.06272   0.09037  0.002503
     31/99     4.15G   0.03283   0.04598  0.001012   0.07983        42       640    0.6801    0.7922    0.7382    0.5035   0.06084   0.09525  0.003259
     32/99     4.15G   0.03274   0.04616  0.001119   0.08002        56       640    0.6695    0.8525     0.773    0.5157   0.06141   0.09636  0.002982
     33/99     4.15G   0.03291   0.04493  0.001143   0.07899        21       640    0.6552    0.8275    0.7233    0.4599   0.06281   0.09847   0.01165
     34/99     4.15G   0.03272   0.04464  0.001053   0.07841        19       640     0.693    0.7998    0.7311    0.4919   0.06271   0.09168  0.005535
     35/99     4.15G    0.0322    0.0447  0.001039   0.07795         9       640    0.6247    0.6993    0.6547    0.4121   0.06889   0.09892  0.002916
     36/99     4.15G   0.03261   0.04649  0.001045   0.08015        34       640    0.6563    0.7767    0.7143    0.4747   0.06193   0.09323  0.003161
     37/99     4.15G   0.03243    0.0469 0.0009428   0.08027        70       640    0.6953    0.7975     0.744    0.5128   0.06008   0.09348  0.002862
     38/99     4.15G   0.03156   0.04464 0.0009156   0.07711        82       640    0.6297    0.8735    0.7399    0.5174   0.06039   0.09565  0.002748
     39/99     4.15G   0.03149   0.04487 0.0008634   0.07722        26       640    0.6997    0.8221    0.7683    0.5303   0.05918   0.09526  0.002824
     40/99     4.15G   0.03183   0.04649 0.0008268   0.07915        30       640    0.6036    0.4409    0.5195    0.2883   0.06872    0.1133  0.004535
     41/99     4.15G    0.0316   0.04687 0.0009388   0.07941         5       640    0.6706    0.7619    0.7343    0.5039      0.06   0.09537  0.002775
     42/99     4.15G   0.03095   0.04636 0.0007144   0.07803        14       640    0.6732    0.8738    0.7297    0.5089     0.059   0.09657  0.002614
     43/99     4.15G   0.03049   0.04477 0.0007001   0.07596        12       640    0.6706    0.7782    0.7189    0.5005   0.05932   0.09623  0.002894
     44/99     4.15G   0.03044   0.04518 0.0007173   0.07633         8       640    0.6505    0.8998    0.7304    0.5126   0.05863   0.09628  0.002389
     45/99     4.15G    0.0308    0.0446 0.0007459   0.07615         5       640     0.618     0.856    0.7225    0.5076   0.05867   0.09565  0.002597
     46/99     4.15G   0.03054    0.0451 0.0007858   0.07643        75       640    0.7013    0.8113     0.759    0.5322    0.0584   0.09709  0.002461
     47/99     4.15G   0.02983    0.0448  0.000621   0.07525        16       640    0.6844    0.7947    0.7311    0.5104    0.0581   0.09809  0.002433
     48/99     4.15G   0.02973    0.0444 0.0006829   0.07481        10       640    0.6696    0.8329     0.748    0.5279   0.05832   0.09565  0.002398
     49/99     4.15G   0.02973   0.04477 0.0008163   0.07532         9       640    0.6491    0.8365    0.7251    0.4882   0.06006    0.0985  0.002319
     50/99     4.15G   0.02991   0.04566 0.0007598   0.07633         7       640    0.6629    0.8447    0.7481    0.5272   0.05712   0.09777  0.002633
     51/99     4.15G   0.02976   0.04397 0.0007014   0.07443         6       640    0.7159    0.7721    0.7666     0.532   0.05755   0.09735   0.00234
     52/99     4.15G   0.02938   0.04335 0.0006873   0.07342        17       640    0.6725     0.859    0.7556     0.531   0.05741   0.09689   0.00239
     53/99     4.15G   0.02964   0.04493 0.0008849   0.07545        21       640    0.7443    0.7833    0.7706    0.5414   0.05743   0.09676  0.002872
     54/99     4.15G   0.02924   0.04456 0.0007121   0.07451        55       640    0.6993    0.7966    0.7818    0.5436   0.05741   0.09669  0.002347
     55/99     4.15G   0.02933   0.04513 0.0006887   0.07515        18       640    0.7213    0.7671    0.7498    0.5278   0.05742   0.09919    0.0024
     56/99     4.15G   0.02943   0.04433 0.0006312   0.07439        64       640    0.6684    0.8752    0.7488    0.5296   0.05634   0.09972  0.002358
     57/99     4.15G    0.0291   0.04425  0.000743    0.0741        21       640    0.6562     0.778    0.7303    0.5216   0.05644    0.1004  0.002551
     58/99     4.15G   0.02895   0.04507 0.0006516   0.07466        12       640    0.7172    0.7229    0.7325    0.5174   0.05644    0.1012  0.002712
     59/99     4.15G   0.02939   0.04473 0.0007179   0.07485        40       640    0.6754    0.8309    0.7542    0.5283   0.05605    0.1025  0.002511
     60/99     4.15G   0.02944   0.04549 0.0006065   0.07553         8       640     0.621    0.8762    0.7204    0.5185   0.05624    0.1005  0.002301
     61/99     4.15G   0.02907   0.04504 0.0005936    0.0747        57       640    0.6584    0.8309    0.7425    0.5354   0.05515    0.1024   0.00225
     62/99     4.15G   0.02876   0.04448 0.0005816   0.07381         7       640    0.6407    0.8104    0.7339    0.5258   0.05548    0.1028  0.002323
     63/99     4.15G   0.02855   0.04397 0.0006339   0.07316        49       640    0.7025    0.7931    0.7566    0.5445   0.05548    0.1005  0.002048
     64/99     4.15G   0.02911   0.04536 0.0005931   0.07506        35       640    0.6593    0.8425    0.7486    0.5397   0.05521    0.1012  0.002263
     65/99     4.15G   0.02852   0.04373 0.0005125   0.07276        12       640    0.6638    0.8145    0.7457    0.5351   0.05508    0.1026  0.002182
     66/99     4.15G   0.02885   0.04487 0.0005912   0.07431         3       640    0.6493    0.8646    0.7404    0.5323   0.05582    0.1026  0.002732
     67/99     4.15G   0.02854   0.04509 0.0005707    0.0742         9       640    0.6638    0.8536    0.7722    0.5507   0.05474    0.1036  0.002208
     68/99     4.15G   0.02851   0.04501 0.0006839   0.07421         7       640    0.6567    0.8615    0.7579     0.541   0.05444    0.1054  0.002265
     69/99     4.15G   0.02872   0.04324 0.0006255   0.07259        23       640    0.7099    0.7585    0.7431    0.5302   0.05466    0.1062  0.002176
     70/99     4.15G    0.0286   0.04497 0.0006408   0.07421        46       640    0.6908    0.8205    0.7593    0.5478   0.05392    0.1069  0.002084
     71/99     4.15G   0.02836   0.04331 0.0006709   0.07234         9       640    0.6804    0.8412    0.7467    0.5321   0.05489    0.1023  0.002104
     72/99     4.15G   0.02826   0.04495 0.0007462   0.07395        12       640    0.6574    0.8691    0.7373    0.5308   0.05354    0.1069  0.002086
     73/99     4.15G   0.02833   0.04375 0.0007647   0.07284         7       640    0.6809    0.7439    0.7249    0.5253   0.05365    0.1076  0.002267
     74/99     4.15G   0.02829   0.04434 0.0005887   0.07321        30       640    0.6857    0.7751    0.7419    0.5334   0.05467    0.1055   0.00372
     75/99     4.15G   0.02819     0.044 0.0005459   0.07273        12       640    0.6936    0.7984    0.7464    0.5372   0.05404    0.1083  0.003899
     76/99     4.15G   0.02814   0.04483 0.0005337   0.07351        37       640    0.6889    0.8046    0.7568    0.5433    0.0534    0.1066  0.002202
     77/99     4.15G   0.02817   0.04287 0.0005101   0.07155        53       640    0.7207    0.7843     0.771    0.5527   0.05309    0.1091   0.00213
     78/99     4.15G   0.02831    0.0446 0.0006292   0.07354        48       640    0.7056    0.7381    0.7347    0.5329   0.05369    0.1095  0.002363
     79/99     4.15G   0.02797     0.045 0.0006405    0.0736         9       640    0.7106    0.8292    0.7758    0.5501   0.05339    0.1068  0.002137
     80/99     4.15G   0.02778   0.04364 0.0005742   0.07199        30       640    0.6749    0.7977    0.7443     0.542   0.05296    0.1095  0.002124
     81/99     4.15G   0.02775   0.04396 0.0005298   0.07224        24       640    0.6655    0.7803    0.7216    0.5258   0.05249    0.1097  0.002206
     82/99     4.15G   0.02802   0.04417 0.0005739   0.07276         8       640    0.7009    0.8103      0.76    0.5507    0.0528    0.1103  0.002174
     83/99     4.15G   0.02784   0.04369  0.000536   0.07207        13       640    0.7301    0.7671    0.7711    0.5548   0.05224    0.1101  0.002098
     84/99     4.15G   0.02817   0.04423 0.0006159   0.07301        16       640    0.7212    0.7587    0.7577     0.545    0.0525    0.1092  0.002028
     85/99     4.15G     0.028   0.04341 0.0005781   0.07199         7       640    0.7127    0.7585    0.7445    0.5398   0.05265      0.11   0.00215
     86/99     4.15G   0.02816   0.04454  0.000521   0.07322         4       640     0.699    0.7746    0.7495    0.5418   0.05247    0.1098  0.002092
     87/99     4.15G   0.02786   0.04294 0.0005095   0.07131        42       640    0.7004     0.749    0.7407    0.5312   0.05427    0.1096  0.004633
     88/99     4.15G   0.02791   0.04409 0.0004939    0.0725       115       640     0.672    0.8052    0.7439    0.5275   0.05383    0.1105  0.004093
     89/99     4.15G   0.02755   0.04366 0.0005364   0.07175         7       640    0.6735    0.8252    0.7515    0.5471   0.05204    0.1106  0.001948
     90/99     4.15G   0.02762   0.04459 0.0006027   0.07281        69       640    0.6696    0.8434    0.7607    0.5438   0.05208    0.1111  0.002038
     91/99     4.15G   0.02782   0.04406  0.000517   0.07239        46       640    0.6717    0.8291    0.7518     0.546   0.05197    0.1105  0.001924
     92/99     4.15G   0.02759   0.04452 0.0005713   0.07268        44       640    0.6614    0.8149    0.7373    0.5324   0.05175    0.1122  0.001944
     93/99     4.15G   0.02736    0.0442 0.0005099   0.07207        56       640    0.6481    0.8583    0.7391    0.5336   0.05174     0.112  0.001911
     94/99     4.15G   0.02744   0.04472 0.0005256   0.07269        42       640    0.7001    0.8007    0.7509     0.539   0.05195     0.112  0.002027
     95/99     4.15G   0.02734   0.04422 0.0004859   0.07204        26       640    0.7025    0.8005    0.7601    0.5543   0.05151    0.1134  0.001944
     96/99     4.15G   0.02766   0.04392 0.0005253   0.07211        11       640    0.7116    0.8023    0.7618    0.5538   0.05153    0.1123  0.001902
     97/99     4.15G   0.02765   0.04502 0.0004952   0.07316        33       640    0.7316    0.7733    0.7672    0.5601   0.05169    0.1123  0.001911
     98/99     4.15G    0.0279   0.04328 0.0005236    0.0717         8       640    0.7763    0.7336    0.7777    0.5618   0.05156    0.1129  0.001905
     99/99     4.15G   0.02749   0.04456 0.0005088   0.07257        48       640    0.7047    0.7714    0.7462    0.5392   0.05189    0.1128  0.001943
