1 0.160938 0.0416667 0.203125 0.0833333
1 0.0484375 0.508333 0.096875 0.183333
1 0.151562 0.932292 0.1875 0.135417
1 0.276563 0.740625 0.165625 0.189583
1 0.622656 0.505208 0.139062 0.210417
1 0.797656 0.414583 0.198437 0.220833
1 0.604688 0.296875 0.196875 0.189583
0 0.429688 0.560417 0.31875 0.5
1 0.601562 0.0958333 0.1875 0.191667
1 0.533594 0.859375 0.192188 0.260417
1 0.078125 0.322917 0.15625 0.241667
1 0.0867188 0.760417 0.173438 0.258333
1 0.916406 0.166667 0.167187 0.258333
1 0.764844 0.907292 0.164062 0.185417
1 0.332031 0.915625 0.164062 0.16875
1 0.7625 0.175 0.15 0.229167
1 0.385938 0.255208 0.165625 0.185417
1 0.832031 0.616667 0.192188 0.229167
