1 0.435937 0.03125 0.140625 0.0625
1 0.160938 0.410417 0.2125 0.166667
1 0.778125 0.842708 0.175 0.20625
1 0.29375 0.0416667 0.146875 0.0833333
1 0.853906 0.0885417 0.179688 0.177083
1 0.5875 0.0760417 0.175 0.152083
1 0.964844 0.44375 0.0703125 0.225
1 0.582812 0.453125 0.190625 0.252083
1 0.7375 0.625 0.20625 0.216667
1 0.298438 0.527083 0.175 0.220833
1 0.935938 0.847917 0.128125 0.220833
1 0.415625 0.1875 0.146875 0.2
1 0.103125 0.8625 0.15 0.216667
1 0.707031 0.240625 0.148438 0.20625
1 0.122656 0.0854167 0.154687 0.170833
1 0.515625 0.319792 0.14375 0.18125
1 0.864844 0.329167 0.189063 0.258333
0 0.426562 0.777083 0.38125 0.445833
