1 0.204688 0.971875 0.171875 0.05625
1 0.873438 0.0239583 0.159375 0.0479167
1 0.204688 0.830208 0.178125 0.197917
1 0.0171875 0.710417 0.034375 0.170833
1 0.0257812 0.220833 0.0515625 0.275
1 0.957031 0.825 0.0859375 0.2375
1 0.935938 0.285417 0.128125 0.208333
1 0.940625 0.926042 0.1125 0.14375
1 0.603125 0.0739583 0.18125 0.147917
1 0.392188 0.9625 0.14375 0.075
1 0.957031 0.384375 0.0859375 0.197917
1 0.478906 0.489583 0.179688 0.2375
1 0.675781 0.928125 0.154687 0.14375
1 0.569531 0.49375 0.104687 0.25
1 0.326562 0.836458 0.190625 0.20625
0 0.382031 0.157292 0.382812 0.310417
1 0.314063 0.392708 0.196875 0.235417
1 0.832812 0.892708 0.153125 0.20625
1 0.866406 0.558333 0.176563 0.241667
1 0.728125 0.727083 0.16875 0.229167
1 0.648438 0.252083 0.171875 0.229167
1 0.300781 0.630208 0.185937 0.23125
1 0.514844 0.865625 0.176563 0.239583
