1 0.69375 0.9625 0.1375 0.075
1 0.407031 0.947917 0.114063 0.1
1 0.945312 0.175 0.109375 0.195833
1 0.0382813 0.603125 0.0765625 0.160417
1 0.303125 0.1125 0.175 0.204167
1 0.546875 0.958333 0.146875 0.0833333
1 0.803906 0.714583 0.167187 0.204167
1 0.716406 0.323958 0.189063 0.21875
1 0.68125 0.620833 0.175 0.2
1 0.957812 0.51875 0.084375 0.204167
1 0.882812 0.315625 0.178125 0.197917
1 0.83125 0.91875 0.153125 0.1625
1 0.410937 0.683333 0.153125 0.208333
1 0.264844 0.614583 0.157813 0.204167
1 0.45625 0.43125 0.14375 0.208333
0 0.189844 0.854167 0.307813 0.291667
1 0.225781 0.382292 0.167187 0.222917
