1 0.956731 0.0685096 0.0865385 0.137019
1 0.41226 0.965144 0.170673 0.0697115
1 0.573317 0.804087 0.185096 0.21875
1 0.0396635 0.954327 0.0793269 0.0913462
1 0.949519 0.842548 0.100962 0.185096
1 0.513221 0.852163 0.161058 0.213942
1 0.888221 0.0360577 0.175481 0.0721154
1 0.965144 0.477163 0.0697115 0.185096
1 0.323317 0.283654 0.180288 0.173077
1 0.711538 0.0384615 0.134615 0.0769231
2 0.778846 0.477163 0.0769231 0.0841346
1 0.894231 0.435096 0.1875 0.274038
1 0.854567 0.933894 0.175481 0.132212
1 0.258413 0.115385 0.151442 0.163462
1 0.566106 0.0324519 0.151442 0.0649038
1 0.258413 0.911058 0.170673 0.177885
1 0.143029 0.305288 0.146635 0.221154
1 0.0997596 0.103365 0.175481 0.192308
1 0.0504808 0.352163 0.100962 0.242788
1 0.609375 0.944712 0.141827 0.110577
1 0.81851 0.788462 0.170673 0.201923
1 0.334135 0.74399 0.168269 0.204327
1 0.674279 0.602163 0.175481 0.21875
1 0.0516827 0.828125 0.103365 0.233173
1 0.871394 0.211538 0.185096 0.197115
1 0.71875 0.185096 0.153846 0.182692
1 0.491587 0.137019 0.194712 0.206731
0 0.438702 0.466346 0.348558 0.432692
