2 0.195312 0.253125 0.065625 0.08125
1 0.6375 0.88125 0.1875 0.2375
1 0.25625 0.923958 0.184375 0.152083
2 0.552344 0.254167 0.0796875 0.108333
1 0.351562 0.891667 0.165625 0.208333
1 0.453125 0.09375 0.175 0.179167
1 0.371094 0.638542 0.170312 0.214583
1 0.0492188 0.05 0.0984375 0.1
1 0.870313 0.538542 0.209375 0.247917
1 0.460938 0.947917 0.1625 0.104167
1 0.349219 0.084375 0.198437 0.16875
1 0.660937 0.311458 0.175 0.260417
1 0.0390625 0.242708 0.078125 0.20625
1 0.845312 0.0385417 0.178125 0.0770833
1 0.859375 0.870833 0.18125 0.258333
1 0.182031 0.378125 0.139062 0.18125
1 0.739844 0.715625 0.157813 0.202083
1 0.0554687 0.892708 0.110937 0.214583
1 0.955469 0.75 0.0890625 0.2
1 0.899219 0.3125 0.164062 0.208333
1 0.470313 0.796875 0.121875 0.185417
1 0.649219 0.0572917 0.173438 0.114583
1 0.504687 0.466667 0.196875 0.258333
1 0.129688 0.140625 0.16875 0.20625
0 0.108594 0.569792 0.204688 0.464583
