1 0.407813 0.977083 0.15625 0.0458333
1 0.466406 0.211458 0.148438 0.189583
1 0.215625 0.372917 0.16875 0.175
1 0.9625 0.90625 0.075 0.170833
1 0.229687 0.960417 0.165625 0.0791667
1 0.227344 0.30625 0.164062 0.1875
1 0.0265625 0.084375 0.053125 0.16875
1 0.971875 0.770833 0.05625 0.195833
1 0.959375 0.119792 0.08125 0.172917
1 0.792188 0.829167 0.165625 0.204167
1 0.85625 0.725 0.1625 0.208333
1 0.842188 0.1125 0.146875 0.2
1 0.745313 0.065625 0.134375 0.13125
1 0.965625 0.515625 0.06875 0.227083
1 0.678906 0.288542 0.220313 0.202083
1 0.0835937 0.508333 0.167187 0.2
1 0.273438 0.10625 0.146875 0.2125
1 0.434375 0.10625 0.15625 0.2
1 0.04375 0.8375 0.084375 0.258333
1 0.577344 0.9375 0.132812 0.125
1 0.734375 0.932292 0.15 0.135417
1 0.591406 0.08125 0.176563 0.1625
0 0.326562 0.690625 0.246875 0.33125
1 0.675 0.497917 0.19375 0.1875
1 0.391406 0.344792 0.148438 0.202083
1 0.159375 0.8375 0.15 0.208333
1 0.860937 0.433333 0.165625 0.233333
1 0.53125 0.7625 0.178125 0.241667
1 0.121875 0.121875 0.14375 0.210417
