1 0.744531 0.904167 0.164062 0.191667
0 0.8625 0.39375 0.1125 0.141667
1 0.333594 0.0375 0.182812 0.075
1 0.0523437 0.825 0.104687 0.191667
1 0.159375 0.0572917 0.159375 0.114583
1 0.589063 0.0729167 0.171875 0.145833
1 0.732813 0.39375 0.165625 0.229167
1 0.935156 0.791667 0.129688 0.216667
1 0.278125 0.570833 0.15625 0.216667
1 0.753125 0.142708 0.1625 0.21875
1 0.586719 0.659375 0.164062 0.222917
1 0.514063 0.88125 0.153125 0.220833
1 0.417969 0.720833 0.157813 0.2
1 0.189844 0.207292 0.157813 0.210417
1 0.773438 0.625 0.178125 0.225
1 0.144531 0.673958 0.170312 0.23125
0 0.43125 0.305208 0.35625 0.497917
1 0.302344 0.88125 0.179688 0.208333
