1 0.141406 0.782292 0.179688 0.202083
1 0.689062 0.516667 0.184375 0.258333
1 0.671875 0.94375 0.16875 0.1125
1 0.635938 0.795833 0.153125 0.225
1 0.853125 0.0427083 0.16875 0.0854167
1 0.2875 0.165625 0.203125 0.222917
1 0.250781 0.714583 0.151562 0.229167
2 0.890625 0.907292 0.075 0.0979167
2 0.848437 0.98125 0.053125 0.0333333
1 0.0921875 0.0364583 0.178125 0.0729167
1 0.084375 0.966667 0.15 0.0666667
1 0.425 0.927083 0.18125 0.145833
2 0.0773437 0.4375 0.0671875 0.0875
1 0.289062 0.977083 0.171875 0.0458333
1 0.977344 0.6375 0.0453125 0.233333
1 0.509375 0.046875 0.178125 0.09375
1 0.808594 0.326042 0.154687 0.239583
1 0.345313 0.4 0.153125 0.225
1 0.767969 0.735417 0.151562 0.225
1 0.95625 0.964583 0.0875 0.0708333
1 0.816406 0.464583 0.151562 0.175
1 0.95625 0.326042 0.0875 0.235417
1 0.0421875 0.629167 0.084375 0.233333
1 0.420312 0.489583 0.16875 0.208333
1 0.9375 0.078125 0.125 0.15625
1 0.377344 0.785417 0.192188 0.2125
1 0.110937 0.265625 0.196875 0.247917
1 0.928125 0.803125 0.14375 0.160417
0 0.570312 0.252083 0.321875 0.420833
