1 0.405469 0.964583 0.167187 0.0666667
0 0.264844 0.903125 0.476562 0.19375
1 0.440625 0.090625 0.1625 0.177083
1 0.795313 0.485417 0.159375 0.233333
1 0.329688 0.138542 0.159375 0.189583
1 0.149219 0.642708 0.189063 0.24375
1 0.978125 0.295833 0.04375 0.2125
1 0.497656 0.177083 0.151562 0.179167
1 0.711719 0.9625 0.151562 0.075
1 0.926562 0.961458 0.146875 0.0729167
1 0.932813 0.835417 0.134375 0.2
1 0.645312 0.6125 0.1875 0.175
1 0.691406 0.490625 0.154687 0.214583
1 0.104687 0.252083 0.203125 0.254167
1 0.842188 0.246875 0.190625 0.21875
1 0.590625 0.059375 0.16875 0.11875
1 0.0734375 0.385417 0.146875 0.2125
1 0.117969 0.0604167 0.154687 0.120833
1 0.0507812 0.808333 0.101562 0.216667
1 0.851562 0.0947917 0.146875 0.189583
1 0.625781 0.326042 0.145313 0.227083
0 0.4 0.423958 0.4125 0.464583
1 0.603125 0.870833 0.146875 0.191667
1 0.707812 0.145833 0.159375 0.225
1 0.914844 0.654167 0.170312 0.225
1 0.786719 0.864583 0.164062 0.2
1 0.429688 0.81875 0.165625 0.220833
