1 0.0710938 0.798958 0.132812 0.222917
1 0.940625 0.202083 0.11875 0.2375
1 0.134375 0.954167 0.16875 0.0916667
1 0.211719 0.682292 0.173438 0.20625
1 0.149219 0.0625 0.179688 0.125
1 0.0679687 0.565625 0.135937 0.23125
1 0.40625 0.952083 0.165625 0.0958333
1 0.802344 0.059375 0.164062 0.11875
1 0.682813 0.398958 0.153125 0.177083
1 0.95 0.63125 0.09375 0.183333
1 0.564844 0.877083 0.170312 0.2375
1 0.676562 0.7 0.153125 0.2
1 0.542188 0.144792 0.178125 0.227083
1 0.791406 0.223958 0.185937 0.227083
1 0.510156 0.458333 0.195312 0.208333
1 0.353125 0.25625 0.15 0.2125
0 0.801562 0.834375 0.378125 0.33125
1 0.184375 0.211458 0.18125 0.235417
1 0.811719 0.614583 0.148438 0.183333
1 0.419531 0.672917 0.195312 0.25
