1 0.511719 0.273958 0.135937 0.16875
2 0.135937 0.416667 0.08125 0.116667
1 0.80625 0.9375 0.16875 0.125
1 0.613281 0.973958 0.148438 0.0520833
1 0.921875 0.239583 0.15625 0.204167
1 0.0375 0.484375 0.075 0.177083
1 0.515625 0.227083 0.15 0.2625
1 0.0359375 0.0916667 0.071875 0.183333
1 0.109375 0.936458 0.175 0.127083
1 0.33125 0.942708 0.20625 0.114583
1 0.0898438 0.273958 0.176563 0.23125
1 0.780469 0.545833 0.132812 0.216667
1 0.339063 0.435417 0.203125 0.204167
1 0.182031 0.669792 0.179688 0.239583
1 0.88125 0.416667 0.153125 0.204167
1 0.925781 0.638542 0.145313 0.222917
1 0.183594 0.0927083 0.170312 0.185417
1 0.758594 0.164583 0.164062 0.266667
0 0.476562 0.744792 0.353125 0.49375
