1 0.05 0.346875 0.096875 0.252083
1 0.159375 0.630208 0.175 0.222917
1 0.06875 0.375 0.13125 0.279167
1 0.182031 0.138542 0.148438 0.202083
1 0.732813 0.876042 0.184375 0.235417
1 0.357031 0.634375 0.148438 0.214583
1 0.485156 0.39375 0.167187 0.195833
1 0.040625 0.714583 0.078125 0.1875
1 0.0476562 0.571875 0.0953125 0.197917
1 0.955469 0.560417 0.0890625 0.2375
1 0.467187 0.208333 0.153125 0.2
1 0.928906 0.889583 0.132812 0.204167
1 0.107031 0.959375 0.160938 0.08125
1 0.555469 0.14375 0.170312 0.208333
1 0.0640625 0.115625 0.128125 0.23125
1 0.474219 0.591667 0.129688 0.229167
1 0.803125 0.2 0.2 0.283333
1 0.904688 0.0479167 0.171875 0.0958333
1 0.221875 0.422917 0.146875 0.2
1 0.302344 0.240625 0.157813 0.189583
1 0.655469 0.190625 0.154687 0.247917
1 0.314063 0.422917 0.134375 0.220833
1 0.310156 0.833333 0.154687 0.229167
1 0.199219 0.747917 0.154687 0.179167
1 0.953125 0.297917 0.09375 0.233333
1 0.579687 0.904167 0.159375 0.1875
1 0.882812 0.672917 0.159375 0.220833
0 0.675781 0.6 0.326562 0.416667
