1 0.778125 0.920833 0.11875 0.154167
1 0.461719 0.677083 0.139062 0.141667
1 0.2 0.441667 0.1625 0.25
1 0.104687 0.427083 0.159375 0.204167
1 0.0195312 0.228125 0.0390625 0.16875
1 0.625 0.957292 0.146875 0.0854167
1 0.653125 0.516667 0.1625 0.25
1 0.750781 0.313542 0.148438 0.20625
1 0.90625 0.929167 0.15625 0.141667
2 0.494531 0.816667 0.0640625 0.0833333
2 0.848437 0.569792 0.046875 0.0520833
1 0.0539063 0.25625 0.107813 0.204167
1 0.219531 0.720833 0.148438 0.175
1 0.945312 0.401042 0.109375 0.227083
1 0.4625 0.519792 0.178125 0.202083
1 0.613281 0.38125 0.117188 0.170833
1 0.183594 0.248958 0.157813 0.25625
1 0.09375 0.916667 0.171875 0.166667
1 0.765625 0.25625 0.15625 0.145833
1 0.760156 0.0708333 0.151562 0.141667
1 0.0726563 0.677083 0.145313 0.2125
1 0.496875 0.919792 0.16875 0.160417
1 0.742188 0.85 0.165625 0.195833
1 0.926562 0.188542 0.146875 0.197917
1 0.625 0.135417 0.14375 0.204167
0 0.40625 0.252083 0.35 0.4875
