1 0.646094 0.18125 0.185937 0.2375
1 0.125 0.745833 0.175 0.258333
1 0.551562 0.836458 0.153125 0.185417
1 0.046875 0.901042 0.09375 0.189583
2 0.189844 0.976042 0.0671875 0.0479167
2 0.883594 0.759375 0.0578125 0.102083
1 0.51875 0.944792 0.1875 0.110417
1 0.5625 0.320833 0.165625 0.225
1 0.0414063 0.053125 0.0828125 0.10625
1 0.663281 0.852083 0.204688 0.229167
1 0.240625 0.621875 0.1625 0.252083
1 0.078125 0.528125 0.14375 0.160417
1 0.514844 0.0625 0.148438 0.125
1 0.25 0.419792 0.175 0.210417
1 0.352344 0.0916667 0.176563 0.183333
1 0.903125 0.373958 0.1875 0.210417
0 0.440625 0.55625 0.2625 0.3375
