1 0.898438 0.075 0.153125 0.15
2 0.882812 0.885417 0.059375 0.0791667
1 0.942187 0.479167 0.115625 0.383333
1 0.58125 0.695833 0.15 0.225
1 0.3375 0.075 0.2 0.15
1 0.0859375 0.0541667 0.171875 0.108333
1 0.801562 0.239583 0.146875 0.225
1 0.0460938 0.873958 0.0921875 0.235417
1 0.726562 0.728125 0.15 0.227083
1 0.845312 0.644792 0.184375 0.214583
1 0.95625 0.903125 0.0875 0.19375
1 0.0898438 0.782292 0.157813 0.20625
1 0.414844 0.75 0.170312 0.191667
1 0.682813 0.358333 0.153125 0.179167
0 0.38125 0.304167 0.221875 0.275
