1 0.854688 0.860417 0.178125 0.233333
2 0.375 0.0552083 0.0875 0.10625
2 0.334375 0.232292 0.084375 0.102083
2 0.0273438 0.74375 0.0546875 0.1125
1 0.0296875 0.34375 0.059375 0.229167
1 0.95625 0.26875 0.0875 0.208333
1 0.535156 0.16875 0.182812 0.208333
1 0.276563 0.76875 0.159375 0.204167
1 0.274219 0.938542 0.148438 0.122917
1 0.510938 0.333333 0.190625 0.258333
1 0.946094 0.7375 0.107813 0.220833
1 0.239844 0.159375 0.173438 0.260417
1 0.849219 0.103125 0.185937 0.20625
1 0.542188 0.558333 0.1875 0.195833
1 0.7625 0.80625 0.15 0.216667
1 0.664062 0.0822917 0.171875 0.164583
1 0.0820312 0.108333 0.164062 0.216667
1 0.200781 0.39375 0.135937 0.195833
0 0.508594 0.8125 0.342187 0.375
1 0.110156 0.64375 0.182812 0.225
1 0.317187 0.5375 0.16875 0.225
1 0.739062 0.50625 0.171875 0.2125
1 0.0804688 0.886458 0.160938 0.21875
