1 0.775 0.716667 0.1875 0.25
1 0.0234375 0.0833333 0.046875 0.166667
1 0.116406 0.491667 0.170312 0.2
1 0.920313 0.8 0.159375 0.220833
1 0.465625 0.904167 0.16875 0.191667
1 0.3125 0.94375 0.1625 0.1125
0 0.421094 0.203125 0.407813 0.40625
1 0.964844 0.551042 0.0703125 0.235417
1 0.299219 0.655208 0.160938 0.214583
1 0.460938 0.735417 0.178125 0.195833
1 0.93125 0.0927083 0.1375 0.185417
1 0.717188 0.288542 0.14375 0.20625
1 0.779688 0.0854167 0.1375 0.170833
1 0.199219 0.0791667 0.167187 0.158333
1 0.15625 0.275 0.1625 0.216667
1 0.611719 0.588542 0.195312 0.21875
1 0.197656 0.771875 0.176563 0.227083
1 0.654688 0.821875 0.196875 0.23125
1 0.803125 0.483333 0.178125 0.2
