1 0.530469 0.816667 0.129688 0.245833
1 0.0546875 0.545833 0.109375 0.25
1 0.453906 0.0875 0.142188 0.175
1 0.840625 0.960417 0.15625 0.0791667
1 0.477344 0.6 0.182812 0.208333
1 0.248437 0.290625 0.171875 0.23125
1 0.674219 0.410417 0.185937 0.233333
1 0.328125 0.791667 0.15625 0.25
0 0.699219 0.747917 0.326562 0.445833
1 0.878906 0.529167 0.157813 0.191667
1 0.339063 0.354167 0.175 0.216667
1 0.828906 0.320833 0.154687 0.216667
1 0.307031 0.102083 0.151562 0.183333
1 0.175781 0.747917 0.167187 0.220833
