1 0.971875 0.273958 0.05625 0.202083
1 0.975 0.8875 0.05 0.216667
1 0.0273438 0.125 0.0546875 0.233333
1 0.0429688 0.670833 0.0859375 0.229167
1 0.320312 0.625 0.225 0.254167
1 0.492969 0.125 0.189063 0.2125
1 0.652344 0.157292 0.185937 0.252083
0 0.491406 0.414583 0.348437 0.479167
1 0.257812 0.952083 0.15625 0.0958333
1 0.254687 0.369792 0.178125 0.227083
1 0.511719 0.9125 0.164062 0.175
1 0.0625 0.885417 0.121875 0.225
1 0.710156 0.742708 0.198437 0.26875
1 0.103125 0.4875 0.1875 0.2
1 0.290625 0.141667 0.18125 0.233333
