1 0.917969 0.417708 0.164062 0.214583
1 0.266406 0.0416667 0.173438 0.0833333
1 0.80625 0.482292 0.1625 0.177083
2 0.626562 0.923958 0.0875 0.110417
1 0.382812 0.451042 0.134375 0.24375
1 0.48125 0.442708 0.1875 0.25625
1 0.539844 0.975 0.173438 0.05
1 0.740625 0.420833 0.15 0.1875
1 0.730469 0.916667 0.164062 0.166667
1 0.36875 0.975 0.16875 0.05
2 0.117969 0.03125 0.0671875 0.0583333
1 0.144531 0.129167 0.160938 0.191667
1 0.882812 0.877083 0.184375 0.208333
1 0.0429688 0.838542 0.0859375 0.214583
1 0.028125 0.160417 0.05625 0.220833
1 0.913281 0.176042 0.157813 0.222917
1 0.798437 0.255208 0.153125 0.19375
1 0.145313 0.883333 0.171875 0.2
1 0.601562 0.511458 0.1625 0.21875
1 0.246875 0.352083 0.178125 0.229167
1 0.907812 0.677083 0.159375 0.229167
1 0.0867188 0.33125 0.148438 0.204167
1 0.350781 0.715625 0.157813 0.214583
1 0.477344 0.719792 0.160938 0.210417
0 0.489844 0.180208 0.339063 0.35625
1 0.754687 0.71875 0.171875 0.208333
1 0.204688 0.615625 0.175 0.197917
