2 0.710337 0.725962 0.0841346 0.0961538
1 0.0540865 0.513221 0.108173 0.185096
1 0.158654 0.0384615 0.182692 0.0769231
1 0.278846 0.741587 0.173077 0.189904
1 0.153846 0.932692 0.182692 0.129808
1 0.533654 0.858173 0.192308 0.259615
1 0.793269 0.415865 0.201923 0.211538
0 0.427885 0.5625 0.317308 0.5
1 0.623798 0.504808 0.146635 0.201923
1 0.603365 0.0973558 0.1875 0.194712
1 0.0805288 0.322115 0.161058 0.240385
1 0.914663 0.164663 0.170673 0.257212
1 0.764423 0.909856 0.168269 0.180288
1 0.331731 0.917067 0.168269 0.165865
1 0.605769 0.299279 0.197115 0.185096
1 0.0901442 0.760817 0.175481 0.262019
1 0.834135 0.612981 0.201923 0.225962
1 0.387019 0.254808 0.168269 0.177885
1 0.763221 0.176683 0.146635 0.213942
