1 0.242969 0.04375 0.117188 0.0875
0 0.424219 0.388542 0.529688 0.777083
1 0.642969 0.0875 0.139062 0.175
1 0.521094 0.795833 0.157813 0.2625
0 0.396094 0.236458 0.445312 0.472917
0 0.521875 0.785417 0.153125 0.270833
1 0.563281 0.972917 0.126563 0.0541667
1 0.0179687 0.641667 0.0359375 0.2
1 0.959375 0.863542 0.08125 0.25625
1 0.0421875 0.270833 0.084375 0.245833
1 0.971875 0.154167 0.05625 0.191667
1 0.657812 0.628125 0.1875 0.23125
1 0.672656 0.777083 0.157813 0.229167
1 0.379687 0.934375 0.1375 0.13125
1 0.65625 0.341667 0.14375 0.266667
1 0.0625 0.9 0.125 0.2
1 0.951563 0.5875 0.096875 0.195833
1 0.225 0.941667 0.128125 0.116667
1 0.103906 0.0697917 0.173438 0.139583
1 0.359375 0.541667 0.1875 0.229167
1 0.784375 0.0989583 0.1625 0.197917
1 0.217969 0.741667 0.204688 0.216667
1 0.885938 0.339583 0.159375 0.208333
1 0.107031 0.519792 0.164062 0.235417
