2 0.736719 0.965625 0.0578125 0.06875
1 0.49375 0.948958 0.16875 0.102083
2 0.58125 0.764583 0.06875 0.0916667
1 0.0367187 0.0833333 0.0734375 0.166667
1 0.269531 0.329167 0.160938 0.208333
1 0.688281 0.83125 0.179688 0.258333
2 0.584375 0.452083 0.065625 0.104167
1 0.63125 0.0447917 0.240625 0.0895833
1 0.972656 0.407292 0.0546875 0.19375
1 0.970312 0.61875 0.059375 0.2
1 0.096875 0.0947917 0.171875 0.18125
1 0.678906 0.657292 0.185937 0.197917
1 0.435937 0.913542 0.165625 0.172917
1 0.0976562 0.858333 0.176563 0.229167
1 0.272656 0.476042 0.173438 0.24375
1 0.2875 0.0979167 0.1625 0.1875
1 0.0671875 0.316667 0.134375 0.233333
1 0.932813 0.103125 0.134375 0.19375
1 0.93125 0.836458 0.1375 0.24375
1 0.121094 0.634375 0.182812 0.210417
0 0.461719 0.252083 0.307813 0.458333
1 0.857813 0.629167 0.165625 0.241667
1 0.415625 0.676042 0.165625 0.272917
1 0.269531 0.79375 0.164062 0.2125
1 0.853906 0.394792 0.164062 0.197917
