1 0.375 0.0552083 0.19375 0.110417
1 0.964063 0.926042 0.071875 0.14375
1 0.789062 0.245833 0.153125 0.229167
1 0.860937 0.961458 0.159375 0.0770833
1 0.93125 0.847917 0.1375 0.2375
1 0.103906 0.0625 0.126563 0.125
1 0.0265625 0.3 0.053125 0.183333
1 0.0398437 0.921875 0.0796875 0.15625
1 0.616406 0.963542 0.145313 0.0729167
1 0.0273438 0.114583 0.0546875 0.183333
1 0.945312 0.238542 0.109375 0.189583
1 0.117969 0.917708 0.148438 0.160417
1 0.725781 0.6 0.145313 0.2
1 0.8625 0.0677083 0.153125 0.135417
1 0.21875 0.917708 0.15 0.164583
1 0.251563 0.0875 0.178125 0.170833
1 0.122656 0.227083 0.167187 0.229167
1 0.570312 0.065625 0.140625 0.13125
1 0.671875 0.390625 0.16875 0.23125
1 0.623438 0.596875 0.15625 0.20625
1 0.0695312 0.555208 0.139062 0.202083
1 0.777344 0.875 0.157813 0.191667
1 0.635156 0.829167 0.154687 0.204167
1 0.739844 0.0854167 0.170312 0.166667
1 0.18125 0.736458 0.146875 0.239583
1 0.510938 0.370833 0.1625 0.233333
1 0.31875 0.401042 0.153125 0.21875
0 0.379687 0.688542 0.30625 0.397917
