1 0.331731 0.0264423 0.201923 0.0528846
1 0.795673 0.0625 0.158654 0.125
1 0.0588942 0.585337 0.112981 0.247596
1 0.929087 0.919471 0.141827 0.15625
1 0.112981 0.0288462 0.182692 0.0576923
1 0.0264423 0.887019 0.0528846 0.225962
1 0.790865 0.918269 0.168269 0.158654
1 0.694712 0.326923 0.158654 0.197115
1 0.0697115 0.353365 0.139423 0.221154
1 0.329327 0.141827 0.177885 0.25
1 0.222356 0.965144 0.175481 0.0697115
1 0.977163 0.485577 0.0456731 0.230769
1 0.342548 0.823317 0.21875 0.242788
1 0.360577 0.465144 0.168269 0.286058
1 0.132212 0.852163 0.173077 0.286058
1 0.125 0.567308 0.139423 0.177885
1 0.603365 0.921875 0.206731 0.151442
1 0.909856 0.114183 0.180288 0.213942
1 0.674279 0.536058 0.180288 0.225962
1 0.925481 0.669471 0.149038 0.266827
0 0.543269 0.227163 0.288462 0.353365
