1 0.33125 0.33125 0.134375 0.229167
1 0.78125 0.05625 0.18125 0.1125
2 0.796094 0.428125 0.0515625 0.0770833
1 0.705469 0.942708 0.145313 0.114583
1 0.445312 0.872917 0.153125 0.25
1 0.259375 0.084375 0.146875 0.16875
1 0.978125 0.084375 0.04375 0.16875
2 0.621875 0.25625 0.06875 0.0958333
1 0.814062 0.873958 0.165625 0.16875
1 0.95 0.854167 0.1 0.220833
1 0.0757812 0.320833 0.145313 0.2
1 0.680469 0.096875 0.154687 0.189583
1 0.1125 0.666667 0.18125 0.233333
1 0.190625 0.30625 0.16875 0.208333
1 0.246875 0.83125 0.178125 0.254167
1 0.415625 0.126042 0.18125 0.252083
1 0.894531 0.330208 0.164062 0.202083
1 0.664844 0.407292 0.173438 0.214583
1 0.528906 0.459375 0.176563 0.21875
0 0.632031 0.777083 0.220313 0.283333
