1 0.06875 0.1875 0.134375 0.229167
2 0.551562 0.402083 0.059375 0.0625
1 0.425781 0.925 0.151562 0.15
1 0.154687 0.852083 0.15 0.179167
1 0.586719 0.752083 0.145313 0.1625
1 0.236719 0.0895833 0.151562 0.179167
1 0.207813 0.722917 0.171875 0.245833
2 0.8875 0.9625 0.0625 0.075
1 0.0890625 0.510417 0.140625 0.245833
1 0.0679687 0.7875 0.132812 0.241667
1 0.9375 0.2875 0.125 0.220833
1 0.625 0.855208 0.16875 0.222917
1 0.953125 0.501042 0.09375 0.222917
1 0.5875 0.190625 0.146875 0.189583
1 0.629687 0.315625 0.153125 0.19375
1 0.583594 0.575 0.170312 0.25
1 0.4625 0.782292 0.15625 0.20625
0 0.296094 0.409375 0.289062 0.34375
1 0.810938 0.354167 0.165625 0.225
1 0.714063 0.204167 0.146875 0.195833
1 0.773438 0.678125 0.171875 0.19375
