1 0.0578125 0.071875 0.115625 0.14375
1 0.0304688 0.788542 0.0609375 0.202083
1 0.960938 0.1375 0.078125 0.179167
1 0.707031 0.815625 0.151562 0.247917
1 0.190625 0.0552083 0.146875 0.110417
1 0.0390625 0.470833 0.078125 0.275
1 0.564062 0.0479167 0.2 0.0958333
1 0.0773437 0.691667 0.154687 0.225
1 0.539062 0.435417 0.159375 0.204167
1 0.102344 0.269792 0.142188 0.277083
1 0.692187 0.545833 0.18125 0.204167
1 0.509375 0.780208 0.15 0.185417
1 0.259375 0.672917 0.203125 0.220833
1 0.589063 0.639583 0.184375 0.191667
1 0.385156 0.865625 0.167187 0.214583
0 0.173438 0.8875 0.346875 0.216667
1 0.85625 0.440625 0.1875 0.24375
1 0.874219 0.742708 0.157813 0.222917
1 0.753906 0.148958 0.164062 0.189583
1 0.514063 0.217708 0.159375 0.214583
1 0.297656 0.277083 0.160938 0.183333
1 0.3625 0.105208 0.20625 0.210417
