1 0.311719 0.588542 0.151562 0.23125
1 0.98125 0.355208 0.0375 0.152083
1 0.246094 0.379167 0.173438 0.208333
1 0.025 0.808333 0.05 0.208333
1 0.942187 0.939583 0.1125 0.120833
1 0.397656 0.219792 0.157813 0.214583
1 0.952344 0.153125 0.0953125 0.210417
1 0.814844 0.0458333 0.148438 0.0916667
0 0.217187 0.126042 0.359375 0.252083
1 0.158594 0.702083 0.145313 0.216667
1 0.0453125 0.560417 0.090625 0.254167
1 0.735156 0.466667 0.204688 0.233333
1 0.642969 0.69375 0.198437 0.254167
1 0.788281 0.927083 0.142188 0.145833
1 0.702344 0.177083 0.176563 0.195833
1 0.361719 0.783333 0.164062 0.241667
1 0.532031 0.882292 0.179688 0.210417
