2 0.975962 0.977163 0.0480769 0.0456731
1 0.147837 0.882212 0.194712 0.221154
1 0.189904 0.230769 0.278846 0.461538
1 0.510817 0.0973558 0.213942 0.194712
2 0.0360577 0.971154 0.0673077 0.0576923
1 0.0649038 0.841346 0.129808 0.221154
1 0.0228365 0.0889423 0.0456731 0.177885
1 0.727163 0.11899 0.242788 0.233173
1 0.508413 0.950721 0.185096 0.0985577
1 0.889423 0.697115 0.182692 0.278846
1 0.847356 0.0697115 0.180288 0.139423
2 0.961538 0.590144 0.0769231 0.108173
1 0.948317 0.417067 0.103365 0.233173
1 0.548077 0.804087 0.201923 0.199519
0 0.5 0.567308 0.216346 0.259615
