1 0.295312 0.970833 0.146875 0.0583333
1 0.0585938 0.921875 0.117188 0.139583
1 0.234375 0.379167 0.14375 0.25
1 0.53125 0.488542 0.171875 0.264583
1 0.823438 0.08125 0.21875 0.1625
1 0.950781 0.840625 0.0984375 0.25625
1 0.390625 0.720833 0.16875 0.225
1 0.41875 0.692708 0.0625 0.08125
1 0.95625 0.338542 0.0875 0.23125
1 0.040625 0.971875 0.08125 0.05625
1 0.509375 0.658333 0.08125 0.0875
1 0.0328125 0.182292 0.065625 0.277083
1 0.128125 0.0770833 0.1625 0.154167
1 0.14375 0.934375 0.153125 0.13125
1 0.667188 0.216667 0.146875 0.208333
1 0.403125 0.513542 0.14375 0.202083
1 0.560156 0.04375 0.170312 0.0875
1 0.177344 0.267708 0.170312 0.210417
1 0.096875 0.494792 0.159375 0.252083
1 0.378906 0.292708 0.173438 0.222917
1 0.265625 0.0864583 0.15625 0.172917
1 0.766406 0.389583 0.179688 0.2375
1 0.923437 0.588542 0.153125 0.222917
0 0.669531 0.75 0.214062 0.270833
