1 0.0679687 0.578125 0.120312 0.16875
1 0.0226563 0.620833 0.0453125 0.183333
1 0.0726563 0.973958 0.110937 0.0520833
1 0.944531 0.971875 0.110937 0.05625
1 0.971875 0.485417 0.05625 0.204167
1 0.65625 0.084375 0.18125 0.16875
1 0.359375 0.541667 0.190625 0.241667
1 0.965625 0.844792 0.06875 0.202083
1 0.375 0.505208 0.171875 0.185417
1 0.842188 0.0510417 0.165625 0.102083
2 0.464844 0.586458 0.0546875 0.0770833
1 0.0195312 0.311458 0.0390625 0.202083
1 0.678125 0.932292 0.1375 0.135417
1 0.25625 0.4125 0.128125 0.166667
1 0.567187 0.435417 0.146875 0.225
1 0.0234375 0.882292 0.046875 0.202083
1 0.765625 0.30625 0.15 0.195833
1 0.0742188 0.40625 0.139062 0.2
1 0.960938 0.090625 0.078125 0.18125
1 0.928125 0.278125 0.14375 0.185417
1 0.839844 0.876042 0.151562 0.197917
1 0.654688 0.8375 0.153125 0.208333
1 0.945312 0.639583 0.109375 0.204167
1 0.680469 0.339583 0.145313 0.195833
1 0.107031 0.125 0.189063 0.225
1 0.824219 0.127083 0.164062 0.191667
1 0.107813 0.747917 0.16875 0.233333
1 0.157031 0.314583 0.170312 0.216667
1 0.565625 0.735417 0.14375 0.216667
1 0.634375 0.628125 0.1625 0.214583
1 0.811719 0.598958 0.142188 0.210417
0 0.264844 0.832292 0.339063 0.335417
0 0.4125 0.238542 0.3 0.39375
