1 0.0359375 0.214583 0.071875 0.241667
1 0.55625 0.95625 0.16875 0.0875
1 0.941406 0.819792 0.117188 0.277083
1 0.134375 0.888542 0.2 0.222917
1 0.785156 0.652083 0.195312 0.229167
1 0.624219 0.110417 0.145313 0.1875
1 0.820312 0.071875 0.159375 0.139583
1 0.729688 0.2625 0.203125 0.208333
1 0.404687 0.605208 0.159375 0.16875
0 0.448438 0.320833 0.334375 0.458333
1 0.798437 0.883333 0.171875 0.220833
1 0.6 0.560417 0.1375 0.2125
1 0.075 0.65625 0.146875 0.241667
1 0.20625 0.348958 0.171875 0.24375
1 0.357031 0.829167 0.182812 0.225
1 0.536719 0.754167 0.192188 0.2
