1 0.714063 0.4375 0.184375 0.2
1 0.916406 0.969792 0.160938 0.0604167
1 0.0601562 0.246875 0.117188 0.310417
1 0.0164062 0.71875 0.0328125 0.291667
1 0.958594 0.0447917 0.0828125 0.0895833
1 0.328906 0.53125 0.189063 0.2125
1 0.515625 0.561458 0.171875 0.214583
1 0.722656 0.348958 0.164062 0.185417
1 0.0664062 0.0864583 0.132812 0.16875
1 0.401563 0.952083 0.203125 0.0958333
0 0.488281 0.191667 0.389062 0.383333
1 0.160938 0.4375 0.178125 0.2625
1 0.0859375 0.907292 0.15625 0.185417
1 0.759375 0.678125 0.2 0.19375
1 0.928906 0.83125 0.142188 0.2125
1 0.848437 0.1875 0.190625 0.266667
1 0.110937 0.70625 0.15625 0.195833
1 0.194531 0.154167 0.167187 0.220833
1 0.302344 0.784375 0.232812 0.264583
1 0.713281 0.0822917 0.173438 0.164583
1 0.909375 0.520833 0.18125 0.266667
1 0.558594 0.829167 0.189063 0.233333
