1 0.876562 0.09375 0.184375 0.179167
1 0.0328125 0.859375 0.0625 0.18125
1 0.9125 0.451042 0.1625 0.202083
1 0.113281 0.4 0.132812 0.183333
1 0.660156 0.429167 0.151562 0.225
1 0.174219 0.211458 0.151562 0.247917
1 0.0734375 0.0770833 0.140625 0.154167
1 0.172656 0.646875 0.135937 0.177083
1 0.682813 0.0510417 0.159375 0.102083
1 0.720312 0.929167 0.184375 0.141667
1 0.416406 0.814583 0.139062 0.195833
1 0.233594 0.563542 0.135937 0.210417
1 0.860156 0.227083 0.170312 0.225
1 0.667969 0.688542 0.167187 0.21875
0 0.422656 0.469792 0.292188 0.38125
