1 0.225 0.919792 0.18125 0.160417
2 0.0234375 0.616667 0.04375 0.108333
1 0.767187 0.246875 0.134375 0.202083
1 0.915625 0.666667 0.14375 0.2125
2 0.639063 0.557292 0.065625 0.0645833
1 0.935156 0.459375 0.129688 0.26875
1 0.68125 0.397917 0.15 0.229167
1 0.573438 0.461458 0.165625 0.172917
1 0.534375 0.0625 0.146875 0.125
1 0.0851562 0.157292 0.160938 0.222917
1 0.691406 0.194792 0.154687 0.202083
1 0.233594 0.096875 0.154687 0.19375
1 0.792969 0.595833 0.151562 0.195833
1 0.928125 0.808333 0.14375 0.233333
1 0.417188 0.733333 0.165625 0.208333
1 0.378906 0.0833333 0.145313 0.166667
1 0.528906 0.217708 0.170312 0.214583
1 0.0726563 0.4625 0.145313 0.2
1 0.157031 0.717708 0.129688 0.277083
1 0.271875 0.355208 0.184375 0.210417
1 0.420312 0.9 0.153125 0.191667
1 0.814844 0.071875 0.157813 0.14375
0 0.682813 0.828125 0.384375 0.339583
