1 0.428125 0.084375 0.18125 0.16875
1 0.710156 0.782292 0.145313 0.214583
1 0.584375 0.930208 0.221875 0.139583
1 0.292188 0.0833333 0.234375 0.1625
1 0.0242187 0.0875 0.0484375 0.141667
1 0.85625 0.889583 0.1875 0.204167
1 0.258594 0.327083 0.176563 0.229167
1 0.132812 0.134375 0.196875 0.202083
1 0.0671875 0.958333 0.134375 0.0833333
1 0.401563 0.629167 0.1625 0.204167
1 0.901563 0.455208 0.18125 0.19375
1 0.621094 0.758333 0.157813 0.233333
1 0.0328125 0.832292 0.065625 0.19375
1 0.721875 0.491667 0.16875 0.1875
1 0.869531 0.0354167 0.154687 0.0708333
1 0.1625 0.80625 0.175 0.220833
1 0.91875 0.254167 0.1625 0.225
1 0.364844 0.305208 0.142188 0.21875
1 0.0757812 0.348958 0.151562 0.24375
1 0.304688 0.6125 0.134375 0.191667
1 0.136719 0.664583 0.167187 0.195833
0 0.634375 0.234375 0.475 0.46875
1 0.382812 0.8 0.1625 0.225
