1 0.76875 0.35625 0.15625 0.2125
1 0.489844 0.0552083 0.176563 0.110417
1 0.409375 0.945833 0.16875 0.108333
1 0.232812 0.275 0.140625 0.183333
1 0.923437 0.340625 0.146875 0.19375
1 0.0726563 0.842708 0.145313 0.235417
1 0.6625 0.05625 0.1625 0.1125
1 0.695312 0.5375 0.1625 0.220833
1 0.175 0.927083 0.16875 0.145833
1 0.0578125 0.276042 0.115625 0.227083
1 0.95 0.703125 0.1 0.210417
1 0.392188 0.725 0.16875 0.2
0 0.1625 0.548958 0.3125 0.435417
1 0.857813 0.0645833 0.153125 0.129167
1 0.378906 0.346875 0.167187 0.239583
1 0.564062 0.2 0.178125 0.216667
1 0.83125 0.851042 0.165625 0.222917
1 0.672656 0.748958 0.160938 0.21875
1 0.550781 0.889583 0.142188 0.204167
