2 0.0125 0.685417 0.025 0.0791667
1 0.546875 0.260417 0.11875 0.145833
1 0.857031 0.925 0.120312 0.15
1 0.059375 0.852083 0.11875 0.195833
1 0.89375 0.348958 0.15625 0.210417
1 0.028125 0.2625 0.05625 0.166667
1 0.0820312 0.771875 0.154687 0.202083
1 0.964063 0.735417 0.071875 0.25
1 0.0835937 0.605208 0.135937 0.202083
1 0.615625 0.847917 0.16875 0.2125
1 0.657812 0.95 0.165625 0.1
1 0.0304688 0.413542 0.0609375 0.164583
1 0.4125 0.08125 0.11875 0.1625
1 0.224219 0.0791667 0.192188 0.158333
1 0.875 0.248958 0.15625 0.19375
1 0.421094 0.20625 0.151562 0.204167
1 0.242188 0.876042 0.165625 0.247917
1 0.557813 0.0760417 0.159375 0.152083
1 0.957031 0.113542 0.0859375 0.222917
1 0.395312 0.852083 0.153125 0.229167
1 0.48125 0.317708 0.16875 0.16875
1 0.7 0.23125 0.15625 0.270833
1 0.286719 0.6625 0.154687 0.208333
1 0.3 0.463542 0.15625 0.20625
1 0.89375 0.509375 0.175 0.214583
1 0.78125 0.829167 0.1625 0.2
1 0.0609375 0.0885417 0.121875 0.177083
1 0.8125 0.09375 0.16875 0.1875
0 0.492969 0.603125 0.339063 0.44375
