1 0.947656 0.253125 0.104687 0.214583
1 0.132031 0.0229167 0.151562 0.0416667
1 0.507812 0.925 0.146875 0.15
1 0.663281 0.872917 0.164062 0.229167
1 0.64375 0.351042 0.159375 0.19375
1 0.467969 0.159375 0.139062 0.19375
1 0.529688 0.202083 0.146875 0.208333
1 0.186719 0.617708 0.135937 0.172917
1 0.303125 0.815625 0.15 0.19375
1 0.065625 0.594792 0.13125 0.239583
1 0.290625 0.05625 0.14375 0.1125
1 0.053125 0.295833 0.10625 0.225
1 0.757812 0.233333 0.171875 0.241667
1 0.809375 0.883333 0.1875 0.225
1 0.0789063 0.0916667 0.157813 0.179167
1 0.903125 0.421875 0.16875 0.21875
1 0.208594 0.955208 0.167187 0.0895833
1 0.932813 0.071875 0.134375 0.14375
1 0.567187 0.0510417 0.140625 0.102083
1 0.965625 0.895833 0.06875 0.2
1 0.492969 0.70625 0.173438 0.229167
1 0.195312 0.289583 0.13125 0.2125
1 0.642187 0.6375 0.190625 0.216667
1 0.0671875 0.891667 0.134375 0.208333
0 0.364844 0.4625 0.295312 0.441667
