1 0.51875 0.695833 0.21875 0.2125
2 0.0421875 0.0645833 0.078125 0.1125
1 0.178125 0.0541667 0.19375 0.108333
1 0.269531 0.601042 0.185937 0.177083
1 0.096875 0.421875 0.19375 0.247917
1 0.534375 0.866667 0.16875 0.208333
1 0.38125 0.0791667 0.178125 0.158333
0 0.378125 0.388542 0.4375 0.49375
1 0.539844 0.145833 0.154687 0.204167
1 0.103906 0.228125 0.179688 0.222917
1 0.725781 0.071875 0.160938 0.14375
1 0.685156 0.380208 0.185937 0.23125
1 0.310937 0.822917 0.228125 0.2625
1 0.710938 0.876042 0.165625 0.23125
1 0.926562 0.561458 0.146875 0.222917
1 0.879687 0.2875 0.165625 0.25
1 0.876562 0.7875 0.178125 0.233333
