2 0.377404 0.0564904 0.0913462 0.0985577
1 0.855769 0.865385 0.173077 0.216346
1 0.903846 0.983173 0.163462 0.0336538
2 0.0288462 0.752404 0.0576923 0.110577
2 0.331731 0.234375 0.0865385 0.0985577
1 0.03125 0.347356 0.0625 0.247596
1 0.53726 0.171875 0.180288 0.209135
1 0.954327 0.265625 0.0913462 0.21875
1 0.27524 0.769231 0.161058 0.197115
1 0.84976 0.104567 0.189904 0.209135
1 0.942308 0.739183 0.110577 0.223558
1 0.542067 0.558894 0.189904 0.185096
1 0.27524 0.938702 0.15625 0.122596
1 0.508413 0.332933 0.194712 0.247596
1 0.664663 0.0817308 0.180288 0.163462
1 0.199519 0.393029 0.144231 0.194712
1 0.239183 0.157452 0.175481 0.252404
1 0.764423 0.80649 0.153846 0.204327
1 0.316106 0.538462 0.165865 0.221154
1 0.0817308 0.889423 0.163462 0.206731
1 0.739183 0.504808 0.175481 0.206731
1 0.0817308 0.108173 0.158654 0.216346
1 0.108173 0.645433 0.1875 0.21875
0 0.50601 0.814904 0.348558 0.370192
