1 0.985937 0.652083 0.028125 0.179167
1 0.192969 0.329167 0.154687 0.2125
2 0.804688 0.645833 0.05625 0.0833333
1 0.517969 0.202083 0.151562 0.254167
1 0.0945313 0.18125 0.135937 0.1125
1 0.334375 0.454167 0.15625 0.191667
1 0.685938 0.885417 0.159375 0.216667
1 0.386719 0.225 0.170312 0.195833
1 0.273438 0.114583 0.2 0.229167
1 0.309375 0.9625 0.14375 0.075
1 0.471094 0.923958 0.167187 0.152083
1 0.14375 0.888542 0.16875 0.197917
1 0.1375 0.363542 0.165625 0.222917
1 0.796094 0.838542 0.151562 0.210417
1 0.934375 0.436458 0.13125 0.24375
1 0.0953125 0.0760417 0.1375 0.152083
1 0.342969 0.492708 0.167187 0.252083
0 0.74375 0.35625 0.225 0.2875
0 0.496094 0.69375 0.220313 0.2625
