2 0.4375 0.795833 0.05625 0.0833333
1 0.5375 0.319792 0.1375 0.25625
1 0.0304688 0.723958 0.0609375 0.210417
1 0.942187 0.654167 0.115625 0.229167
1 0.98125 0.528125 0.0375 0.18125
1 0.0695312 0.908333 0.139062 0.183333
1 0.686719 0.427083 0.139062 0.204167
1 0.416406 0.0395833 0.160938 0.0791667
2 0.767187 0.56875 0.065625 0.0958333
1 0.947656 0.258333 0.104687 0.220833
1 0.667969 0.173958 0.167187 0.235417
1 0.738281 0.797917 0.173438 0.2125
1 0.0695312 0.748958 0.132812 0.235417
1 0.959375 0.0885417 0.08125 0.16875
1 0.826563 0.3875 0.165625 0.241667
1 0.0828125 0.429167 0.153125 0.204167
1 0.467187 0.55 0.16875 0.258333
0 0.341406 0.317708 0.264062 0.264583
