1 0.884375 0.961458 0.1625 0.0770833
1 0.96875 0.932292 0.0625 0.135417
1 0.580469 0.0208333 0.157813 0.0416667
1 0.892969 0.688542 0.154687 0.210417
1 0.922656 0.732292 0.145313 0.202083
1 0.664844 0.147917 0.195312 0.241667
2 0.825781 0.929167 0.0609375 0.075
1 0.499219 0.9375 0.154687 0.125
1 0.785937 0.0260417 0.175 0.0520833
1 0.263281 0.040625 0.189063 0.08125
1 0.0242187 0.586458 0.0484375 0.18125
1 0.239844 0.183333 0.160938 0.208333
1 0.419531 0.9375 0.142188 0.125
1 0.0664062 0.1125 0.132812 0.195833
1 0.651563 0.836458 0.1875 0.239583
1 0.274219 0.939583 0.167187 0.120833
1 0.100781 0.93125 0.154687 0.1375
1 0.98125 0.614583 0.0375 0.179167
2 0.382031 0.445833 0.0578125 0.0833333
1 0.171094 0.513542 0.182812 0.189583
1 0.107031 0.758333 0.135937 0.195833
1 0.264062 0.339583 0.159375 0.2125
1 0.442187 0.0645833 0.171875 0.129167
1 0.247656 0.71875 0.157813 0.279167
1 0.714844 0.440625 0.182812 0.222917
1 0.791406 0.257292 0.145313 0.247917
1 0.592188 0.298958 0.178125 0.24375
0 0.432813 0.708333 0.253125 0.333333
