1 0.604688 0.730208 0.14375 0.202083
1 0.529688 0.95625 0.175 0.0875
1 0.385156 0.0729167 0.160938 0.145833
1 0.834375 0.0375 0.20625 0.075
1 0.953906 0.473958 0.0921875 0.227083
1 0.382031 0.223958 0.192188 0.202083
1 0.0796875 0.373958 0.159375 0.227083
1 0.0710938 0.857292 0.142188 0.21875
1 0.496875 0.80625 0.128125 0.179167
1 0.717188 0.819792 0.178125 0.189583
1 0.515625 0.202083 0.1625 0.220833
1 0.372656 0.832292 0.151562 0.172917
1 0.744531 0.233333 0.173438 0.241667
1 0.723437 0.5 0.215625 0.2
1 0.208594 0.245833 0.164062 0.166667
0 0.357812 0.520833 0.371875 0.495833
1 0.926562 0.258333 0.146875 0.2125
