1 0.957812 0.220833 0.084375 0.25
1 0.0945313 0.9375 0.170312 0.125
1 0.364844 0.252083 0.176563 0.2125
1 0.11875 0.0229167 0.1625 0.0458333
1 0.561719 0.929167 0.204688 0.141667
1 0.959375 0.323958 0.08125 0.21875
1 0.84375 0.952083 0.2125 0.0958333
2 0.10625 0.108333 0.0625 0.0916667
1 0.090625 0.752083 0.15625 0.154167
1 0.308594 0.122917 0.189063 0.191667
2 0.23125 0.55625 0.109375 0.145833
1 0.50625 0.101042 0.19375 0.197917
1 0.971094 0.573958 0.0578125 0.20625
1 0.300781 0.947917 0.167187 0.104167
0 0.432813 0.530208 0.209375 0.285417
1 0.0734375 0.433333 0.146875 0.216667
1 0.825 0.547917 0.15625 0.220833
1 0.539062 0.301042 0.165625 0.227083
1 0.935156 0.788542 0.129688 0.23125
1 0.6375 0.461458 0.15625 0.185417
1 0.932813 0.0625 0.134375 0.125
1 0.169531 0.244792 0.192188 0.21875
1 0.254687 0.791667 0.209375 0.2625
