1 0.979567 0.0697115 0.0408654 0.139423
1 0.263221 0.503606 0.228365 0.223558
1 0.0204327 0.317308 0.0408654 0.259615
1 0.09375 0.899038 0.182692 0.192308
1 0.364183 0.242788 0.151442 0.182692
1 0.188702 0.253606 0.180288 0.209135
1 0.96274 0.899038 0.0745192 0.197115
1 0.298077 0.895433 0.182692 0.199519
1 0.346154 0.108173 0.163462 0.201923
1 0.774038 0.872596 0.1875 0.206731
1 0.604567 0.711538 0.180288 0.240385
1 0.167067 0.0685096 0.170673 0.137019
1 0.0829327 0.664663 0.165865 0.257212
1 0.355769 0.699519 0.168269 0.206731
1 0.570913 0.925481 0.165865 0.149038
1 0.0432692 0.0985577 0.0865385 0.192308
1 0.918269 0.325721 0.163462 0.213942
1 0.919471 0.543269 0.161058 0.225962
1 0.780048 0.649038 0.180288 0.225962
1 0.456731 0.832933 0.153846 0.213942
0 0.573317 0.359375 0.391827 0.507212
