1 0.386719 0.6625 0.142188 0.183333
1 0.901563 0.071875 0.175 0.139583
1 0.770312 0.558333 0.140625 0.191667
1 0.846094 0.438542 0.154687 0.214583
1 0.789062 0.904167 0.121875 0.179167
1 0.971875 0.578125 0.05625 0.210417
1 0.0398437 0.354167 0.0796875 0.183333
1 0.0773437 0.147917 0.142188 0.220833
1 0.703125 0.911458 0.15 0.172917
1 0.628125 0.579167 0.171875 0.1625
1 0.491406 0.78125 0.160938 0.2125
1 0.386719 0.469792 0.198437 0.252083
1 0.975 0.280208 0.05 0.197917
1 0.04375 0.535417 0.0875 0.1625
1 0.600781 0.911458 0.167187 0.177083
1 0.103906 0.420833 0.151562 0.183333
1 0.282031 0.9375 0.185937 0.125
1 0.670313 0.0729167 0.184375 0.145833
1 0.464063 0.0875 0.171875 0.175
1 0.640625 0.722917 0.15 0.208333
1 0.116406 0.9125 0.142188 0.175
1 0.307813 0.109375 0.165625 0.214583
0 0.579687 0.344792 0.33125 0.34375
1 0.229687 0.689583 0.159375 0.195833
