1 0.19375 0.254167 0.175 0.220833
1 0.378906 0.216667 0.182812 0.2375
1 0.892187 0.109375 0.171875 0.177083
1 0.428906 0.766667 0.139062 0.183333
1 0.625 0.771875 0.196875 0.26875
2 0.344531 0.0552083 0.0953125 0.10625
1 0.547656 0.953125 0.148438 0.09375
1 0.124219 0.363542 0.173438 0.222917
1 0.947656 0.034375 0.104687 0.06875
1 0.464844 0.946875 0.145313 0.10625
1 0.276563 0.804167 0.140625 0.216667
1 0.0226563 0.155208 0.0453125 0.164583
1 0.896875 0.183333 0.19375 0.254167
1 0.651563 0.290625 0.159375 0.20625
1 0.194531 0.883333 0.179688 0.233333
1 0.536719 0.078125 0.154687 0.15625
1 0.348437 0.7 0.159375 0.233333
1 0.860937 0.49375 0.165625 0.266667
1 0.859375 0.732292 0.1625 0.210417
1 0.922656 0.889583 0.154687 0.2125
1 0.123438 0.723958 0.184375 0.222917
0 0.471875 0.404167 0.31875 0.395833
