1 0.0195312 0.891667 0.0390625 0.175
1 0.0882813 0.517708 0.157813 0.21875
1 0.7375 0.580208 0.16875 0.189583
1 0.798437 0.1 0.184375 0.2
1 0.95 0.939583 0.1 0.120833
1 0.211719 0.0927083 0.151562 0.18125
1 0.290625 0.297917 0.153125 0.225
1 0.034375 0.684375 0.06875 0.24375
1 0.0804688 0.326042 0.157813 0.202083
1 0.820312 0.820833 0.159375 0.195833
1 0.95625 0.230208 0.0875 0.239583
1 0.438281 0.0572917 0.154687 0.114583
1 0.960938 0.708333 0.078125 0.233333
1 0.757031 0.341667 0.185937 0.241667
1 0.692969 0.936458 0.142188 0.127083
1 0.658594 0.39375 0.167187 0.2125
1 0.51875 0.930208 0.184375 0.139583
1 0.550781 0.194792 0.192188 0.247917
0 0.185937 0.804167 0.340625 0.391667
1 0.919531 0.459375 0.160938 0.222917
1 0.404687 0.694792 0.16875 0.185417
1 0.424219 0.457292 0.164062 0.235417
1 0.575 0.740625 0.15625 0.214583
