1 0.733173 0.890625 0.240385 0.213942
1 0.0540865 0.88101 0.103365 0.137019
1 0.0300481 0.234375 0.0600962 0.185096
2 0.979567 0.88101 0.0408654 0.09375
1 0.479567 0.91226 0.170673 0.170673
1 0.877404 0.552885 0.216346 0.254808
1 0.257212 0.685096 0.1875 0.206731
1 0.966346 0.606971 0.0673077 0.213942
2 0.432692 0.192308 0.0625 0.0721154
1 0.110577 0.949519 0.149038 0.100962
1 0.733173 0.442308 0.125 0.158654
1 0.0444712 0.772837 0.0889423 0.15625
1 0.236779 0.502404 0.165865 0.201923
1 0.0709135 0.653846 0.137019 0.173077
1 0.427885 0.879808 0.134615 0.149038
1 0.141827 0.0420673 0.201923 0.0841346
2 0.831731 0.438702 0.0576923 0.0793269
2 0.658654 0.186298 0.0673077 0.0889423
1 0.783654 0.877404 0.211538 0.225962
1 0.114183 0.423077 0.170673 0.201923
1 0.948317 0.317308 0.103365 0.177885
1 0.853365 0.0841346 0.173077 0.168269
1 0.289663 0.25 0.189904 0.1875
1 0.808894 0.283654 0.15625 0.25
1 0.663462 0.0721154 0.206731 0.144231
1 0.191106 0.192308 0.161058 0.1875
1 0.449519 0.0865385 0.173077 0.168269
1 0.466346 0.403846 0.230769 0.225962
0 0.475962 0.679087 0.211538 0.266827
