1 0.302885 0.735577 0.168269 0.173077
1 0.0685096 0.456731 0.132212 0.283654
1 0.456731 0.789663 0.153846 0.194712
1 0.49399 0.948317 0.151442 0.103365
1 0.390625 0.932692 0.146635 0.134615
1 0.0829327 0.0240385 0.15625 0.0480769
1 0.174279 0.456731 0.112981 0.25
1 0.1875 0.0865385 0.144231 0.168269
1 0.878606 0.34976 0.141827 0.194712
1 0.213942 0.604567 0.177885 0.199519
2 0.230769 0.241587 0.0721154 0.0889423
2 0.709135 0.870192 0.0865385 0.105769
1 0.0564904 0.293269 0.112981 0.197115
1 0.919471 0.0757212 0.15625 0.151442
1 0.518029 0.21274 0.199519 0.194712
1 0.41226 0.114183 0.161058 0.199519
1 0.658654 0.352163 0.134615 0.175481
1 0.78726 0.269231 0.151442 0.221154
1 0.956731 0.611779 0.0865385 0.252404
1 0.530048 0.741587 0.209135 0.146635
1 0.783654 0.0745192 0.173077 0.149038
1 0.110577 0.932692 0.177885 0.134615
1 0.545673 0.0709135 0.149038 0.141827
1 0.667067 0.545673 0.204327 0.221154
1 0.83774 0.871394 0.175481 0.237981
0 0.367788 0.435096 0.355769 0.480769
