1 0.346875 0.49375 0.1625 0.195833
1 0.1125 0.0802083 0.140625 0.160417
1 0.192969 0.811458 0.160938 0.235417
1 0.8 0.538542 0.16875 0.227083
1 0.895312 0.691667 0.165625 0.233333
1 0.7125 0.720833 0.159375 0.258333
1 0.952344 0.483333 0.0953125 0.225
1 0.450781 0.49375 0.142188 0.183333
1 0.810938 0.315625 0.159375 0.19375
1 0.133594 0.95 0.114063 0.1
1 0.378125 0.3 0.1625 0.195833
1 0.453125 0.627083 0.15 0.195833
1 0.572656 0.586458 0.164062 0.139583
1 0.185937 0.480208 0.146875 0.16875
1 0.954687 0.844792 0.090625 0.20625
1 0.553125 0.435417 0.1625 0.195833
1 0.407031 0.071875 0.160938 0.14375
1 0.366406 0.811458 0.135937 0.164583
1 0.719531 0.922917 0.167187 0.154167
1 0.138281 0.234375 0.139062 0.20625
1 0.0640625 0.577083 0.125 0.279167
1 0.289062 0.169792 0.15 0.214583
1 0.514063 0.944792 0.128125 0.110417
1 0.94375 0.259375 0.109375 0.197917
0 0.625781 0.173958 0.279687 0.327083
