2 0.448317 0.209135 0.0649038 0.0865385
1 0.0492788 0.877404 0.0985577 0.240385
1 0.659856 0.111779 0.165865 0.209135
1 0.120192 0.784856 0.139423 0.228365
1 0.362981 0.0997596 0.182692 0.185096
1 0.625 0.683894 0.144231 0.21875
1 0.899038 0.576923 0.1875 0.182692
1 0.805288 0.0913462 0.168269 0.182692
1 0.477163 0.0540865 0.175481 0.108173
1 0.189904 0.0949519 0.197115 0.189904
1 0.605769 0.961538 0.158654 0.0769231
1 0.272837 0.939904 0.204327 0.120192
1 0.0540865 0.382212 0.108173 0.177885
1 0.707933 0.215144 0.161058 0.209135
1 0.929087 0.197115 0.141827 0.1875
1 0.72476 0.43149 0.204327 0.233173
1 0.299279 0.436298 0.185096 0.180288
1 0.771635 0.746394 0.211538 0.257212
1 0.0540865 0.143029 0.108173 0.204327
0 0.265625 0.6875 0.237981 0.288462
