1 0.414062 0.333333 0.171875 0.2375
1 0.898438 0.798958 0.178125 0.210417
1 0.810938 0.639583 0.171875 0.195833
1 0.833594 0.461458 0.170312 0.18125
1 0.823438 0.05 0.134375 0.1
1 0.0273438 0.569792 0.0546875 0.172917
1 0.0476562 0.776042 0.0953125 0.20625
1 0.921875 0.0447917 0.153125 0.0895833
1 0.215625 0.429167 0.1875 0.191667
1 0.1 0.752083 0.1625 0.2125
1 0.942187 0.620833 0.115625 0.233333
1 0.715625 0.45625 0.134375 0.195833
1 0.238281 0.0510417 0.185937 0.102083
1 0.203906 0.169792 0.192188 0.177083
1 0.0421875 0.065625 0.084375 0.13125
1 0.88125 0.208333 0.1375 0.195833
1 0.0773437 0.215625 0.154687 0.197917
1 0.753906 0.919792 0.198437 0.160417
1 0.578906 0.307292 0.185937 0.235417
1 0.157813 0.896875 0.1625 0.197917
0 0.416406 0.725 0.376563 0.475
