1 0.110577 0.0204327 0.173077 0.0408654
1 0.509615 0.927885 0.144231 0.144231
1 0.0216346 0.512019 0.0432692 0.168269
1 0.74399 0.215144 0.165865 0.199519
1 0.967548 0.384615 0.0649038 0.274038
1 0.552885 0.83774 0.139423 0.228365
2 0.877404 0.262019 0.0673077 0.0961538
1 0.736779 0.875 0.180288 0.25
1 0.638221 0.361779 0.15625 0.223558
1 0.966346 0.0757212 0.0673077 0.151442
1 0.194712 0.461538 0.153846 0.254808
1 0.617788 0.834135 0.110577 0.192308
1 0.627404 0.111779 0.110577 0.146635
1 0.478365 0.0204327 0.144231 0.0408654
1 0.0240385 0.951923 0.0480769 0.0961538
1 0.104567 0.408654 0.175481 0.173077
1 0.544471 0.379808 0.185096 0.288462
1 0.813702 0.0516827 0.194712 0.103365
1 0.754808 0.634615 0.177885 0.25
1 0.0805288 0.199519 0.15625 0.182692
1 0.777644 0.387019 0.165865 0.206731
1 0.233173 0.0817308 0.168269 0.163462
1 0.530048 0.644231 0.180288 0.235577
1 0.402644 0.177885 0.170673 0.225962
1 0.354567 0.825721 0.161058 0.185096
1 0.328125 0.385817 0.146635 0.194712
0 0.117788 0.704327 0.235577 0.317308
