1 0.0265625 0.0885417 0.053125 0.177083
1 0.44375 0.63125 0.1625 0.225
1 0.958594 0.0666667 0.0828125 0.133333
1 0.639063 0.413542 0.15 0.222917
1 0.185937 0.738542 0.165625 0.202083
1 0.417188 0.445833 0.190625 0.208333
1 0.18125 0.41875 0.153125 0.195833
1 0.650781 0.059375 0.160938 0.11875
1 0.128125 0.189583 0.159375 0.2625
1 0.964063 0.50625 0.071875 0.220833
1 0.0539063 0.427083 0.107813 0.229167
1 0.566406 0.194792 0.145313 0.197917
1 0.278125 0.136458 0.125 0.185417
1 0.190625 0.873958 0.178125 0.197917
0 0.542969 0.858333 0.329688 0.275
1 0.903125 0.307292 0.184375 0.23125
1 0.348437 0.79375 0.159375 0.2625
1 0.777344 0.571875 0.164062 0.23125
1 0.75625 0.808333 0.171875 0.183333
1 0.795313 0.115625 0.146875 0.222917
1 0.925 0.85625 0.15 0.208333
