1 0.875 0.846875 0.15625 0.227083
1 0.0421875 0.394792 0.084375 0.227083
1 0.7 0.939583 0.13125 0.120833
1 0.592969 0.0458333 0.126563 0.0916667
1 0.9375 0.328125 0.125 0.15625
1 0.196875 0.859375 0.159375 0.19375
1 0.264062 0.078125 0.16875 0.15625
1 0.0945313 0.677083 0.167187 0.2
1 0.628906 0.436458 0.201562 0.21875
1 0.0867188 0.869792 0.145313 0.19375
1 0.525 0.704167 0.115625 0.225
1 0.567969 0.334375 0.145313 0.172917
1 0.404687 0.111458 0.153125 0.214583
1 0.408594 0.819792 0.173438 0.210417
1 0.065625 0.138542 0.13125 0.222917
1 0.80625 0.511458 0.20625 0.21875
0 0.284375 0.557292 0.33125 0.414583
