1 0.433894 0.444712 0.213942 0.230769
1 0.0889423 0.634615 0.173077 0.245192
2 0.445913 0.144231 0.0456731 0.0576923
1 0.75601 0.948317 0.161058 0.103365
1 0.248798 0.899038 0.180288 0.201923
1 0.0372596 0.0540865 0.0745192 0.108173
1 0.268029 0.91226 0.132212 0.15625
1 0.748798 0.235577 0.185096 0.211538
1 0.609375 0.0949519 0.161058 0.189904
1 0.96274 0.222356 0.0745192 0.209135
1 0.890625 0.11899 0.170673 0.194712
1 0.135817 0.419471 0.175481 0.242788
1 0.198317 0.219952 0.209135 0.257212
1 0.778846 0.469952 0.206731 0.21875
1 0.21274 0.0444712 0.141827 0.0889423
1 0.543269 0.211538 0.168269 0.221154
1 0.841346 0.727163 0.177885 0.237981
1 0.942308 0.496394 0.115385 0.213942
0 0.536058 0.707933 0.235577 0.382212
1 0.300481 0.509615 0.153846 0.173077
1 0.0901442 0.88101 0.161058 0.209135
