1 0.730769 0.664663 0.144231 0.189904
1 0.331731 0.0396635 0.240385 0.0793269
1 0.638221 0.93149 0.170673 0.137019
1 0.135817 0.949519 0.189904 0.0961538
1 0.0853365 0.769231 0.146635 0.173077
1 0.046875 0.409856 0.09375 0.213942
1 0.942308 0.518029 0.115385 0.204327
1 0.563702 0.688702 0.209135 0.266827
2 0.429087 0.924279 0.0649038 0.0649038
1 0.944712 0.078125 0.110577 0.151442
1 0.0540865 0.046875 0.103365 0.09375
1 0.963942 0.16226 0.0721154 0.15625
1 0.841346 0.449519 0.149038 0.173077
1 0.0793269 0.253606 0.139423 0.237981
1 0.314904 0.344952 0.259615 0.237981
1 0.653846 0.44351 0.182692 0.247596
1 0.515625 0.0384615 0.151442 0.0769231
1 0.965144 0.888221 0.0697115 0.194712
1 0.34375 0.153846 0.177885 0.168269
1 0.489183 0.418269 0.165865 0.197115
1 0.221154 0.84976 0.163462 0.165865
1 0.913462 0.707933 0.173077 0.223558
0 0.231971 0.584135 0.252404 0.322115
