1 0.795313 0.134375 0.146875 0.20625
1 0.80625 0.0635417 0.1625 0.127083
1 0.7625 0.727083 0.146875 0.195833
1 0.953125 0.880208 0.09375 0.23125
1 0.983594 0.477083 0.0328125 0.170833
1 0.075 0.05 0.15 0.1
1 0.871875 0.767708 0.15 0.202083
1 0.0195312 0.659375 0.0390625 0.202083
1 0.522656 0.923958 0.157813 0.152083
1 0.355469 0.0354167 0.164062 0.0708333
1 0.0210938 0.910417 0.0421875 0.179167
1 0.971875 0.279167 0.05625 0.191667
1 0.626562 0.810417 0.171875 0.2125
1 0.39375 0.916667 0.159375 0.166667
1 0.169531 0.9 0.160938 0.2
1 0.938281 0.0989583 0.123438 0.197917
1 0.31875 0.773958 0.1625 0.20625
1 0.185156 0.68125 0.195312 0.2125
1 0.171094 0.190625 0.142188 0.189583
1 0.619531 0.101042 0.195312 0.202083
1 0.146094 0.395833 0.176563 0.233333
1 0.303125 0.495833 0.14375 0.229167
0 0.722656 0.407292 0.323438 0.514583
1 0.48125 0.733333 0.15 0.2125
