1 0.0300481 0.840144 0.0600962 0.21875
1 0.842548 0.0168269 0.151442 0.0336538
1 0.301683 0.373798 0.175481 0.252404
1 0.538462 0.0264423 0.173077 0.0528846
1 0.229567 0.949519 0.199519 0.100962
1 0.0733173 0.96875 0.127404 0.0625
1 0.971154 0.0348558 0.0576923 0.0697115
1 0.0865385 0.0204327 0.144231 0.0408654
1 0.0384615 0.831731 0.0769231 0.259615
1 0.926683 0.793269 0.146635 0.197115
1 0.913462 0.557692 0.173077 0.163462
1 0.317308 0.0817308 0.1875 0.163462
1 0.84976 0.842548 0.199519 0.247596
1 0.167067 0.128606 0.180288 0.228365
1 0.949519 0.424279 0.100962 0.199519
1 0.963942 0.19351 0.0721154 0.180288
1 0.419471 0.935096 0.146635 0.129808
1 0.790865 0.957933 0.197115 0.0841346
1 0.319712 0.55649 0.168269 0.228365
1 0.652644 0.813702 0.161058 0.204327
1 0.0673077 0.475962 0.134615 0.221154
0 0.539663 0.469952 0.382212 0.487981
