1 0.777644 0.524038 0.175481 0.177885
1 0.879808 0.221154 0.168269 0.211538
1 0.65625 0.758413 0.168269 0.223558
1 0.0637019 0.0384615 0.122596 0.0769231
1 0.980769 0.354567 0.0384615 0.233173
1 0.16226 0.848558 0.161058 0.173077
1 0.352163 0.153846 0.15625 0.201923
1 0.854567 0.192308 0.170673 0.206731
1 0.230769 0.59976 0.211538 0.165865
1 0.664663 0.966346 0.151442 0.0673077
1 0.799279 0.466346 0.175481 0.278846
1 0.682692 0.777644 0.182692 0.223558
1 0.0564904 0.424279 0.112981 0.233173
1 0.44351 0.598558 0.170673 0.283654
1 0.945913 0.0444712 0.108173 0.0889423
1 0.191106 0.485577 0.165865 0.1875
1 0.486779 0.963942 0.151442 0.0721154
1 0.344952 0.278846 0.175481 0.197115
1 0.274038 0.0372596 0.158654 0.0745192
1 0.914663 0.710337 0.165865 0.21875
1 0.0745192 0.955529 0.149038 0.0889423
1 0.324519 0.941106 0.168269 0.117788
1 0.841346 0.914663 0.177885 0.170673
1 0.28726 0.723558 0.165865 0.225962
1 0.0685096 0.195913 0.132212 0.209135
0 0.615385 0.299279 0.375 0.425481
1 0.183894 0.260817 0.15625 0.199519
