1 0.867188 0.0416667 0.146875 0.0833333
1 0.85 0.720833 0.1625 0.191667
1 0.945312 0.794792 0.103125 0.202083
1 0.0554687 0.121875 0.110937 0.235417
1 0.169531 0.790625 0.135937 0.20625
1 0.66875 0.654167 0.171875 0.25
1 0.926562 0.95625 0.146875 0.0833333
1 0.775781 0.0479167 0.117188 0.0958333
0 0.101562 0.642708 0.10625 0.13125
2 0.100781 0.642708 0.107813 0.13125
1 0.053125 0.294792 0.103125 0.227083
1 0.171875 0.944792 0.125 0.110417
1 0.49375 0.922917 0.15625 0.154167
1 0.959375 0.170833 0.08125 0.2125
1 0.659375 0.897917 0.19375 0.204167
1 0.841406 0.842708 0.129688 0.222917
1 0.236719 0.0802083 0.170312 0.160417
1 0.261719 0.271875 0.157813 0.197917
1 0.301562 0.920833 0.146875 0.158333
1 0.848437 0.284375 0.203125 0.214583
1 0.05 0.94375 0.1 0.1125
1 0.640625 0.0770833 0.1625 0.154167
1 0.417188 0.08125 0.178125 0.1625
1 0.673437 0.69375 0.15 0.1875
1 0.882031 0.502083 0.142188 0.204167
1 0.441406 0.684375 0.179688 0.222917
1 0.746875 0.444792 0.16875 0.20625
1 0.145313 0.442708 0.13125 0.222917
0 0.46875 0.358333 0.29375 0.395833
