1 0.126563 0.908333 0.165625 0.175
1 0.301562 0.0427083 0.1625 0.0854167
1 0.0335938 0.65625 0.0671875 0.191667
1 0.900781 0.947917 0.167187 0.104167
1 0.221875 0.195833 0.14375 0.25
1 0.851562 0.0916667 0.159375 0.183333
1 0.322656 0.403125 0.145313 0.214583
1 0.316406 0.188542 0.154687 0.19375
1 0.94375 0.7375 0.1125 0.220833
1 0.95625 0.525 0.0875 0.1875
1 0.428125 0.935417 0.14375 0.129167
1 0.851562 0.639583 0.128125 0.1875
1 0.09375 0.0864583 0.1375 0.172917
1 0.28125 0.694792 0.18125 0.260417
1 0.139062 0.739583 0.1375 0.1875
0 0.532812 0.3125 0.365625 0.4375
1 0.816406 0.830208 0.160938 0.20625
1 0.788281 0.433333 0.142188 0.183333
