1 0.963942 0.924279 0.0721154 0.151442
1 0.254808 0.199519 0.163462 0.182692
1 0.360577 0.0625 0.211538 0.125
1 0.0985577 0.817308 0.1875 0.216346
1 0.0841346 0.460337 0.168269 0.199519
1 0.963942 0.106971 0.0721154 0.194712
1 0.853365 0.18149 0.153846 0.252404
1 0.695913 0.165865 0.170673 0.153846
1 0.284856 0.769231 0.175481 0.221154
1 0.180288 0.0913462 0.158654 0.182692
1 0.461538 0.358173 0.168269 0.245192
1 0.0769231 0.265625 0.153846 0.189904
1 0.455529 0.927885 0.165865 0.144231
1 0.688702 0.711538 0.15625 0.158654
1 0.882212 0.620192 0.197115 0.201923
1 0.104567 0.629808 0.185096 0.192308
1 0.33774 0.399038 0.185096 0.225962
1 0.72476 0.891827 0.189904 0.192308
1 0.501202 0.72476 0.161058 0.257212
0 0.659856 0.435096 0.319712 0.418269
