1 0.021875 0.570833 0.04375 0.216667
1 0.203125 0.519792 0.15625 0.197917
1 0.963281 0.603125 0.0734375 0.185417
1 0.695312 0.945833 0.15625 0.108333
1 0.820312 0.169792 0.165625 0.21875
1 0.909375 0.488542 0.18125 0.172917
1 0.883594 0.276042 0.167187 0.222917
1 0.296875 0.345833 0.165625 0.225
1 0.378906 0.536458 0.151562 0.202083
1 0.333594 0.897917 0.179688 0.204167
1 0.130469 0.683333 0.170312 0.2
1 0.364062 0.1125 0.165625 0.220833
1 0.817969 0.64375 0.170312 0.170833
1 0.173438 0.0885417 0.146875 0.177083
0 0.515625 0.766667 0.3375 0.466667
1 0.71875 0.36875 0.15625 0.204167
1 0.604688 0.090625 0.190625 0.177083
1 0.557813 0.3125 0.159375 0.2125
