1 0.877404 0.96875 0.134615 0.0625
1 0.96274 0.927885 0.0697115 0.144231
1 0.0420673 0.96875 0.0841346 0.0625
1 0.221154 0.889423 0.163462 0.211538
1 0.46875 0.40024 0.177885 0.223558
1 0.205529 0.421875 0.199519 0.209135
1 0.542067 0.03125 0.127404 0.0625
1 0.445913 0.786058 0.165865 0.206731
1 0.633413 0.911058 0.175481 0.168269
1 0.635817 0.747596 0.132212 0.1875
1 0.0793269 0.0336538 0.129808 0.0673077
1 0.25601 0.88101 0.189904 0.233173
1 0.734375 0.0949519 0.223558 0.189904
1 0.763221 0.954327 0.137019 0.0913462
1 0.838942 0.152644 0.153846 0.233173
1 0.611779 0.4375 0.165865 0.1875
1 0.932692 0.533654 0.134615 0.221154
1 0.0432692 0.78726 0.0865385 0.189904
0 0.341346 0.0985577 0.298077 0.192308
1 0.169471 0.664663 0.161058 0.228365
1 0.896635 0.772837 0.177885 0.237981
