1 0.211538 0.421875 0.153846 0.199519
1 0.0240385 0.933894 0.0480769 0.132212
1 0.954327 0.825721 0.0913462 0.180288
1 0.360577 0.489183 0.182692 0.175481
1 0.169471 0.290865 0.180288 0.197115
1 0.817308 0.945913 0.230769 0.108173
1 0.0216346 0.229567 0.0432692 0.223558
2 0.9375 0.919471 0.0721154 0.0745192
1 0.966346 0.223558 0.0673077 0.259615
1 0.752404 0.426683 0.125 0.180288
1 0.354567 0.168269 0.175481 0.182692
1 0.209135 0.109375 0.153846 0.21875
1 0.939904 0.620192 0.120192 0.221154
1 0.539663 0.270433 0.15625 0.194712
1 0.551683 0.798077 0.189904 0.264423
1 0.664663 0.121394 0.151442 0.189904
1 0.628606 0.569712 0.194712 0.221154
0 0.145433 0.715144 0.286058 0.40625
1 0.0697115 0.411058 0.139423 0.192308
1 0.877404 0.415865 0.173077 0.221154
