2 0.382812 0.627083 0.034375 0.0416667
2 0.065625 0.517708 0.08125 0.102083
1 0.838281 0.972917 0.148438 0.0541667
1 0.0671875 0.963542 0.134375 0.0729167
2 0.326562 0.483333 0.075 0.0916667
2 0.528906 0.486458 0.0484375 0.0604167
1 0.175 0.421875 0.175 0.214583
0 0.564844 0.703125 0.510938 0.59375
1 0.214062 0.277083 0.171875 0.2375
1 0.288281 0.946875 0.160938 0.10625
1 0.0726563 0.210417 0.145313 0.254167
1 0.0765625 0.825 0.153125 0.2125
1 0.570312 0.084375 0.178125 0.16875
1 0.184375 0.640625 0.15625 0.18125
1 0.695312 0.307292 0.171875 0.247917
1 0.903125 0.55625 0.146875 0.233333
