1 0.110156 0.0979167 0.160938 0.191667
1 0.0117188 0.115625 0.0234375 0.19375
1 0.722656 0.733333 0.157813 0.2
1 0.85 0.320833 0.14375 0.2
1 0.960938 0.28125 0.078125 0.191667
1 0.945312 0.910417 0.096875 0.141667
1 0.796094 0.0489583 0.164062 0.0979167
1 0.0179687 0.695833 0.0359375 0.183333
1 0.078125 0.715625 0.14375 0.210417
1 0.339063 0.352083 0.078125 0.145833
1 0.0710938 0.896875 0.139062 0.202083
1 0.260938 0.701042 0.15625 0.172917
1 0.336719 0.961458 0.114063 0.0770833
1 0.735156 0.926042 0.160938 0.147917
1 0.742969 0.690625 0.120312 0.147917
1 0.453125 0.328125 0.2 0.24375
1 0.0507812 0.483333 0.101562 0.204167
1 0.791406 0.239583 0.132812 0.220833
1 0.215625 0.885417 0.1375 0.195833
1 0.860937 0.888542 0.153125 0.210417
1 0.961719 0.134375 0.0765625 0.227083
1 0.688281 0.416667 0.167187 0.291667
1 0.1375 0.189583 0.11875 0.179167
1 0.142188 0.558333 0.13125 0.175
1 0.509375 0.1625 0.165625 0.2
1 0.896875 0.66875 0.190625 0.229167
1 0.302344 0.16875 0.182812 0.183333
0 0.494531 0.8 0.364062 0.4
