1 0.18149 0.457933 0.194712 0.242788
1 0.878606 0.0456731 0.146635 0.0913462
1 0.578125 0.63101 0.108173 0.165865
1 0.225962 0.665865 0.201923 0.216346
1 0.276442 0.0456731 0.115385 0.0913462
1 0.0192308 0.539663 0.0384615 0.228365
1 0.230769 0.21274 0.221154 0.266827
1 0.602163 0.415865 0.199519 0.139423
1 0.25601 0.427885 0.194712 0.1875
1 0.871394 0.933894 0.180288 0.132212
1 0.0168269 0.132212 0.0336538 0.134615
1 0.168269 0.96875 0.158654 0.0625
1 0.509615 0.551683 0.163462 0.189904
1 0.689904 0.890625 0.163462 0.21875
1 0.413462 0.0348558 0.168269 0.0697115
1 0.0757212 0.723558 0.151442 0.1875
0 0.460337 0.799279 0.334135 0.396635
1 0.0829327 0.310096 0.161058 0.25
1 0.473558 0.300481 0.139423 0.201923
