1 0.642187 0.979167 0.153125 0.0416667
1 0.228906 0.021875 0.148438 0.0395833
2 0.307813 0.461458 0.05625 0.0854167
1 0.846875 0.960417 0.13125 0.0791667
1 0.05625 0.0583333 0.1125 0.116667
1 0.953125 0.9375 0.09375 0.125
1 0.2125 0.958333 0.175 0.0833333
1 0.9125 0.779167 0.16875 0.233333
1 0.40625 0.078125 0.190625 0.15625
1 0.624219 0.1125 0.145313 0.2
1 0.405469 0.927083 0.170312 0.145833
1 0.95 0.19375 0.1 0.2375
1 0.303125 0.26875 0.165625 0.216667
1 0.300781 0.615625 0.160938 0.20625
1 0.176563 0.673958 0.15 0.19375
1 0.175781 0.115625 0.135937 0.15625
1 0.285156 0.828125 0.151562 0.189583
1 0.91875 0.460417 0.1625 0.258333
0 0.120312 0.38125 0.240625 0.441667
1 0.655469 0.846875 0.157813 0.210417
1 0.785156 0.629167 0.192188 0.233333
1 0.81875 0.2625 0.15 0.191667
1 0.63125 0.375 0.19375 0.225
1 0.596094 0.645833 0.167187 0.220833
