1 0.59375 0.340625 0.19375 0.177083
1 0.578906 0.448958 0.173438 0.23125
1 0.749219 0.545833 0.189063 0.225
1 0.1375 0.577083 0.18125 0.2
1 0.172656 0.948958 0.179688 0.102083
1 0.850781 0.0416667 0.176563 0.0833333
1 0.64375 0.10625 0.20625 0.2125
1 0.722656 0.323958 0.189063 0.214583
1 0.239063 0.0479167 0.18125 0.0958333
1 0.889063 0.8625 0.171875 0.208333
0 0.328125 0.495833 0.43125 0.55
1 0.482812 0.907292 0.165625 0.185417
1 0.898438 0.452083 0.14375 0.179167
1 0.708594 0.922917 0.195312 0.154167
1 0.0796875 0.814583 0.15625 0.195833
1 0.625781 0.720833 0.157813 0.241667
