1 0.973437 0.89375 0.053125 0.2125
1 0.953125 0.235417 0.09375 0.245833
1 0.0632813 0.948958 0.126563 0.102083
1 0.789062 0.634375 0.171875 0.20625
1 0.774219 0.8125 0.157813 0.170833
1 0.616406 0.0583333 0.167187 0.116667
1 0.232812 0.939583 0.19375 0.120833
1 0.939844 0.692708 0.120312 0.18125
1 0.853125 0.122917 0.18125 0.245833
1 0.866406 0.51875 0.179688 0.179167
1 0.317187 0.825 0.18125 0.183333
1 0.355469 0.311458 0.192188 0.25625
1 0.466406 0.813542 0.189063 0.21875
1 0.592969 0.194792 0.173438 0.19375
1 0.126563 0.451042 0.159375 0.189583
1 0.834375 0.345833 0.18125 0.179167
1 0.113281 0.248958 0.182812 0.21875
1 0.648438 0.845833 0.165625 0.216667
0 0.555469 0.496875 0.354688 0.435417
1 0.239063 0.63125 0.165625 0.220833
1 0.132812 0.780208 0.16875 0.210417
