1 0.954687 0.586458 0.090625 0.227083
1 0.564062 0.839583 0.128125 0.195833
2 0.765625 0.128125 0.06875 0.0854167
1 0.01875 0.917708 0.0375 0.152083
1 0.95625 0.05625 0.0875 0.1125
1 0.973437 0.19375 0.053125 0.15
0 0.788281 0.490625 0.114063 0.139583
1 0.0367187 0.458333 0.0734375 0.225
1 0.676562 0.95 0.171875 0.1
1 0.771875 0.0416667 0.178125 0.0833333
1 0.44375 0.928125 0.153125 0.14375
0 0.364062 0.410417 0.359375 0.525
1 0.660937 0.4875 0.165625 0.241667
1 0.23125 0.935417 0.175 0.129167
1 0.68125 0.235417 0.15625 0.2125
1 0.263281 0.0854167 0.189063 0.170833
1 0.117969 0.303125 0.160938 0.214583
1 0.884375 0.885417 0.1625 0.220833
1 0.0890625 0.110417 0.165625 0.195833
1 0.51875 0.748958 0.1625 0.21875
1 0.078125 0.764583 0.15625 0.229167
1 0.209375 0.663542 0.159375 0.210417
1 0.700781 0.71875 0.182812 0.225
1 0.521875 0.125 0.178125 0.229167
1 0.348437 0.813542 0.159375 0.202083
