1 0.684375 0.411458 0.165625 0.222917
1 0.828125 0.0708333 0.153125 0.141667
1 0.0265625 0.614583 0.053125 0.229167
1 0.08125 0.773958 0.134375 0.19375
1 0.028125 0.0822917 0.05625 0.164583
1 0.0625 0.976042 0.1 0.0479167
1 0.175781 0.948958 0.157813 0.102083
1 0.273438 0.0635417 0.175 0.127083
1 0.244531 0.155208 0.160938 0.202083
1 0.760938 0.105208 0.165625 0.20625
1 0.714844 0.290625 0.154687 0.177083
1 0.934375 0.589583 0.13125 0.229167
1 0.907812 0.375 0.171875 0.204167
1 0.8625 0.811458 0.1625 0.227083
1 0.703125 0.745833 0.15 0.233333
1 0.465625 0.313542 0.175 0.24375
1 0.776563 0.523958 0.165625 0.21875
0 0.171875 0.515625 0.325 0.50625
0 0.44375 0.7875 0.328125 0.4125
