1 0.410156 0.210417 0.148438 0.170833
1 0.028125 0.810417 0.05625 0.2125
1 0.732031 0.0708333 0.201562 0.141667
1 0.0296875 0.596875 0.059375 0.189583
1 0.0460938 0.103125 0.0921875 0.189583
1 0.4375 0.89375 0.190625 0.2125
1 0.907031 0.596875 0.164062 0.185417
1 0.6125 0.364583 0.196875 0.204167
1 0.5375 0.0833333 0.1625 0.166667
1 0.389844 0.405208 0.160938 0.21875
1 0.282813 0.913542 0.153125 0.172917
1 0.909375 0.928125 0.165625 0.14375
1 0.792188 0.775 0.178125 0.233333
1 0.164844 0.252083 0.157813 0.2125
1 0.304688 0.683333 0.159375 0.2
0 0.570312 0.6375 0.328125 0.466667
1 0.146875 0.63125 0.1625 0.229167
