1 0.0835937 0.866667 0.164062 0.233333
2 0.494531 0.553125 0.0671875 0.0979167
1 0.933594 0.944792 0.132812 0.110417
1 0.409375 0.976042 0.171875 0.0479167
1 0.35625 0.666667 0.15625 0.216667
1 0.547656 0.0333333 0.164062 0.0666667
1 0.0492188 0.0458333 0.0984375 0.0916667
1 0.0203125 0.31875 0.040625 0.1875
1 0.0164062 0.592708 0.0328125 0.222917
1 0.609375 0.641667 0.15625 0.266667
1 0.384375 0.0604167 0.1875 0.120833
1 0.882031 0.0375 0.173438 0.075
1 0.0679687 0.840625 0.135937 0.20625
1 0.741406 0.947917 0.176563 0.104167
1 0.328906 0.38125 0.167187 0.2
1 0.496875 0.383333 0.1625 0.204167
1 0.195312 0.0375 0.1875 0.075
1 0.595312 0.179167 0.15625 0.241667
1 0.963281 0.484375 0.0734375 0.23125
1 0.921875 0.215625 0.15 0.264583
1 0.435156 0.197917 0.179688 0.216667
1 0.0898438 0.459375 0.164062 0.24375
1 0.784375 0.151042 0.13125 0.197917
1 0.873438 0.421875 0.159375 0.189583
1 0.609375 0.4125 0.18125 0.208333
1 0.211719 0.786458 0.151562 0.19375
1 0.335156 0.875 0.160938 0.2
1 0.265625 0.477083 0.18125 0.220833
1 0.096875 0.197917 0.165625 0.225
0 0.85625 0.764583 0.2875 0.420833
1 0.6125 0.894792 0.153125 0.210417
