1 0.117188 0.107292 0.14375 0.202083
1 0.215625 0.090625 0.19375 0.18125
1 0.629687 0.427083 0.15 0.220833
1 0.320312 0.522917 0.171875 0.2
1 0.167187 0.334375 0.16875 0.25625
1 0.0570313 0.552083 0.114063 0.183333
1 0.476562 0.476042 0.153125 0.239583
1 0.148438 0.591667 0.15 0.2125
1 0.620313 0.921875 0.196875 0.15625
1 0.73125 0.617708 0.1625 0.210417
1 0.922656 0.515625 0.154687 0.164583
1 0.370313 0.728125 0.15 0.20625
1 0.863281 0.928125 0.148438 0.14375
1 0.945312 0.723958 0.109375 0.210417
1 0.35625 0.30625 0.1375 0.2
0 0.684375 0.172917 0.36875 0.345833
1 0.875781 0.340625 0.145313 0.177083
