1 0.0304688 0.830208 0.0609375 0.24375
1 0.196875 0.877083 0.159375 0.2125
1 0.61875 0.06875 0.19375 0.133333
1 0.967188 0.110417 0.065625 0.204167
1 0.63125 0.845833 0.146875 0.208333
1 0.619531 0.628125 0.135937 0.214583
1 0.809375 0.0770833 0.1875 0.154167
1 0.959375 0.321875 0.08125 0.239583
1 0.139062 0.4125 0.15 0.204167
1 0.20625 0.178125 0.18125 0.247917
1 0.0390625 0.122917 0.078125 0.204167
1 0.282031 0.534375 0.157813 0.227083
1 0.874219 0.829167 0.182812 0.2375
1 0.879687 0.491667 0.175 0.225
0 0.440625 0.334375 0.321875 0.422917
