1 0.614183 0.313702 0.228365 0.237981
0 0.0324519 0.59375 0.0649038 0.341346
1 0.680288 0.945913 0.139423 0.108173
1 0.816106 0.929087 0.141827 0.141827
1 0.813702 0.0793269 0.180288 0.153846
1 0.701923 0.155048 0.182692 0.194712
1 0.53726 0.0276442 0.170673 0.0552885
1 0.015625 0.0709135 0.03125 0.141827
1 0.4375 0.899038 0.173077 0.192308
1 0.125 0.835337 0.163462 0.204327
1 0.961538 0.658654 0.0769231 0.264423
1 0.701923 0.807692 0.163462 0.225962
1 0.127404 0.629808 0.153846 0.211538
1 0.284856 0.426683 0.146635 0.180288
1 0.204327 0.25 0.1875 0.182692
1 0.405048 0.340144 0.161058 0.223558
1 0.237981 0.0709135 0.158654 0.141827
1 0.811298 0.36899 0.151442 0.170673
1 0.397837 0.0877404 0.185096 0.175481
1 0.293269 0.808894 0.168269 0.185096
1 0.0649038 0.240385 0.129808 0.1875
0 0.526442 0.639423 0.336538 0.370192
