1 0.0210938 0.482292 0.0421875 0.172917
1 0.0203125 0.770833 0.040625 0.170833
1 0.675 0.94375 0.15625 0.1125
1 0.6 0.825 0.15 0.15
1 0.961719 0.490625 0.0765625 0.252083
1 0.928125 0.90625 0.140625 0.1875
1 0.0695312 0.3125 0.139062 0.1875
1 0.0570313 0.103125 0.114063 0.20625
1 0.322656 0.444792 0.157813 0.247917
1 0.716406 0.279167 0.154687 0.204167
1 0.476562 0.570833 0.178125 0.2
1 0.421094 0.129167 0.173438 0.25
1 0.454688 0.914583 0.159375 0.170833
1 0.195312 0.920833 0.14375 0.158333
1 0.700781 0.078125 0.198437 0.15625
1 0.313281 0.113542 0.167187 0.20625
0 0.807813 0.665625 0.328125 0.45625
1 0.220313 0.486458 0.171875 0.239583
1 0.915625 0.135417 0.16875 0.208333
1 0.325781 0.70625 0.154687 0.233333
1 0.0734375 0.628125 0.1375 0.202083
1 0.509375 0.716667 0.18125 0.191667
