2 0.496875 0.854167 0.05 0.0541667
1 0.110937 0.475 0.140625 0.191667
1 0.389062 0.0645833 0.159375 0.129167
1 0.9 0.9375 0.175 0.125
1 0.216406 0.972917 0.176563 0.0541667
1 0.91875 0.915625 0.1625 0.164583
1 0.059375 0.464583 0.11875 0.2
1 0.882812 0.966667 0.171875 0.0666667
1 0.11875 0.261458 0.175 0.185417
2 0.725 0.944792 0.09375 0.110417
1 0.379687 0.344792 0.109375 0.289583
1 0.025 0.9 0.05 0.2
1 0.617188 0.840625 0.171875 0.264583
1 0.236719 0.880208 0.151562 0.152083
1 0.280469 0.075 0.167187 0.15
1 0.682031 0.0552083 0.154687 0.110417
1 0.416406 0.9375 0.182812 0.125
1 0.245312 0.764583 0.1875 0.2125
1 0.33125 0.6 0.165625 0.204167
1 0.10625 0.15 0.203125 0.229167
0 0.554688 0.501042 0.359375 0.497917
1 0.954687 0.477083 0.090625 0.220833
1 0.816406 0.10625 0.160938 0.204167
1 0.425 0.775 0.171875 0.216667
1 0.698438 0.225 0.15 0.208333
1 0.833594 0.352083 0.176563 0.245833
1 0.921875 0.70625 0.15625 0.216667
1 0.071875 0.69375 0.14375 0.216667
1 0.260156 0.40625 0.148438 0.216667
1 0.530469 0.15625 0.145313 0.216667
1 0.757031 0.675 0.164062 0.233333
