1 0.0648438 0.135417 0.129688 0.2625
1 0.100781 0.935417 0.182812 0.129167
1 0.324219 0.0729167 0.164062 0.145833
1 0.949219 0.50625 0.101562 0.279167
1 0.959375 0.901042 0.08125 0.19375
1 0.142969 0.623958 0.157813 0.239583
1 0.678906 0.905208 0.185937 0.185417
1 0.034375 0.626042 0.06875 0.20625
1 0.05 0.820833 0.1 0.2
1 0.85 0.922917 0.15 0.154167
1 0.523438 0.841667 0.184375 0.245833
1 0.69375 0.264583 0.196875 0.233333
1 0.710938 0.078125 0.196875 0.15625
1 0.853906 0.455208 0.173438 0.272917
1 0.876562 0.720833 0.171875 0.266667
0 0.252344 0.330208 0.342187 0.44375
1 0.516406 0.563542 0.170312 0.23125
1 0.698438 0.513542 0.159375 0.239583
