1 0.015625 0.0583333 0.03125 0.116667
1 0.6875 0.0989583 0.15625 0.197917
1 0.440625 0.798958 0.171875 0.20625
1 0.4625 0.5375 0.175 0.2375
1 0.0296875 0.566667 0.059375 0.183333
2 0.957031 0.855208 0.0640625 0.0770833
1 0.0375 0.444792 0.075 0.18125
1 0.096875 0.654167 0.171875 0.208333
1 0.9375 0.334375 0.125 0.24375
1 0.261719 0.814583 0.145313 0.195833
1 0.630469 0.41875 0.145313 0.204167
1 0.130469 0.935417 0.145313 0.129167
1 0.578125 0.248958 0.19375 0.227083
1 0.300781 0.907292 0.145313 0.172917
1 0.534375 0.0572917 0.1625 0.114583
1 0.0453125 0.858333 0.090625 0.191667
1 0.605469 0.939583 0.164062 0.120833
1 0.957812 0.691667 0.084375 0.241667
1 0.719531 0.626042 0.192188 0.239583
1 0.05 0.215625 0.1 0.23125
1 0.721875 0.8875 0.1625 0.216667
1 0.365625 0.677083 0.159375 0.204167
1 0.798437 0.3 0.171875 0.220833
0 0.310156 0.221875 0.385938 0.44375
