1 0.814062 0.853125 0.13125 0.210417
1 0.88125 0.977083 0.18125 0.0458333
1 0.18125 0.0270833 0.1875 0.0541667
1 0.015625 0.230208 0.03125 0.177083
1 0.363281 0.13125 0.195312 0.208333
1 0.124219 0.39375 0.142188 0.191667
1 0.749219 0.891667 0.160938 0.216667
1 0.958594 0.8875 0.0796875 0.2
1 0.404687 0.0604167 0.165625 0.116667
1 0.4 0.953125 0.1625 0.09375
1 0.102344 0.898958 0.173438 0.197917
1 0.596875 0.960417 0.153125 0.0791667
1 0.710938 0.646875 0.171875 0.264583
1 0.782812 0.336458 0.178125 0.189583
1 0.0335938 0.534375 0.0671875 0.23125
1 0.154687 0.180208 0.1875 0.214583
1 0.825 0.438542 0.153125 0.214583
1 0.164062 0.74375 0.121875 0.2
1 0.621875 0.0729167 0.153125 0.145833
1 0.935938 0.289583 0.128125 0.204167
1 0.5375 0.240625 0.1625 0.235417
1 0.296094 0.841667 0.157813 0.216667
0 0.357812 0.525 0.315625 0.454167
1 0.833594 0.130208 0.170312 0.214583
