1 0.503125 0.340625 0.121875 0.21875
1 0.0210938 0.471875 0.0421875 0.160417
1 0.0328125 0.327083 0.065625 0.195833
2 0.782812 0.636458 0.06875 0.0854167
1 0.9375 0.078125 0.121875 0.15625
1 0.373437 0.284375 0.18125 0.260417
1 0.205469 0.4 0.201562 0.204167
1 0.957812 0.934375 0.084375 0.13125
1 0.428125 0.730208 0.178125 0.23125
1 0.646875 0.105208 0.165625 0.197917
1 0.39375 0.9 0.15625 0.2
1 0.0453125 0.6 0.090625 0.166667
1 0.08125 0.851042 0.1625 0.28125
1 0.95 0.65 0.1 0.225
1 0.238281 0.569792 0.160938 0.21875
1 0.652344 0.765625 0.164062 0.21875
1 0.821875 0.529167 0.16875 0.225
1 0.542188 0.885417 0.165625 0.208333
0 0.121875 0.108333 0.2375 0.208333
1 0.766406 0.170833 0.173438 0.204167
