1 0.831731 0.463942 0.177885 0.182692
1 0.971154 0.16226 0.0576923 0.165865
1 0.823317 0.0480769 0.137019 0.0961538
1 0.715144 0.457933 0.141827 0.194712
1 0.046875 0.78125 0.09375 0.211538
1 0.897837 0.802885 0.194712 0.221154
1 0.0276442 0.569712 0.0552885 0.192308
1 0.942308 0.621394 0.115385 0.233173
1 0.240385 0.0492788 0.192308 0.0985577
1 0.921875 0.0456731 0.151442 0.0913462
1 0.235577 0.430288 0.225962 0.1875
1 0.88101 0.206731 0.146635 0.197115
1 0.204327 0.165865 0.197115 0.168269
1 0.0444712 0.0649038 0.0889423 0.129808
1 0.078125 0.216346 0.15625 0.197115
1 0.579327 0.307692 0.1875 0.235577
1 0.75601 0.921875 0.204327 0.15625
1 0.158654 0.896635 0.163462 0.192308
0 0.419471 0.727163 0.372596 0.463942
