1 0.504808 0.311298 0.153846 0.247596
1 0.454327 0.0324519 0.158654 0.0649038
1 0.0420673 0.0492788 0.0841346 0.0985577
1 0.667067 0.919471 0.165865 0.161058
1 0.209135 0.513221 0.158654 0.189904
1 0.615385 0.235577 0.149038 0.197115
1 0.572115 0.0600962 0.163462 0.120192
1 0.490385 0.9375 0.163462 0.120192
1 0.149038 0.352163 0.153846 0.223558
1 0.0600962 0.91226 0.120192 0.175481
1 0.197115 0.09375 0.153846 0.1875
1 0.65625 0.753606 0.1875 0.233173
1 0.206731 0.864183 0.149038 0.194712
1 0.361779 0.153846 0.175481 0.259615
1 0.289663 0.329327 0.146635 0.225962
1 0.899038 0.919471 0.192308 0.161058
1 0.807692 0.0709135 0.173077 0.137019
1 0.0901442 0.682692 0.170673 0.288462
1 0.911058 0.700721 0.149038 0.189904
1 0.830529 0.296875 0.151442 0.189904
1 0.691106 0.573317 0.165865 0.213942
0 0.36899 0.719952 0.34375 0.449519
