1 0.194531 0.347917 0.154687 0.225
1 0.514063 0.901042 0.1625 0.18125
1 0.0546875 0.623958 0.10625 0.26875
1 0.890625 0.06875 0.1875 0.133333
1 0.653906 0.45 0.151562 0.2
1 0.567969 0.697917 0.135937 0.195833
1 0.0335938 0.865625 0.0671875 0.21875
1 0.917188 0.445833 0.159375 0.233333
1 0.040625 0.0885417 0.08125 0.177083
1 0.942187 0.222917 0.115625 0.195833
1 0.507812 0.511458 0.146875 0.214583
1 0.2 0.120833 0.153125 0.2
1 0.345313 0.7125 0.1625 0.2125
1 0.507812 0.238542 0.184375 0.20625
0 0.760938 0.789583 0.359375 0.420833
1 0.79375 0.26875 0.16875 0.2125
