1 0.0375 0.973958 0.075 0.0520833
1 0.310937 0.594792 0.128125 0.19375
1 0.415625 0.940625 0.1375 0.110417
2 0.2375 0.214583 0.071875 0.0875
1 0.767969 0.458333 0.214062 0.2125
2 0.532031 0.870833 0.0546875 0.0833333
1 0.476562 0.955208 0.140625 0.0854167
1 0.2875 0.965625 0.140625 0.06875
1 0.725 0.0760417 0.18125 0.152083
1 0.917188 0.751042 0.159375 0.185417
1 0.0195312 0.84375 0.0390625 0.170833
1 0.11875 0.186458 0.18125 0.239583
1 0.35 0.266667 0.16875 0.241667
1 0.192188 0.532292 0.159375 0.23125
1 0.136719 0.8875 0.189063 0.220833
1 0.06875 0.053125 0.1375 0.10625
1 0.942969 0.428125 0.114063 0.210417
1 0.457031 0.76875 0.176563 0.179167
1 0.871875 0.644792 0.165625 0.20625
1 0.842188 0.935417 0.178125 0.129167
1 0.221875 0.0864583 0.153125 0.172917
1 0.394531 0.0958333 0.167187 0.191667
1 0.321875 0.807292 0.18125 0.23125
1 0.0960938 0.583333 0.176563 0.241667
1 0.564062 0.175 0.159375 0.229167
0 0.49375 0.476042 0.38125 0.460417
1 0.667188 0.673958 0.16875 0.20625
1 0.666406 0.891667 0.173438 0.208333
1 0.90625 0.0958333 0.1875 0.183333
1 0.789062 0.248958 0.190625 0.227083
