1 0.703906 0.0541667 0.126563 0.104167
1 0.859375 0.870833 0.15 0.233333
1 0.515625 0.623958 0.171875 0.210417
1 0.01875 0.716667 0.0375 0.216667
1 0.776563 0.0947917 0.178125 0.189583
1 0.282813 0.115625 0.175 0.21875
1 0.799219 0.564583 0.151562 0.204167
1 0.075 0.554167 0.14375 0.204167
1 0.908594 0.832292 0.176563 0.23125
1 0.21875 0.433333 0.196875 0.233333
1 0.36875 0.969792 0.175 0.0604167
1 0.0632813 0.402083 0.126563 0.241667
1 0.672656 0.745833 0.151562 0.183333
1 0.93125 0.155208 0.1375 0.21875
1 0.976562 0.652083 0.046875 0.183333
1 0.646094 0.545833 0.164062 0.225
1 0.267969 0.303125 0.129688 0.152083
1 0.404687 0.61875 0.15 0.220833
1 0.329688 0.825 0.178125 0.266667
0 0.49375 0.183333 0.275 0.320833
