1 0.934375 0.871875 0.13125 0.247917
1 0.260938 0.736458 0.15625 0.21875
1 0.584375 0.109375 0.171875 0.21875
1 0.0609375 0.0375 0.121875 0.075
1 0.760938 0.575 0.159375 0.220833
1 0.796875 0.463542 0.175 0.23125
1 0.928125 0.584375 0.14375 0.222917
1 0.224219 0.922917 0.185937 0.154167
1 0.0539063 0.241667 0.107813 0.225
1 0.428125 0.33125 0.153125 0.208333
1 0.919531 0.0739583 0.160938 0.147917
1 0.195312 0.203125 0.159375 0.235417
1 0.778125 0.071875 0.15625 0.14375
1 0.936719 0.273958 0.126563 0.247917
1 0.775781 0.8375 0.160938 0.229167
1 0.06875 0.902083 0.1375 0.191667
1 0.35625 0.725 0.16875 0.229167
0 0.626562 0.772917 0.246875 0.333333
1 0.261719 0.509375 0.173438 0.222917
1 0.385938 0.109375 0.184375 0.21875
