1 0.34375 0.0229167 0.115625 0.0458333
2 0.398438 0.891667 0.059375 0.0791667
2 0.439063 0.046875 0.059375 0.08125
2 0.689062 0.285417 0.059375 0.0708333
1 0.482812 0.201042 0.165625 0.19375
1 0.957031 0.791667 0.0859375 0.2625
1 0.0234375 0.94375 0.046875 0.1125
1 0.860937 0.910417 0.146875 0.179167
2 0.250781 0.472917 0.0578125 0.0708333
1 0.160156 0.936458 0.173438 0.127083
1 0.798437 0.09375 0.11875 0.1875
1 0.670313 0.386458 0.1875 0.164583
1 0.521875 0.24375 0.1625 0.1875
1 0.350781 0.947917 0.179688 0.104167
1 0.6125 0.945833 0.165625 0.108333
1 0.184375 0.75 0.1875 0.208333
1 0.955469 0.5125 0.0890625 0.208333
1 0.388281 0.614583 0.176563 0.3125
1 0.046875 0.267708 0.09375 0.197917
1 0.934375 0.140625 0.13125 0.197917
1 0.732813 0.1875 0.121875 0.170833
1 0.608594 0.0833333 0.173438 0.166667
1 0.848437 0.315625 0.165625 0.20625
1 0.194531 0.616667 0.179688 0.220833
0 0.709375 0.680208 0.3625 0.460417
1 0.517969 0.470833 0.154687 0.229167
1 0.200781 0.170833 0.204688 0.233333
1 0.139844 0.394792 0.182812 0.23125
1 0.503125 0.81875 0.16875 0.233333
