1 0.0429688 0.838542 0.0859375 0.214583
1 0.028125 0.160417 0.05625 0.220833
1 0.913281 0.176042 0.157813 0.222917
1 0.798437 0.255208 0.153125 0.19375
1 0.145313 0.883333 0.171875 0.2
1 0.601562 0.511458 0.1625 0.21875
1 0.246875 0.352083 0.178125 0.229167
1 0.907812 0.677083 0.159375 0.229167
1 0.0867188 0.33125 0.148438 0.204167
1 0.350781 0.715625 0.157813 0.214583
1 0.477344 0.719792 0.160938 0.210417
0 0.489844 0.180208 0.339063 0.35625
1 0.754687 0.71875 0.171875 0.208333
1 0.204688 0.615625 0.175 0.197917
