1 0.858173 0.0336538 0.163462 0.0673077
2 0.165865 0.459135 0.0625 0.0769231
1 0.592548 0.645433 0.170673 0.233173
2 0.290865 0.901442 0.105769 0.134615
1 0.0360577 0.438702 0.0721154 0.199519
1 0.960337 0.352163 0.0793269 0.247596
1 0.887019 0.890625 0.168269 0.213942
1 0.959135 0.104567 0.0817308 0.199519
1 0.25601 0.201923 0.175481 0.25
1 0.0564904 0.0661058 0.112981 0.132212
1 0.0985577 0.78125 0.197115 0.206731
1 0.367788 0.472356 0.192308 0.185096
0 0.492788 0.867788 0.197115 0.254808
1 0.229567 0.591346 0.194712 0.211538
1 0.698317 0.817308 0.161058 0.182692
1 0.694712 0.235577 0.173077 0.216346
