1 0.114844 0.461458 0.132812 0.152083
1 0.471875 0.8875 0.1125 0.175
1 0.380469 0.35625 0.170312 0.208333
1 0.350781 0.966667 0.123438 0.0666667
1 0.315625 0.294792 0.203125 0.26875
1 0.0609375 0.883333 0.115625 0.2
1 0.165625 0.4 0.171875 0.233333
1 0.046875 0.903125 0.09375 0.18125
1 0.742969 0.1375 0.154687 0.2
2 0.657812 0.0739583 0.078125 0.13125
1 0.7875 0.85 0.1625 0.216667
1 0.25625 0.928125 0.15 0.14375
1 0.0609375 0.154167 0.11875 0.204167
1 0.496875 0.34375 0.10625 0.216667
1 0.147656 0.920833 0.139062 0.158333
0 0.952344 0.111458 0.0953125 0.222917
1 0.590625 0.363542 0.153125 0.227083
1 0.775 0.45625 0.171875 0.195833
1 0.0242187 0.645833 0.0484375 0.183333
1 0.558594 0.870833 0.101562 0.141667
1 0.485156 0.141667 0.185937 0.216667
1 0.913281 0.75 0.139062 0.1875
1 0.740625 0.580208 0.175 0.210417
1 0.207031 0.105208 0.176563 0.210417
1 0.84375 0.314583 0.171875 0.220833
0 0.541406 0.617708 0.248437 0.30625
