      0/99     2.69G   0.06577    0.0609   0.01927    0.1459        68       640   0.04894    0.2885   0.01996  0.003893   0.09131    0.0936   0.01674
      1/99     4.14G   0.06299   0.06168   0.01399    0.1387        60       640    0.3809   0.09159   0.03321  0.005202    0.0982   0.08333   0.09277
      2/99     4.14G   0.06346   0.06123   0.01027     0.135        15       640    0.8162    0.1982    0.1759   0.03387   0.08675   0.09745   0.03529
      3/99     4.14G   0.06274   0.05878  0.005897    0.1274        32       640    0.1577    0.3362    0.1916   0.04261   0.08437     0.106   0.01612
      4/99     4.14G   0.06113    0.0522  0.003868    0.1172        23       640   0.03356   0.05569  0.007786  0.001456    0.1082   0.06778    0.1071
      5/99     4.14G   0.05805   0.05075  0.002963    0.1118        44       640    0.6253    0.3827    0.4069    0.1275   0.07111    0.1118  0.004516
      6/99     4.14G   0.05403   0.04955  0.002532    0.1061        10       640    0.4687    0.5907    0.5761    0.2405   0.06404    0.1097  0.003629
      7/99     4.14G   0.04941   0.04787  0.002405   0.09968         4       640    0.7813    0.4708    0.4646    0.1729   0.06533    0.1037   0.00636
      8/99     4.14G    0.0462   0.04889  0.002329   0.09742         6       640    0.5018    0.7225    0.6803    0.3817   0.06059    0.1004  0.003864
      9/99     4.14G   0.04303   0.04671  0.002146   0.09189         4       640    0.7982    0.5564    0.5841    0.3137   0.05759    0.1061  0.008169
     10/99     4.14G   0.04174   0.04813   0.00204   0.09191        13       640    0.5001    0.8438    0.6456    0.3584   0.05933     0.104  0.009259
     11/99     4.14G   0.03954   0.04772  0.001896   0.08916         7       640    0.4735    0.7259    0.5838    0.3477    0.0537    0.1063  0.007251
     12/99     4.14G   0.03842    0.0475  0.001692   0.08761        53       640    0.5219    0.7165    0.6443    0.3789   0.05207    0.1099   0.01706
     13/99     4.14G   0.03854   0.04762  0.001611   0.08777        14       640    0.5065    0.7483    0.5958    0.3761   0.05158    0.1112   0.01412
     14/99     4.14G   0.03678    0.0467  0.001533   0.08501         9       640    0.5041    0.7271    0.6319    0.3665   0.05249    0.1099  0.007778
     15/99     4.14G   0.03696    0.0474  0.001321   0.08568         9       640    0.4616    0.6568    0.5831     0.343   0.05263      0.11   0.02463
     16/99     4.14G   0.03601   0.04622  0.001322   0.08356        41       640    0.5696    0.7912     0.657    0.3975   0.05093    0.1121   0.00967
     17/99     4.15G   0.03505    0.0474  0.001178   0.08363        68       640     0.373    0.7783    0.4072    0.2316   0.05184    0.1137   0.03221
     18/99     4.15G   0.03509    0.0449  0.001264   0.08125        33       640    0.4362    0.7425    0.5284    0.3094   0.05164    0.1131   0.05117
     19/99     4.15G   0.03549   0.04688  0.001233    0.0836        23       640    0.5718    0.6572    0.6213    0.3891   0.05164    0.1133  0.003275
     20/99     4.15G   0.03448   0.04627  0.001208   0.08196         5       640     0.544    0.7984    0.6757    0.4099   0.05001    0.1113   0.01625
     21/99     4.15G   0.03388   0.04486  0.001177   0.07991        10       640    0.6302    0.7699    0.6957    0.4387   0.04897    0.1117  0.004311
     22/99     4.15G   0.03374   0.04586  0.001193   0.08079         9       640    0.4569    0.5858    0.4932    0.2525   0.06572    0.1303   0.01322
     23/99     4.15G   0.03432   0.04592  0.001511   0.08174        22       640    0.5836    0.7489     0.666    0.4225   0.04925    0.1128   0.03041
     24/99     4.15G   0.03394   0.04578  0.001126   0.08084        47       640    0.4934    0.7623    0.5506    0.3053    0.0502    0.1115   0.04343
     25/99     4.15G   0.03303    0.0468  0.001061   0.08089        54       640    0.6171    0.7998     0.691    0.4472   0.04738    0.1133   0.01698
     26/99     4.15G   0.03301   0.04674  0.000911   0.08065        22       640    0.5609    0.8671    0.6861    0.4492   0.04813    0.1128   0.03167
     27/99     4.15G   0.03282   0.04551  0.001017   0.07934         8       640    0.5195    0.8031    0.6345    0.4124   0.04794    0.1131    0.0297
     28/99     4.15G   0.03253   0.04558  0.001058   0.07916        53       640    0.6145    0.8273    0.7081    0.4819   0.04676    0.1149  0.006364
     29/99     4.15G   0.03205   0.04433 0.0008649   0.07724        40       640    0.6161       0.8    0.7081    0.4496   0.04747    0.1158   0.00685
     30/99     4.15G   0.03235   0.04433 0.0009812   0.07766        14       640    0.6637    0.8637    0.7504     0.512   0.04626     0.115  0.003755
     31/99     4.15G   0.03215   0.04551 0.0008845   0.07855        42       640    0.6875    0.7572    0.7228    0.4956   0.04762    0.1144  0.008472
     32/99     4.15G   0.03162   0.04524 0.0007682   0.07763        56       640    0.5182    0.8071    0.6284    0.4355   0.04794    0.1132  0.006129
     33/99     4.15G   0.03141   0.04412 0.0008841   0.07642        21       640    0.6738    0.7649    0.7279    0.4945   0.04671     0.118  0.004478
     34/99     4.15G   0.03153   0.04398 0.0009539   0.07646        19       640    0.6489    0.8856    0.7507    0.5139   0.04665    0.1157  0.003625
     35/99     4.15G   0.03112   0.04429 0.0009825   0.07639         9       640    0.5778     0.893    0.6901    0.4658   0.04558    0.1186  0.007791
     36/99     4.15G   0.03109   0.04595 0.0008053   0.07784        34       640    0.6313    0.8171    0.7092    0.4751   0.04569    0.1196  0.009797
     37/99     4.15G    0.0314    0.0464 0.0008349   0.07863        70       640    0.6557    0.7786    0.7309    0.4927    0.0465    0.1171   0.03141
     38/99     4.15G   0.03071   0.04408 0.0009307   0.07572        82       640    0.5134    0.7374    0.6044    0.3811   0.04639    0.1213   0.05025
     39/99     4.15G   0.03058   0.04418 0.0008013   0.07556        26       640    0.6552    0.7764    0.7087    0.4762   0.04567    0.1169  0.005058
     40/99     4.15G   0.03091   0.04609 0.0008591   0.07786        30       640    0.6372     0.871    0.7309    0.4963   0.04597    0.1177   0.00838
     41/99     4.15G    0.0306   0.04626 0.0008663   0.07773         5       640    0.6188     0.837     0.709    0.4726   0.04665    0.1188  0.009176
     42/99     4.15G   0.03032   0.04587 0.0007122    0.0769        14       640    0.6652    0.8875    0.7199    0.4991   0.04616    0.1196   0.02148
     43/99     4.15G   0.03002   0.04441 0.0007147   0.07515        12       640    0.6278    0.7949    0.6983    0.4716    0.0474    0.1187   0.01902
     44/99     4.15G   0.03012   0.04493 0.0007378   0.07579         8       640    0.5572    0.8364    0.6554    0.4346   0.04755    0.1196   0.03106
     45/99     4.15G   0.03006   0.04424 0.0007191   0.07502         5       640    0.6586    0.7578    0.7465    0.5142   0.04877    0.1167   0.01835
     46/99     4.15G   0.03009   0.04465 0.0007913   0.07554        75       640    0.6235    0.8017    0.7275    0.4896   0.05096    0.1135   0.01237
     47/99     4.15G   0.02943   0.04441 0.0006406   0.07447        16       640    0.6607    0.8764    0.7631    0.5357    0.0504    0.1154  0.003529
     48/99     4.15G   0.02923   0.04404 0.0006817   0.07395        10       640     0.593    0.8334     0.713    0.4693   0.05085    0.1144   0.01933
     49/99     4.15G   0.02921   0.04443 0.0007895   0.07443         9       640    0.4508    0.8783    0.5762    0.3623   0.04989    0.1166   0.02321
     50/99     4.15G   0.02954   0.04515 0.0007584   0.07544         7       640    0.6494    0.8041    0.7467     0.522    0.0486    0.1156  0.004886
     51/99     4.15G   0.02907   0.04365 0.0007284   0.07346         6       640    0.6602    0.8043    0.7562    0.5282     0.047    0.1192  0.002754
     52/99     4.15G   0.02883   0.04291  0.000728   0.07247        17       640    0.6902    0.8268    0.7576    0.5232   0.04633     0.118  0.006534
     53/99     4.15G   0.02899   0.04468 0.0008418   0.07452        21       640    0.6514    0.7747    0.7214    0.4938   0.04651    0.1208   0.01432
     54/99     4.15G   0.02875   0.04436 0.0007111   0.07382        55       640    0.5443    0.7922    0.6315    0.4118   0.04746    0.1207   0.01098
     55/99     4.15G   0.02907   0.04466 0.0006675   0.07439        18       640    0.5968    0.8449     0.683    0.4681    0.0482    0.1188  0.004167
     56/99     4.15G   0.02892   0.04408 0.0006331   0.07364        64       640    0.7448    0.7504    0.7633    0.5235   0.04688    0.1193  0.003779
     57/99     4.15G   0.02891   0.04402 0.0007598   0.07368        21       640    0.5552    0.7387     0.609    0.4105   0.04977    0.1229   0.08468
     58/99     4.15G   0.02864   0.04472 0.0006484   0.07401        12       640    0.6486    0.8265    0.7376    0.4947   0.04732    0.1211  0.006616
     59/99     4.15G   0.02893   0.04448 0.0007231   0.07413        40       640    0.2948    0.7797    0.3267    0.1893   0.05038     0.131   0.09298
     60/99     4.15G   0.02927   0.04534 0.0006559   0.07527         8       640    0.5903    0.8434    0.7118      0.49   0.04757    0.1205   0.01358
     61/99     4.15G   0.02885   0.04483 0.0006114    0.0743        57       640    0.5998    0.7968    0.6669     0.448    0.0472    0.1218   0.01886
     62/99     4.15G   0.02848   0.04428 0.0005823   0.07334         7       640    0.5953    0.7985    0.6694    0.4589   0.04629    0.1239  0.009562
     63/99     4.15G   0.02811   0.04384 0.0005984   0.07255        49       640    0.6779    0.7424    0.7278    0.4847   0.04594    0.1214   0.01736
     64/99     4.15G   0.02886   0.04511  0.000598   0.07457        35       640      0.63    0.7458    0.6748    0.4636   0.04599    0.1216   0.02099
     65/99     4.15G   0.02818   0.04357 0.0005083   0.07226        12       640    0.6762    0.7655    0.7038    0.4884   0.04578    0.1237   0.01158
     66/99     4.15G    0.0284   0.04471 0.0005864    0.0737         3       640    0.6604    0.7772     0.729    0.5176   0.04594    0.1222  0.008355
     67/99     4.15G   0.02835   0.04484 0.0006209   0.07381         9       640    0.6359    0.8031      0.71    0.4941   0.04635    0.1232   0.01342
     68/99     4.15G    0.0282    0.0448 0.0006797   0.07368         7       640    0.5907    0.8097    0.6599    0.4493   0.04683    0.1268   0.02451
     69/99     4.15G   0.02829   0.04311 0.0006379   0.07203        23       640    0.6081    0.7477    0.6742    0.4486   0.04627    0.1241   0.01497
     70/99     4.15G   0.02818   0.04473 0.0006176   0.07353        46       640    0.6894    0.7553    0.7365     0.498   0.04568    0.1219  0.009885
     71/99     4.15G   0.02812   0.04308  0.000631   0.07183         9       640    0.6746    0.7914    0.7507    0.5197   0.04626    0.1214  0.007161
     72/99     4.15G   0.02793   0.04454 0.0007007   0.07317        12       640    0.6107    0.8085    0.6853    0.4789   0.04643    0.1242  0.009312
     73/99     4.15G   0.02808   0.04357 0.0007514    0.0724         7       640    0.5864    0.7993     0.658    0.4646   0.04521    0.1241   0.00885
     74/99     4.15G   0.02803   0.04398 0.0005611   0.07257        30       640    0.5984     0.843    0.7189    0.5053   0.04645    0.1208   0.01876
     75/99     4.15G   0.02773    0.0436  0.000501   0.07183        12       640    0.5694    0.7975    0.6655     0.457   0.04638     0.124   0.02188
     76/99     4.15G   0.02772   0.04433 0.0005325   0.07258        37       640     0.513    0.8408    0.6009    0.4178   0.04604    0.1248   0.01346
     77/99     4.15G   0.02768   0.04251 0.0004917   0.07069        53       640    0.6216    0.7866    0.7134    0.4938   0.04542    0.1233  0.008248
     78/99     4.15G   0.02793   0.04431 0.0006292   0.07287        48       640    0.4253    0.7918    0.4681    0.2973   0.04637    0.1339   0.02257
     79/99     4.15G   0.02782   0.04476 0.0006103   0.07319         9       640     0.427    0.7316    0.4555    0.2759   0.04844    0.1351   0.03871
     80/99     4.15G   0.02749   0.04333 0.0005689   0.07139        30       640    0.5815    0.7398    0.6266    0.4141   0.04632    0.1299   0.01252
     81/99     4.15G    0.0274   0.04366 0.0005608   0.07162        24       640    0.6617    0.7429    0.7041    0.4737   0.04521    0.1231  0.009413
     82/99     4.15G   0.02795   0.04393 0.0005812   0.07246         8       640    0.4753    0.8064    0.5509    0.3632   0.04577    0.1308   0.01873
     83/99     4.15G   0.02761   0.04341 0.0005371   0.07155        13       640    0.6074     0.789    0.6821     0.473   0.04569    0.1241  0.007824
     84/99     4.15G   0.02781   0.04388 0.0005745   0.07226        16       640    0.6022     0.707    0.6099    0.4111   0.04646    0.1286   0.01298
     85/99     4.15G   0.02753     0.043 0.0005505   0.07108         7       640    0.6022    0.7364    0.6497    0.4484   0.04576    0.1253   0.01389
     86/99     4.15G   0.02774   0.04415 0.0005626   0.07245         4       640    0.7035    0.7308    0.7239    0.5103   0.04538    0.1235  0.008109
     87/99     4.15G    0.0276   0.04266 0.0005083   0.07077        42       640    0.7424    0.7395    0.7482    0.5328   0.04519    0.1224  0.002059
     88/99     4.15G   0.02768   0.04365 0.0005189   0.07185       115       640    0.6839    0.7314    0.7071    0.4931    0.0453    0.1225   0.01374
     89/99     4.15G   0.02725   0.04329 0.0005514   0.07109         7       640    0.6056    0.7202    0.6244    0.4344   0.04537    0.1257   0.01076
     90/99     4.15G   0.02739   0.04424 0.0005431   0.07217        69       640    0.5325    0.7199    0.5946    0.3817   0.04657    0.1253   0.02058
     91/99     4.15G   0.02757   0.04363 0.0005163   0.07172        46       640    0.5055    0.7082    0.5415    0.3463   0.04597    0.1285   0.01291
     92/99     4.15G   0.02732   0.04416 0.0005216     0.072        44       640    0.6234    0.7224     0.639    0.4345   0.04512    0.1259  0.007173
     93/99     4.15G    0.0273   0.04378 0.0005212   0.07161        56       640    0.5405    0.7408    0.5976    0.3973    0.0452    0.1265   0.01284
     94/99     4.15G   0.02718   0.04421 0.0004493   0.07184        42       640    0.6548    0.7647    0.7076    0.4953   0.04486    0.1234  0.004914
     95/99     4.15G   0.02697   0.04375 0.0004765    0.0712        26       640    0.6731    0.7383    0.7073    0.4927   0.04432    0.1251  0.004426
     96/99     4.15G   0.02744   0.04357 0.0005024   0.07151        11       640    0.7535    0.7371    0.7649    0.5489   0.04437    0.1233  0.001861
     97/99     4.15G   0.02731   0.04472 0.0004725   0.07251        33       640    0.5802    0.7611    0.6317    0.4437   0.04555    0.1277   0.01492
     98/99     4.15G   0.02751   0.04285 0.0005648   0.07092         8       640    0.3681    0.7695    0.3936    0.2566   0.04701    0.1551   0.03824
     99/99     4.15G   0.02731   0.04428 0.0005636   0.07215        48       640    0.4876    0.7075    0.5013    0.3336   0.04584    0.1289   0.01718
