1 0.878906 0.05 0.160938 0.1
1 0.0335938 0.0864583 0.0671875 0.16875
1 0.0742188 0.898958 0.148438 0.197917
1 0.239063 0.977083 0.103125 0.0458333
1 0.378906 0.028125 0.198437 0.05625
1 0.071875 0.933333 0.14375 0.133333
2 0.774219 0.494792 0.0578125 0.0520833
1 0.335938 0.497917 0.15625 0.204167
1 0.941406 0.833333 0.117188 0.3
1 0.121094 0.484375 0.114063 0.172917
1 0.207031 0.610417 0.160938 0.2625
1 0.721094 0.05625 0.148438 0.1125
1 0.714063 0.564583 0.14375 0.175
1 0.188281 0.91875 0.132812 0.1625
1 0.650781 0.25 0.142188 0.2125
1 0.603125 0.548958 0.1375 0.202083
1 0.965625 0.090625 0.06875 0.18125
1 0.0796875 0.825 0.159375 0.291667
1 0.124219 0.1125 0.182812 0.220833
1 0.0328125 0.455208 0.065625 0.252083
1 0.859375 0.215625 0.18125 0.28125
1 0.842188 0.596875 0.184375 0.19375
1 0.747656 0.9375 0.145313 0.125
1 0.473437 0.502083 0.15625 0.233333
1 0.558594 0.1375 0.198437 0.275
1 0.935156 0.632292 0.129688 0.227083
1 0.0851562 0.314583 0.142188 0.208333
1 0.309375 0.260417 0.175 0.216667
0 0.310156 0.851042 0.201562 0.297917
1 0.927344 0.38125 0.145313 0.225
