      0/99     2.64G   0.06668   0.05845   0.01985     0.145        26       640   0.01249    0.3148   0.01416  0.002822   0.09162   0.09474   0.01713
      1/99     2.89G   0.06372   0.06128    0.0152    0.1402        17       640   0.01314    0.3227   0.01664  0.003586   0.08429    0.1048    0.0132
      2/99     2.89G     0.062   0.06322   0.01238    0.1376         7       640    0.0544    0.1323    0.0462  0.009173   0.08788   0.09251   0.01023
      3/99      2.9G   0.06074   0.05788  0.009865    0.1285       100       640   0.02616   0.09634   0.01178  0.002269    0.1012   0.08057    0.1654
      4/99      2.9G   0.05788   0.05521  0.008872     0.122         9       640    0.3823    0.1092   0.02417  0.004331   0.08293    0.1044  0.008581
      5/99      2.9G   0.05597   0.05192   0.00684    0.1147        94       640     0.736     0.476    0.4591    0.1868   0.07168   0.09925  0.005416
      6/99      2.9G   0.05177   0.05025  0.004461    0.1065        27       640     0.434    0.6756    0.6166    0.2567   0.06781     0.101  0.004859
      7/99      2.9G   0.04759   0.04748  0.003424   0.09849        10       640    0.4962    0.6959    0.6668    0.3677   0.06889   0.09664  0.004883
      8/99      2.9G   0.04568   0.04763  0.002993   0.09629       111       640    0.8721    0.5562    0.6567    0.4015   0.06662   0.09276  0.004815
      9/99      2.9G   0.04323   0.04801  0.002698   0.09394        55       640    0.7398    0.5693     0.652    0.3916   0.06507   0.09875  0.008125
     10/99      2.9G    0.0413   0.04703  0.002319   0.09065        14       640    0.4875    0.7824    0.6614    0.4207   0.06217   0.09465  0.004694
     11/99      2.9G    0.0414   0.04853  0.002192   0.09213        20       640    0.5871    0.7621    0.6735     0.407   0.06283    0.0999  0.005518
     12/99      2.9G   0.03991   0.04828  0.002228   0.09042        31       640    0.6032    0.7709    0.7175    0.4515   0.06066   0.09528  0.004473
     13/99      2.9G   0.03796   0.04786  0.001734   0.08756        48       640    0.5287    0.7947    0.6665    0.4289   0.05865   0.09981  0.003862
     14/99      2.9G   0.03736   0.04543  0.001918   0.08471        39       640    0.5798     0.786    0.6399    0.3993   0.05878     0.113  0.003756
     15/99      2.9G   0.03683   0.04792  0.001503   0.08625        10       640    0.6212    0.7293    0.6719    0.4387   0.05611    0.1031  0.004607
     16/99      2.9G   0.03591   0.04712  0.001462    0.0845        19       640    0.5922     0.829     0.673    0.4254    0.0595   0.09771  0.003566
     17/99      2.9G   0.03624    0.0484  0.001462    0.0861        13       640    0.5836    0.8206    0.6799    0.4402    0.0567    0.1031  0.003478
     18/99      2.9G   0.03664   0.04718  0.001344   0.08516        10       640    0.5892    0.8459    0.6911    0.4572   0.05526    0.1047  0.003906
     19/99      2.9G   0.03472   0.04646  0.001403   0.08258         6       640     0.657    0.8108    0.7441    0.4838   0.05452    0.1046  0.003562
     20/99      2.9G   0.03469   0.04787  0.001214   0.08378       115       640    0.6089    0.8616    0.6915    0.4586   0.05215    0.1077   0.00386
     21/99      2.9G   0.03416   0.04659  0.001244   0.08199        11       640    0.5443     0.768    0.6618    0.4212   0.05253    0.1083  0.003525
     22/99      2.9G   0.03381   0.04737  0.001177   0.08236        64       640    0.6605    0.8207    0.7432    0.4806    0.0524    0.1069  0.003274
     23/99      2.9G   0.03395   0.04716  0.001158   0.08226        39       640    0.6269    0.8028    0.7188    0.4684   0.05324    0.1102  0.005518
     24/99      2.9G   0.03313   0.04682  0.001013   0.08096        30       640    0.6876    0.8064    0.7263     0.487   0.04931    0.1122  0.003214
     25/99      2.9G   0.03284   0.04671 0.0009396   0.08049         4       640    0.5713    0.8947    0.6969    0.4761   0.04735     0.111  0.003246
     26/99      2.9G   0.03242   0.04772 0.0009283   0.08106        28       640     0.611    0.8648    0.7296    0.5024   0.04757    0.1111  0.003243
     27/99      2.9G   0.03233   0.04883  0.000894   0.08206        13       640    0.6425    0.8227    0.7016    0.4755   0.04971    0.1114  0.003306
     28/99      2.9G   0.03228   0.04647  0.001115   0.07986        12       640    0.6582    0.8132    0.7282    0.4928   0.04747     0.112  0.003239
     29/99      2.9G   0.03212   0.04674 0.0009844   0.07984        57       640    0.7476    0.7687    0.7774    0.5226   0.04834    0.1125  0.003167
     30/99      2.9G   0.03222   0.04654 0.0009604   0.07972        13       640    0.6311    0.7939    0.7157    0.4937   0.04702    0.1139  0.003234
     31/99      2.9G   0.03161   0.04639 0.0008437   0.07884        35       640    0.7055    0.8361    0.7759    0.5353   0.04823    0.1094  0.003157
     32/99      2.9G   0.03151   0.04652  0.000886   0.07892         4       640    0.6592    0.8416    0.7532    0.5015    0.0485    0.1098  0.003103
     33/99      2.9G   0.03163   0.04502 0.0009333   0.07758         9       640    0.7748    0.7101    0.7634    0.5219   0.04892    0.1095  0.003068
     34/99      2.9G   0.03122   0.04536 0.0009561   0.07754         6       640    0.6463    0.7973    0.7149    0.4852   0.04985    0.1172  0.003271
     35/99      2.9G   0.03096   0.04614 0.0008448   0.07794        28       640    0.6989    0.7804    0.7508    0.5104   0.04895    0.1131  0.003011
     36/99     2.91G   0.03063   0.04483 0.0009826   0.07645        74       640    0.6086    0.8413     0.706     0.491     0.049    0.1108  0.002933
     37/99     2.91G   0.03046   0.04585 0.0009812    0.0773        14       640    0.6358    0.8718    0.7201    0.4979   0.05075    0.1094  0.003167
     38/99     2.91G   0.03075   0.04593 0.0008436   0.07752        13       640    0.7392    0.7419    0.7634    0.5328   0.04858    0.1119  0.002987
     39/99     2.91G   0.03039   0.04575 0.0007924   0.07693        34       640    0.6449    0.8133    0.7167    0.5035   0.04827    0.1117  0.003148
     40/99     2.91G   0.03057    0.0464 0.0008771   0.07784        53       640    0.6279    0.8381    0.7102    0.4869   0.04775    0.1136  0.003194
     41/99     2.91G   0.03028   0.04593 0.0007517   0.07696        31       640    0.6199    0.7855    0.7215    0.5066    0.0476    0.1146  0.003018
     42/99     2.91G   0.02991   0.04503 0.0007002   0.07564        15       640    0.5927    0.7912    0.6905    0.4738   0.04814    0.1167   0.00296
     43/99     2.91G   0.03004   0.04467 0.0007783   0.07549         8       640    0.6236    0.8431    0.7172    0.5074   0.04728    0.1147  0.002872
     44/99     2.91G   0.03001   0.04703 0.0007206   0.07776        15       640    0.6569    0.8187    0.7453    0.5261   0.04629    0.1156  0.003004
     45/99     2.91G   0.02989     0.046 0.0007236   0.07662         9       640    0.6552    0.8185    0.7233    0.5128   0.04675    0.1162  0.002737
     46/99     2.91G   0.02999   0.04532 0.0007056   0.07601        41       640    0.6801     0.797     0.723    0.5104    0.0472    0.1177  0.002998
     47/99     2.91G   0.02971   0.04548 0.0007804   0.07597        15       640    0.6778     0.754    0.7241    0.5074   0.04823     0.115  0.002841
     48/99     2.91G   0.02928   0.04565 0.0007648    0.0757        78       640    0.6842    0.8001    0.7666    0.5295     0.048    0.1144   0.00255
     49/99     2.91G   0.02934   0.04548 0.0007784    0.0756        23       640    0.6535    0.8166    0.7176    0.5108   0.04821     0.115  0.002851
     50/99     2.91G   0.02923   0.04566 0.0006578   0.07555        27       640    0.5871    0.7984    0.6935    0.4948   0.04831     0.114  0.002822
     51/99     2.91G   0.02936   0.04577 0.0008493   0.07598         6       640    0.6816    0.8532    0.7847    0.5495   0.04763    0.1141  0.002684
     52/99     2.91G   0.02895   0.04534 0.0006324   0.07492         7       640    0.6565    0.7989    0.7393    0.5265   0.04598    0.1188  0.002708
     53/99     2.91G   0.02878   0.04422 0.0006969    0.0737        54       640    0.6717    0.8415    0.7899    0.5527    0.0465    0.1181   0.00249
     54/99     2.91G   0.02904   0.04599 0.0006061   0.07563        35       640    0.6697      0.86    0.7364    0.5245   0.04641    0.1194  0.002847
     55/99     2.91G   0.02894   0.04648 0.0006333   0.07606        79       640    0.6653     0.842    0.7427    0.5212   0.04608    0.1207  0.002513
     56/99     2.91G   0.02887   0.04558 0.0006751   0.07513        13       640    0.7114    0.8424    0.7787    0.5488   0.04814    0.1155  0.002591
     57/99     2.91G   0.02889   0.04577 0.0006396   0.07531        25       640    0.7048    0.8377    0.7646    0.5423   0.04696    0.1174  0.002504
     58/99     2.91G   0.02867   0.04602 0.0005817   0.07528        18       640    0.6778    0.8125    0.7357    0.5192   0.04659    0.1205  0.002512
     59/99     2.91G   0.02851   0.04425 0.0005826   0.07334         9       640    0.6975    0.8406    0.7696    0.5405   0.04624    0.1193  0.002472
     60/99     2.91G   0.02863   0.04465 0.0006602   0.07394        15       640    0.7152    0.8102    0.7604    0.5381   0.04627    0.1199  0.002553
     61/99     2.91G   0.02851   0.04659 0.0006142   0.07571        40       640    0.6436     0.813    0.7326    0.5256    0.0461    0.1196  0.002393
     62/99     2.91G    0.0284   0.04494 0.0006795   0.07402        18       640    0.6931    0.8389    0.7832    0.5381   0.04674    0.1201  0.002505
     63/99     2.91G   0.02829   0.04447 0.0006668   0.07343        25       640    0.6318    0.7752    0.7189    0.5177   0.04678    0.1176  0.002354
     64/99     2.91G   0.02834    0.0456 0.0006104   0.07455        45       640    0.6728    0.8005     0.736     0.526   0.04576    0.1219  0.002782
     65/99     2.91G   0.02777   0.04581 0.0006122    0.0742        12       640    0.6718    0.8208    0.7469    0.5354   0.04588    0.1191  0.002379
     66/99     2.91G   0.02837   0.04529 0.0006647   0.07432         6       640    0.6551    0.8546    0.7469    0.5386   0.04535    0.1207  0.002413
     67/99     2.91G   0.02814   0.04561 0.0005556   0.07431        14       640    0.6979    0.8275    0.7626    0.5429   0.04483    0.1215  0.002347
     68/99     2.91G   0.02814   0.04442  0.000518   0.07308        11       640    0.6905    0.8151    0.7501    0.5343   0.04455    0.1227  0.002268
     69/99     2.91G   0.02806   0.04497 0.0005714    0.0736        42       640    0.6986    0.7857    0.7488     0.535   0.04524    0.1211  0.002435
     70/99     2.91G   0.02763   0.04451 0.0004697   0.07262         1       640    0.7029    0.8396    0.7617    0.5419   0.04523    0.1206  0.002275
     71/99     2.91G    0.0277   0.04448 0.0004853   0.07266         7       640    0.6737    0.7983    0.7382    0.5241   0.04502    0.1234  0.002641
     72/99     2.91G   0.02793   0.04459 0.0006157   0.07313        11       640    0.6712    0.7864    0.7321    0.5294   0.04508    0.1217  0.002276
     73/99     2.91G   0.02773   0.04486 0.0005695   0.07316        10       640    0.6516    0.8428    0.7358    0.5308   0.04535    0.1206  0.002426
     74/99     2.91G   0.02774   0.04621 0.0004952   0.07444        18       640     0.674    0.8272    0.7493    0.5366   0.04515    0.1225  0.002469
     75/99     2.91G   0.02753   0.04392 0.0005617   0.07201        24       640    0.7167    0.8024    0.7503    0.5412   0.04505    0.1216  0.002247
     76/99     2.91G   0.02785   0.04475 0.0005746   0.07317        49       640    0.7258    0.7647    0.7494    0.5407   0.04493    0.1222  0.002291
     77/99     2.91G    0.0276   0.04379 0.0007177    0.0721        96       640    0.6922    0.7941    0.7361     0.536   0.04435    0.1229   0.00258
     78/99     2.91G   0.02738    0.0445 0.0006115   0.07249        30       640    0.6736    0.8159     0.741    0.5388   0.04405    0.1232  0.002384
     79/99     2.91G   0.02721   0.04548 0.0006004   0.07329        19       640    0.7087    0.7915    0.7579     0.542   0.04469    0.1211  0.002312
     80/99     2.91G    0.0276   0.04451  0.000533   0.07265        41       640    0.6991    0.8707    0.7771    0.5512   0.04484    0.1208  0.002181
     81/99     2.91G   0.02754   0.04372 0.0005545   0.07181        14       640    0.6609    0.8556    0.7461    0.5368   0.04467    0.1215  0.002201
     82/99     2.91G   0.02729   0.04381 0.0005121   0.07161         5       640    0.7148    0.8121    0.7641    0.5466   0.04451     0.123  0.002271
     83/99     2.91G   0.02752   0.04657 0.0005327   0.07462        20       640    0.7324    0.8237    0.7687    0.5554   0.04419     0.124  0.002247
     84/99     2.91G   0.02747   0.04365 0.0005789    0.0717        34       640    0.7198    0.8123    0.7627    0.5475   0.04429    0.1227  0.002319
     85/99     2.91G   0.02737   0.04373  0.000502    0.0716        52       640    0.7307    0.7938    0.7668    0.5514   0.04414    0.1228  0.002316
     86/99     2.91G   0.02746   0.04546 0.0005013   0.07342        36       640    0.7365    0.7915    0.7703     0.551   0.04377    0.1238  0.002385
     87/99     2.91G   0.02733   0.04479 0.0005234   0.07264         5       640    0.6803    0.9054    0.7641    0.5503   0.04356    0.1239  0.002271
     88/99     2.91G   0.02751   0.04424 0.0004307   0.07218        12       640    0.7257    0.8074     0.779     0.559   0.04331    0.1248  0.002162
     89/99     2.91G   0.02718   0.04455 0.0004659   0.07219        11       640    0.7188    0.8177    0.7719    0.5544   0.04294    0.1251  0.002135
     90/99     2.91G   0.02698   0.04498 0.0004369    0.0724        27       640    0.7166    0.8232    0.7802    0.5565   0.04338    0.1242  0.002161
     91/99     2.91G   0.02702   0.04529   0.00046   0.07276         6       640    0.7171    0.8284    0.7729    0.5596   0.04406    0.1228  0.002232
     92/99     2.91G    0.0268   0.04376 0.0004957   0.07105        11       640    0.7188    0.8509    0.7888    0.5633   0.04327    0.1253   0.00213
     93/99     2.91G   0.02733   0.04553  0.000479   0.07334        52       640    0.7125    0.8314    0.7828    0.5649   0.04322    0.1247  0.002183
     94/99     2.91G   0.02723    0.0451 0.0004616   0.07279        60       640    0.7323     0.806    0.7806    0.5589   0.04404    0.1243  0.002282
     95/99     2.91G   0.02687   0.04431 0.0004667   0.07164        38       640    0.7082    0.8233    0.7701    0.5533   0.04348    0.1239  0.002269
     96/99     2.91G   0.02691   0.04407 0.0004969   0.07148        11       640    0.7152    0.8096     0.758    0.5476   0.04366    0.1236  0.002245
     97/99     2.91G   0.02723   0.04552 0.0004594   0.07322        47       640    0.6937    0.8394    0.7654    0.5554   0.04352    0.1234  0.002291
     98/99     2.91G   0.02689   0.04416 0.0004439    0.0715        40       640    0.7062     0.829    0.7654    0.5507   0.04364    0.1237  0.002106
     99/99     2.91G   0.02714   0.04451 0.0004222   0.07207        38       640    0.6787    0.8585    0.7538    0.5472   0.04331    0.1244  0.002297
