1 0.960156 0.0770833 0.0796875 0.15
1 0.267969 0.333333 0.157813 0.2375
1 0.645312 0.0208333 0.18125 0.0416667
1 0.864062 0.102083 0.134375 0.195833
1 0.2875 0.508333 0.121875 0.183333
1 0.200781 0.510417 0.139062 0.204167
1 0.942969 0.946875 0.104687 0.10625
1 0.0203125 0.50625 0.040625 0.229167
1 0.609375 0.766667 0.15 0.166667
1 0.0835937 0.902083 0.151562 0.195833
1 0.0164062 0.872917 0.0328125 0.179167
1 0.93125 0.671875 0.1375 0.247917
1 0.292969 0.1375 0.164062 0.258333
1 0.578125 0.601042 0.15 0.147917
1 0.78125 0.267708 0.16875 0.297917
1 0.925781 0.24375 0.148438 0.25
1 0.174219 0.553125 0.157813 0.252083
1 0.835938 0.121875 0.146875 0.202083
1 0.954687 0.925 0.090625 0.15
1 0.965625 0.05625 0.06875 0.1125
1 0.703125 0.90625 0.1375 0.1875
2 0.553906 0.1125 0.0609375 0.0791667
1 0.882812 0.410417 0.146875 0.2125
1 0.564844 0.480208 0.173438 0.222917
1 0.384375 0.3 0.146875 0.220833
1 0.728906 0.620833 0.201562 0.266667
1 0.828906 0.914583 0.132812 0.170833
1 0.58125 0.880208 0.140625 0.214583
0 0.114844 0.164583 0.182812 0.270833
1 0.211719 0.717708 0.151562 0.20625
