1 0.952344 0.755208 0.0953125 0.185417
1 0.902344 0.6125 0.167187 0.191667
1 0.246094 0.0364583 0.182812 0.0729167
1 0.455469 0.68125 0.176563 0.1625
1 0.65625 0.0489583 0.16875 0.0979167
1 0.140625 0.0927083 0.175 0.185417
1 0.0359375 0.94375 0.071875 0.1125
1 0.0632813 0.227083 0.126563 0.220833
1 0.828906 0.0697917 0.198437 0.139583
1 0.163281 0.829167 0.170312 0.241667
1 0.560156 0.0520833 0.139062 0.1
1 0.875 0.49375 0.15 0.1875
1 0.144531 0.545833 0.151562 0.266667
1 0.157031 0.230208 0.132812 0.214583
1 0.614062 0.413542 0.153125 0.189583
1 0.317187 0.901042 0.1625 0.197917
1 0.920313 0.244792 0.159375 0.252083
0 0.309375 0.445833 0.203125 0.2375
1 0.711719 0.572917 0.176563 0.1875
1 0.9 0.915625 0.15625 0.16875
0 0.575 0.883333 0.25 0.233333
