1 0.90625 0.922917 0.175 0.154167
1 0.81875 0.971875 0.171875 0.05625
1 0.942187 0.954167 0.109375 0.0916667
1 0.942187 0.444792 0.115625 0.16875
1 0.3875 0.451042 0.1375 0.235417
1 0.7375 0.915625 0.18125 0.16875
1 0.925 0.430208 0.15 0.197917
1 0.216406 0.146875 0.129688 0.202083
1 0.914062 0.95 0.165625 0.0958333
1 0.542969 0.975 0.189063 0.05
1 0.945312 0.260417 0.109375 0.195833
2 0.623438 0.921875 0.0875 0.10625
1 0.271875 0.0375 0.175 0.075
1 0.742969 0.41875 0.151562 0.1875
1 0.813281 0.485417 0.154687 0.170833
1 0.371094 0.975 0.179688 0.05
1 0.144531 0.127083 0.160938 0.2
1 0.883594 0.869792 0.182812 0.19375
1 0.480469 0.445833 0.192188 0.25
1 0.911719 0.175 0.160938 0.216667
1 0.0492188 0.835417 0.0984375 0.2125
1 0.028125 0.159375 0.05625 0.210417
1 0.145313 0.882292 0.165625 0.197917
1 0.805469 0.257292 0.157813 0.19375
1 0.0882813 0.327083 0.151562 0.195833
1 0.248437 0.35 0.171875 0.229167
1 0.353125 0.715625 0.15625 0.210417
1 0.603906 0.50625 0.167187 0.225
1 0.909375 0.676042 0.15625 0.23125
1 0.479688 0.722917 0.159375 0.2125
1 0.757812 0.71875 0.171875 0.208333
1 0.205469 0.616667 0.167187 0.2
0 0.492188 0.177083 0.328125 0.354167
