1 0.0444712 0.0288462 0.0889423 0.0576923
1 0.550481 0.0841346 0.168269 0.168269
1 0.961538 0.641827 0.0769231 0.216346
1 0.242788 0.969952 0.129808 0.0600962
2 0.0192308 0.78726 0.0384615 0.0793269
1 0.361779 0.0625 0.199519 0.125
1 0.798077 0.0420673 0.168269 0.0841346
1 0.257212 0.198317 0.163462 0.180288
1 0.96274 0.921875 0.0745192 0.15625
2 0.963942 0.325721 0.0721154 0.108173
1 0.0997596 0.814904 0.185096 0.216346
2 0.579327 0.882212 0.0769231 0.110577
1 0.697115 0.165865 0.168269 0.153846
1 0.963942 0.105769 0.0721154 0.201923
1 0.282452 0.769231 0.161058 0.225962
1 0.689904 0.710337 0.153846 0.161058
1 0.0865385 0.461538 0.173077 0.201923
1 0.463942 0.358173 0.163462 0.245192
1 0.453125 0.927885 0.170673 0.144231
1 0.177885 0.0865385 0.158654 0.173077
1 0.852163 0.183894 0.15625 0.257212
1 0.105769 0.627404 0.182692 0.192308
1 0.504808 0.723558 0.158654 0.259615
1 0.723558 0.893029 0.197115 0.199519
1 0.078125 0.268029 0.15625 0.199519
1 0.33774 0.397837 0.175481 0.223558
1 0.883413 0.620192 0.194712 0.197115
0 0.659856 0.426683 0.334135 0.40625
