1 0.100781 0.748958 0.160938 0.214583
1 0.970312 0.160417 0.059375 0.1625
1 0.925781 0.046875 0.145313 0.09375
1 0.210156 0.430208 0.170312 0.19375
1 0.714063 0.457292 0.134375 0.197917
1 0.826563 0.0489583 0.140625 0.0979167
1 0.242188 0.05625 0.190625 0.1125
1 0.940625 0.620833 0.11875 0.245833
1 0.88125 0.207292 0.146875 0.197917
1 0.208594 0.165625 0.189063 0.16875
1 0.04375 0.0635417 0.084375 0.127083
1 0.0796875 0.21875 0.159375 0.2
1 0.75625 0.91875 0.2 0.1625
1 0.579687 0.307292 0.184375 0.24375
0 0.420312 0.71875 0.378125 0.454167
1 0.159375 0.898958 0.1625 0.197917
