1 0.855769 0.748798 0.153846 0.223558
1 0.314904 0.175481 0.182692 0.163462
1 0.423077 0.975962 0.1875 0.0480769
1 0.0348558 0.276442 0.0697115 0.245192
1 0.11899 0.504808 0.161058 0.192308
1 0.764423 0.94351 0.158654 0.112981
1 0.329327 0.866587 0.192308 0.228365
1 0.210337 0.473558 0.180288 0.235577
1 0.951923 0.778846 0.0961538 0.221154
1 0.38101 0.320913 0.170673 0.209135
1 0.0865385 0.950721 0.168269 0.0985577
1 0.379808 0.106971 0.177885 0.199519
1 0.331731 0.539663 0.163462 0.209135
1 0.137019 0.0817308 0.163462 0.158654
1 0.629808 0.597356 0.158654 0.21875
1 0.507212 0.826923 0.163462 0.216346
1 0.241587 0.701923 0.170673 0.225962
1 0.799279 0.524038 0.189904 0.230769
1 0.507212 0.504808 0.149038 0.197115
0 0.649038 0.237981 0.331731 0.418269
1 0.891827 0.328125 0.163462 0.209135
