1 0.269531 0.986458 0.114063 0.0270833
1 0.872656 0.0604167 0.176563 0.1125
1 0.892969 0.0291667 0.167187 0.0583333
1 0.770312 0.733333 0.178125 0.2
1 0.661719 0.980208 0.167187 0.0395833
1 0.225 0.921875 0.15 0.15625
1 0.680469 0.0604167 0.132812 0.116667
1 0.0234375 0.5125 0.046875 0.233333
1 0.0140625 0.0864583 0.028125 0.147917
1 0.610937 0.85625 0.165625 0.2375
1 0.979688 0.0979167 0.040625 0.191667
1 0.0320312 0.777083 0.0640625 0.204167
1 0.0367187 0.497917 0.0734375 0.2375
1 0.4375 0.0333333 0.15 0.0666667
1 0.165625 0.409375 0.209375 0.160417
1 0.778906 0.84375 0.173438 0.204167
1 0.294531 0.0416667 0.148438 0.0833333
1 0.853125 0.090625 0.18125 0.177083
1 0.295312 0.211458 0.165625 0.24375
1 0.964844 0.446875 0.0703125 0.222917
1 0.935938 0.846875 0.128125 0.227083
1 0.5875 0.451042 0.18125 0.25625
1 0.742188 0.623958 0.196875 0.227083
1 0.592188 0.078125 0.178125 0.15625
1 0.298438 0.526042 0.171875 0.214583
1 0.104687 0.857292 0.153125 0.227083
1 0.515625 0.322917 0.14375 0.183333
1 0.415625 0.185417 0.146875 0.204167
1 0.707031 0.238542 0.148438 0.20625
1 0.866406 0.323958 0.189063 0.252083
0 0.429688 0.779167 0.378125 0.441667
1 0.123438 0.0854167 0.15 0.170833
