1 0.93125 0.984375 0.115625 0.03125
1 0.89375 0.985417 0.159375 0.0291667
2 0.334375 0.234375 0.0875 0.10625
1 0.857813 0.858333 0.171875 0.216667
2 0.376563 0.0541667 0.0875 0.104167
2 0.0265625 0.75 0.05 0.0958333
1 0.909375 0.98125 0.1625 0.0375
1 0.95625 0.266667 0.0875 0.216667
1 0.535156 0.16875 0.179688 0.2125
1 0.0304688 0.340625 0.0609375 0.239583
1 0.511719 0.332292 0.185937 0.252083
1 0.275 0.939583 0.153125 0.120833
1 0.278906 0.76875 0.160938 0.195833
1 0.542969 0.557292 0.189063 0.19375
1 0.764063 0.805208 0.15 0.214583
1 0.200781 0.394792 0.135937 0.189583
1 0.94375 0.736458 0.1125 0.222917
1 0.08125 0.886458 0.1625 0.21875
1 0.239844 0.157292 0.167187 0.252083
1 0.667188 0.0833333 0.171875 0.1625
1 0.848437 0.10625 0.178125 0.2125
0 0.508594 0.811458 0.348437 0.377083
1 0.110156 0.641667 0.185937 0.225
1 0.315625 0.5375 0.16875 0.225
1 0.0820312 0.10625 0.164062 0.2125
1 0.739062 0.504167 0.171875 0.208333
