1 0.984375 0.0635417 0.03125 0.127083
2 0.0125 0.529167 0.025 0.0666667
1 0.254687 0.329167 0.171875 0.229167
1 0.945312 0.91875 0.109375 0.1625
1 0.134375 0.130208 0.2 0.202083
1 0.06875 0.960417 0.1375 0.0791667
1 0.140625 0.66875 0.16875 0.195833
1 0.0773437 0.35625 0.154687 0.229167
1 0.873438 0.0364583 0.165625 0.0729167
1 0.860937 0.892708 0.190625 0.202083
1 0.896094 0.455208 0.195312 0.202083
1 0.0320312 0.83125 0.0640625 0.204167
1 0.30625 0.611458 0.128125 0.19375
1 0.161719 0.807292 0.173438 0.21875
1 0.726562 0.49375 0.171875 0.195833
1 0.402344 0.63125 0.160938 0.204167
1 0.363281 0.305208 0.151562 0.21875
1 0.623438 0.758333 0.165625 0.241667
1 0.920313 0.254167 0.159375 0.229167
1 0.382812 0.801042 0.16875 0.227083
0 0.639063 0.228125 0.428125 0.45625
