1 0.021875 0.0895833 0.04375 0.175
1 0.2875 0.838542 0.15625 0.239583
2 0.546875 0.960417 0.05625 0.0708333
1 0.814844 0.257292 0.173438 0.227083
1 0.242188 0.575 0.15 0.204167
1 0.921875 0.915625 0.13125 0.16875
1 0.896094 0.290625 0.151562 0.19375
1 0.885938 0.739583 0.1875 0.2375
1 0.376563 0.80625 0.153125 0.220833
1 0.144531 0.925 0.176563 0.15
1 0.103125 0.202083 0.18125 0.266667
1 0.360156 0.95 0.167187 0.1
1 0.823438 0.09375 0.178125 0.1875
1 0.961719 0.584375 0.0765625 0.239583
1 0.0695312 0.638542 0.135937 0.239583
1 0.403125 0.563542 0.16875 0.21875
0 0.436719 0.132292 0.201562 0.260417
