1 0.28125 0.739183 0.177885 0.189904
1 0.158654 0.0432692 0.1875 0.0865385
1 0.0504808 0.512019 0.100962 0.182692
1 0.153846 0.933894 0.182692 0.132212
1 0.798077 0.41226 0.197115 0.209135
1 0.532452 0.859375 0.189904 0.266827
0 0.426683 0.550481 0.324519 0.461538
1 0.621394 0.508413 0.146635 0.204327
1 0.604567 0.296875 0.199519 0.185096
1 0.331731 0.915865 0.168269 0.168269
1 0.0805288 0.322115 0.161058 0.245192
1 0.600962 0.0961538 0.1875 0.192308
1 0.765625 0.908654 0.161058 0.182692
1 0.387019 0.25601 0.168269 0.185096
1 0.832933 0.616587 0.194712 0.228365
1 0.763221 0.177885 0.151442 0.230769
1 0.917067 0.165865 0.165865 0.264423
1 0.0877404 0.763221 0.175481 0.257212
