1 0.421094 0.0375 0.182812 0.075
1 0.982031 0.538542 0.0359375 0.214583
1 0.0257812 0.719792 0.0515625 0.189583
1 0.948438 0.259375 0.103125 0.235417
1 0.6875 0.436458 0.15625 0.19375
1 0.66875 0.177083 0.175 0.225
1 0.741406 0.797917 0.170312 0.208333
1 0.0695312 0.914583 0.139062 0.170833
1 0.0695312 0.759375 0.129688 0.210417
1 0.957812 0.09375 0.084375 0.179167
1 0.828125 0.385417 0.165625 0.229167
1 0.0835937 0.426042 0.145313 0.197917
1 0.467969 0.553125 0.167187 0.260417
0 0.34375 0.3125 0.25 0.258333
