1 0.953125 0.984375 0.09375 0.03125
1 0.635938 0.438542 0.171875 0.189583
1 0.040625 0.40625 0.08125 0.220833
1 0.530469 0.0291667 0.173438 0.0583333
1 0.407031 0.946875 0.123438 0.10625
1 0.86875 0.0354167 0.20625 0.0708333
1 0.0539063 0.113542 0.107813 0.227083
1 0.302344 0.113542 0.176563 0.214583
1 0.695312 0.961458 0.15 0.0770833
1 0.0398437 0.604167 0.0796875 0.166667
1 0.71875 0.322917 0.19375 0.2125
1 0.94375 0.178125 0.1125 0.202083
1 0.936719 0.761458 0.126563 0.227083
1 0.803125 0.714583 0.175 0.2125
1 0.548437 0.958333 0.153125 0.0833333
1 0.684375 0.622917 0.175 0.204167
1 0.957812 0.521875 0.084375 0.210417
1 0.83125 0.919792 0.153125 0.160417
1 0.883594 0.314583 0.179688 0.208333
1 0.457812 0.43125 0.146875 0.204167
1 0.224219 0.385417 0.164062 0.216667
1 0.264062 0.616667 0.15625 0.2
1 0.411719 0.68125 0.157813 0.208333
0 0.189063 0.847917 0.315625 0.304167
