1 0.767187 0.357292 0.14375 0.21875
1 0.910937 0.226042 0.165625 0.185417
1 0.96875 0.936458 0.0625 0.127083
1 0.0226563 0.0729167 0.0453125 0.145833
1 0.185156 0.120833 0.210938 0.15
1 0.233594 0.271875 0.135937 0.19375
1 0.98125 0.494792 0.0375 0.18125
1 0.667188 0.384375 0.184375 0.222917
1 0.488281 0.0541667 0.170312 0.108333
1 0.407031 0.945833 0.164062 0.108333
1 0.378125 0.114583 0.184375 0.229167
1 0.925 0.345833 0.15 0.195833
1 0.174219 0.927083 0.170312 0.145833
1 0.949219 0.703125 0.101562 0.222917
1 0.0585938 0.272917 0.114063 0.229167
1 0.394531 0.725 0.173438 0.208333
1 0.0734375 0.839583 0.146875 0.233333
1 0.663281 0.0541667 0.164062 0.108333
1 0.69375 0.538542 0.165625 0.210417
1 0.85625 0.0645833 0.153125 0.129167
1 0.563281 0.203125 0.176563 0.210417
1 0.379687 0.348958 0.171875 0.247917
1 0.832812 0.853125 0.165625 0.222917
1 0.55 0.891667 0.14375 0.2
0 0.159375 0.548958 0.31875 0.44375
1 0.671875 0.748958 0.1625 0.222917
