1 0.0242187 0.6125 0.0484375 0.216667
1 0.405469 0.0114583 0.132812 0.0229167
1 0.280469 0.853125 0.167187 0.21875
1 0.01875 0.635417 0.0375 0.1875
1 0.873438 0.292708 0.165625 0.21875
1 0.0429688 0.834375 0.0859375 0.210417
1 0.0796875 0.790625 0.15 0.21875
1 0.0625 0.291667 0.121875 0.191667
1 0.214062 0.68125 0.171875 0.195833
1 0.146875 0.0625 0.18125 0.125
1 0.147656 0.458333 0.170312 0.225
1 0.940625 0.205208 0.11875 0.25625
1 0.135937 0.954167 0.178125 0.0916667
1 0.404687 0.952083 0.175 0.0958333
1 0.564062 0.879167 0.165625 0.241667
1 0.521094 0.457292 0.179688 0.202083
1 0.0703125 0.565625 0.140625 0.23125
1 0.95 0.63125 0.1 0.1875
1 0.800781 0.059375 0.170312 0.11875
1 0.354688 0.247917 0.153125 0.2125
1 0.683594 0.403125 0.148438 0.18125
1 0.791406 0.21875 0.189063 0.220833
1 0.676562 0.7 0.159375 0.2
1 0.542188 0.144792 0.18125 0.227083
1 0.185156 0.211458 0.176563 0.24375
1 0.423438 0.675 0.196875 0.254167
1 0.810938 0.616667 0.146875 0.183333
0 0.802344 0.838542 0.357812 0.322917
