1 0.89375 0.985417 0.1375 0.025
1 0.253125 0.0416667 0.134375 0.0833333
1 0.564062 0.972917 0.153125 0.0541667
1 0.01875 0.641667 0.0375 0.208333
1 0.51875 0.7875 0.165625 0.266667
1 0.657031 0.628125 0.189063 0.235417
1 0.973437 0.158333 0.053125 0.208333
1 0.629687 0.0875 0.159375 0.175
1 0.959375 0.864583 0.08125 0.245833
1 0.04375 0.264583 0.0875 0.245833
1 0.672656 0.772917 0.160938 0.2375
1 0.223438 0.941667 0.128125 0.116667
1 0.38125 0.934375 0.14375 0.13125
1 0.103906 0.0708333 0.173438 0.1375
1 0.654688 0.342708 0.15 0.260417
0 0.410156 0.227083 0.382812 0.4375
1 0.0632813 0.897917 0.126563 0.204167
1 0.952344 0.589583 0.0953125 0.2
1 0.359375 0.54375 0.18125 0.225
1 0.219531 0.741667 0.204688 0.216667
1 0.108594 0.517708 0.160938 0.235417
1 0.785156 0.0979167 0.160938 0.195833
1 0.885938 0.3375 0.159375 0.208333
