1 0.467187 0.589583 0.128125 0.229167
1 0.80625 0.195833 0.19375 0.2875
1 0.554688 0.146875 0.171875 0.210417
1 0.203125 0.747917 0.15625 0.183333
1 0.108594 0.958333 0.173438 0.0833333
1 0.58125 0.902083 0.1625 0.183333
1 0.315625 0.420833 0.134375 0.216667
1 0.304688 0.240625 0.159375 0.202083
1 0.310156 0.8375 0.151562 0.225
1 0.657812 0.188542 0.159375 0.252083
1 0.220313 0.425 0.146875 0.195833
1 0.90625 0.0489583 0.175 0.0979167
1 0.953125 0.301042 0.09375 0.227083
1 0.882031 0.672917 0.160938 0.216667
0 0.676562 0.592708 0.321875 0.414583
