1 0.978906 0.911458 0.0421875 0.177083
1 0.588281 0.95625 0.104687 0.0875
1 0.985156 0.2125 0.0296875 0.291667
1 0.215625 0.034375 0.18125 0.06875
1 0.06875 0.982292 0.1375 0.0354167
1 0.380469 0.829167 0.154687 0.229167
1 0.455469 0.953125 0.179688 0.09375
1 0.172656 0.20625 0.148438 0.233333
1 0.040625 0.294792 0.08125 0.222917
1 0.503906 0.172917 0.201562 0.2125
1 0.7375 0.239583 0.16875 0.2125
1 0.0609375 0.647917 0.121875 0.208333
1 0.661719 0.428125 0.154687 0.214583
1 0.371875 0.0447917 0.1625 0.0895833
1 0.839063 0.95625 0.165625 0.0875
1 0.113281 0.405208 0.135937 0.185417
1 0.546094 0.85 0.139062 0.191667
1 0.034375 0.860417 0.065625 0.179167
1 0.878125 0.0958333 0.184375 0.191667
1 0.169531 0.647917 0.142188 0.179167
1 0.722656 0.93125 0.179688 0.1375
1 0.417188 0.810417 0.1375 0.195833
1 0.914062 0.451042 0.165625 0.214583
1 0.858594 0.225 0.173438 0.225
1 0.232812 0.563542 0.146875 0.21875
1 0.071875 0.0760417 0.14375 0.152083
1 0.685156 0.0520833 0.164062 0.104167
1 0.66875 0.688542 0.16875 0.21875
0 0.420312 0.466667 0.29375 0.383333
