1 0.241587 0.895433 0.165865 0.209135
1 0.153846 0.41226 0.168269 0.194712
1 0.0396635 0.480769 0.0793269 0.197115
1 0.528846 0.8125 0.144231 0.201923
1 0.158654 0.653846 0.197115 0.240385
1 0.078125 0.94351 0.15625 0.108173
1 0.63101 0.920673 0.161058 0.158654
0 0.539663 0.498798 0.338942 0.473558
1 0.591346 0.161058 0.197115 0.211538
1 0.822115 0.338942 0.197115 0.225962
1 0.925481 0.746394 0.149038 0.204327
1 0.313702 0.325721 0.199519 0.21875
1 0.385817 0.721154 0.151442 0.197115
1 0.919471 0.520433 0.161058 0.209135
1 0.871394 0.903846 0.165865 0.192308
