1 0.111719 0.683333 0.148438 0.208333
1 0.147656 0.590625 0.110937 0.16875
1 0.259375 0.0427083 0.165625 0.0854167
1 0.071875 0.945833 0.14375 0.108333
1 0.444531 0.166667 0.207813 0.2375
1 0.621094 0.1 0.189063 0.2
1 0.596094 0.958333 0.157813 0.0833333
1 0.478906 0.359375 0.148438 0.185417
1 0.383594 0.955208 0.214062 0.0895833
1 0.366406 0.122917 0.142188 0.179167
1 0.920313 0.103125 0.159375 0.202083
1 0.272656 0.0947917 0.170312 0.18125
2 0.144531 0.935417 0.0578125 0.0875
1 0.3125 0.935417 0.171875 0.129167
1 0.046875 0.247917 0.09375 0.191667
1 0.0671875 0.919792 0.134375 0.160417
1 0.670313 0.084375 0.15625 0.16875
1 0.603906 0.913542 0.164062 0.164583
1 0.96875 0.551042 0.0625 0.25625
1 0.325781 0.388542 0.179688 0.235417
1 0.0640625 0.721875 0.128125 0.189583
1 0.759375 0.941667 0.2 0.116667
1 0.728906 0.084375 0.157813 0.164583
1 0.647656 0.342708 0.160938 0.25625
1 0.915625 0.2 0.16875 0.266667
1 0.08125 0.39375 0.153125 0.229167
1 0.273438 0.585417 0.165625 0.1875
1 0.440625 0.872917 0.16875 0.170833
1 0.133594 0.101042 0.164062 0.202083
0 0.495313 0.614583 0.190625 0.295833
1 0.747656 0.547917 0.170312 0.2375
