1 0.542188 0.677083 0.196875 0.245833
1 0.973437 0.672917 0.053125 0.145833
2 0.827344 0.876042 0.0640625 0.0895833
1 0.982813 0.0802083 0.034375 0.160417
1 0.767187 0.755208 0.165625 0.19375
1 0.560156 0.491667 0.157813 0.208333
1 0.497656 0.139583 0.160938 0.204167
1 0.339844 0.0760417 0.192188 0.152083
1 0.901563 0.075 0.171875 0.15
1 0.719531 0.730208 0.154687 0.227083
1 0.090625 0.0479167 0.18125 0.0958333
1 0.940625 0.48125 0.11875 0.375
1 0.0476562 0.852083 0.0953125 0.279167
1 0.582031 0.702083 0.142188 0.225
1 0.807813 0.24375 0.1625 0.220833
1 0.846875 0.644792 0.175 0.21875
1 0.090625 0.777083 0.159375 0.204167
1 0.95625 0.903125 0.0875 0.19375
1 0.420312 0.747917 0.165625 0.2
1 0.685938 0.359375 0.159375 0.177083
0 0.385156 0.298958 0.217187 0.264583
