1 0.0304688 0.616667 0.0609375 0.25
1 0.704687 0.402083 0.196875 0.245833
1 0.0664062 0.971875 0.107813 0.05625
1 0.190625 0.947917 0.175 0.104167
1 0.823438 0.0708333 0.1625 0.1375
1 0.0289063 0.0833333 0.0578125 0.1625
1 0.270312 0.065625 0.165625 0.127083
1 0.714063 0.292708 0.153125 0.177083
1 0.760156 0.107292 0.167187 0.20625
1 0.244531 0.15625 0.160938 0.204167
1 0.778125 0.527083 0.1625 0.216667
1 0.703906 0.745833 0.151562 0.225
1 0.932813 0.588542 0.134375 0.23125
1 0.907812 0.372917 0.16875 0.208333
0 0.175 0.50625 0.34375 0.504167
1 0.861719 0.8125 0.164062 0.225
0 0.44375 0.784375 0.33125 0.40625
1 0.466406 0.3125 0.176563 0.241667
