1 0.505469 0.934375 0.151562 0.13125
1 0.642187 0.351042 0.153125 0.189583
1 0.0171875 0.43125 0.034375 0.145833
1 0.288281 0.0572917 0.145313 0.10625
1 0.183594 0.615625 0.145313 0.18125
1 0.664844 0.889583 0.164062 0.220833
1 0.759375 0.01875 0.175 0.0375
1 0.664062 0.929167 0.15625 0.141667
1 0.946875 0.25625 0.10625 0.204167
1 0.135156 0.0229167 0.164062 0.0458333
1 0.286719 0.141667 0.185937 0.175
1 0.467187 0.163542 0.140625 0.20625
1 0.414062 0.919792 0.184375 0.160417
1 0.53125 0.20625 0.153125 0.2125
1 0.053125 0.29375 0.10625 0.229167
1 0.303906 0.814583 0.157813 0.1875
1 0.0648438 0.592708 0.129688 0.21875
1 0.7625 0.230208 0.1625 0.235417
1 0.0773437 0.09375 0.154687 0.1875
1 0.904688 0.423958 0.171875 0.214583
1 0.965625 0.894792 0.06875 0.202083
1 0.805469 0.88125 0.201562 0.2375
1 0.210156 0.95625 0.176563 0.0875
1 0.934375 0.075 0.13125 0.15
1 0.56875 0.05 0.14375 0.1
1 0.19375 0.288542 0.128125 0.20625
1 0.49375 0.707292 0.175 0.227083
1 0.64375 0.6375 0.190625 0.2125
1 0.0671875 0.891667 0.134375 0.204167
0 0.363281 0.4625 0.298438 0.433333
