1 0.542067 0.6875 0.151442 0.269231
1 0.134615 0.846154 0.173077 0.278846
1 0.33774 0.0264423 0.204327 0.0528846
1 0.93149 0.921875 0.137019 0.15625
1 0.789663 0.915865 0.161058 0.163462
1 0.606971 0.920673 0.204327 0.153846
1 0.125 0.566106 0.144231 0.180288
1 0.0228365 0.883413 0.0456731 0.233173
1 0.116587 0.0288462 0.194712 0.0576923
1 0.360577 0.46274 0.173077 0.286058
1 0.977163 0.483173 0.0456731 0.230769
1 0.326923 0.137019 0.177885 0.245192
1 0.0733173 0.350962 0.146635 0.216346
1 0.799279 0.0637019 0.180288 0.127404
1 0.694712 0.320913 0.163462 0.204327
1 0.34375 0.81851 0.216346 0.242788
1 0.21875 0.967548 0.168269 0.0649038
1 0.927885 0.670673 0.144231 0.254808
1 0.908654 0.106971 0.182692 0.209135
1 0.676683 0.53125 0.185096 0.235577
0 0.543269 0.230769 0.298077 0.375
