2 0.7125 0.728125 0.08125 0.102083
1 0.280469 0.739583 0.170312 0.195833
1 0.0507812 0.50625 0.101562 0.204167
1 0.1625 0.0416667 0.19375 0.0833333
1 0.155469 0.934375 0.179688 0.13125
1 0.622656 0.505208 0.142188 0.20625
1 0.796875 0.411458 0.19375 0.210417
1 0.0796875 0.321875 0.159375 0.239583
1 0.53125 0.853125 0.1875 0.264583
1 0.60625 0.298958 0.19375 0.189583
0 0.425 0.552083 0.31875 0.470833
1 0.332812 0.914583 0.165625 0.170833
1 0.834375 0.616667 0.19375 0.233333
1 0.603125 0.0958333 0.18125 0.191667
1 0.91875 0.166667 0.1625 0.266667
1 0.763281 0.909375 0.157813 0.18125
1 0.3875 0.257292 0.1625 0.185417
1 0.0867188 0.761458 0.173438 0.252083
1 0.764063 0.175 0.15 0.220833
