1 0.219531 0.198958 0.142188 0.247917
1 0.302344 0.0427083 0.167187 0.0854167
1 0.965625 0.165625 0.06875 0.202083
1 0.90625 0.948958 0.1625 0.102083
1 0.128906 0.90625 0.164062 0.179167
1 0.317969 0.188542 0.151562 0.19375
1 0.0335938 0.655208 0.0671875 0.189583
1 0.850781 0.0895833 0.164062 0.179167
1 0.95625 0.527083 0.0875 0.1875
1 0.945312 0.735417 0.109375 0.216667
1 0.428906 0.9375 0.148438 0.125
1 0.141406 0.739583 0.139062 0.1875
1 0.0945313 0.0875 0.135937 0.175
1 0.815625 0.830208 0.15625 0.19375
1 0.851562 0.641667 0.128125 0.191667
1 0.283594 0.69375 0.179688 0.258333
0 0.532812 0.308333 0.359375 0.425
1 0.789062 0.433333 0.146875 0.183333
