1 0.685096 0.896635 0.158654 0.177885
1 0.96274 0.215144 0.0745192 0.242788
1 0.078125 0.955529 0.15625 0.0889423
1 0.0288462 0.611779 0.0576923 0.305288
1 0.645433 0.706731 0.199519 0.245192
1 0.957933 0.68149 0.0841346 0.204327
1 0.627404 0.959135 0.139423 0.0817308
1 0.396635 0.866587 0.259615 0.266827
1 0.889423 0.841346 0.173077 0.211538
1 0.454327 0.0829327 0.1875 0.165865
1 0.454327 0.602163 0.197115 0.21875
1 0.197115 0.420673 0.211538 0.254808
0 0.399038 0.3125 0.245192 0.3125
1 0.75 0.507212 0.177885 0.216346
