1 0.617188 0.773958 0.203125 0.29375
1 0.941406 0.0354167 0.117188 0.0708333
1 0.645312 0.288542 0.178125 0.222917
1 0.0242187 0.154167 0.0484375 0.183333
1 0.555469 0.951042 0.154687 0.0979167
1 0.53125 0.0885417 0.175 0.177083
1 0.346094 0.702083 0.157813 0.229167
1 0.898438 0.191667 0.190625 0.241667
1 0.278906 0.80625 0.142188 0.220833
2 0.341406 0.05625 0.0953125 0.1125
1 0.195312 0.886458 0.18125 0.227083
1 0.126563 0.383333 0.165625 0.191667
1 0.470313 0.945833 0.159375 0.108333
1 0.860156 0.494792 0.164062 0.26875
1 0.860156 0.734375 0.164062 0.210417
1 0.122656 0.721875 0.185937 0.21875
1 0.921094 0.886458 0.157813 0.214583
0 0.467969 0.394792 0.320312 0.40625
