1 0.260938 0.0333333 0.221875 0.0666667
1 0.214062 0.941667 0.11875 0.116667
1 0.0210938 0.719792 0.0421875 0.21875
1 0.973437 0.617708 0.053125 0.197917
1 0.321875 0.560417 0.14375 0.2
1 0.621094 0.897917 0.154687 0.204167
1 0.432031 0.38125 0.217187 0.291667
1 0.607813 0.623958 0.15 0.222917
1 0.925 0.878125 0.15 0.24375
1 0.152344 0.534375 0.179688 0.197917
1 0.196094 0.767708 0.157813 0.214583
1 0.929688 0.394792 0.140625 0.235417
1 0.863281 0.222917 0.185937 0.254167
1 0.622656 0.258333 0.185937 0.316667
1 0.0695312 0.898958 0.139062 0.202083
0 0.39375 0.809375 0.35625 0.38125
