1 0.207031 0.0635417 0.179688 0.127083
1 0.953125 0.246875 0.09375 0.227083
1 0.0164062 0.134375 0.0328125 0.210417
1 0.31875 0.435417 0.1625 0.204167
1 0.974219 0.886458 0.0515625 0.227083
1 0.808594 0.935417 0.185937 0.129167
1 0.774219 0.811458 0.157813 0.16875
1 0.0648438 0.951042 0.129688 0.0979167
1 0.234375 0.941667 0.19375 0.116667
1 0.939062 0.69375 0.121875 0.179167
1 0.867188 0.520833 0.178125 0.175
1 0.615625 0.05625 0.16875 0.1125
1 0.7875 0.636458 0.16875 0.202083
1 0.355469 0.30625 0.185937 0.254167
1 0.31875 0.825 0.18125 0.179167
1 0.853125 0.121875 0.18125 0.24375
1 0.592969 0.196875 0.167187 0.19375
1 0.127344 0.451042 0.157813 0.189583
1 0.114063 0.246875 0.18125 0.214583
0 0.55625 0.492708 0.371875 0.435417
1 0.467969 0.811458 0.185937 0.210417
1 0.648438 0.845833 0.1625 0.220833
1 0.839063 0.345833 0.178125 0.175
1 0.134375 0.779167 0.16875 0.2125
1 0.2375 0.629167 0.165625 0.216667
