1 0.0588942 0.876202 0.117788 0.180288
1 0.0216346 0.935096 0.0432692 0.129808
1 0.115385 0.951923 0.158654 0.0961538
1 0.258413 0.685096 0.189904 0.221154
1 0.0877404 0.925481 0.170673 0.149038
1 0.211538 0.926683 0.153846 0.146635
1 0.0516827 0.832933 0.0985577 0.228365
1 0.110577 0.207933 0.163462 0.175481
1 0.271635 0.811298 0.192308 0.209135
1 0.28726 0.508413 0.170673 0.209135
1 0.173077 0.926683 0.216346 0.146635
1 0.768029 0.46875 0.189904 0.240385
1 0.0456731 0.777644 0.0913462 0.21875
1 0.441106 0.872596 0.165865 0.168269
1 0.639423 0.93149 0.201923 0.137019
1 0.460337 0.891827 0.199519 0.201923
2 0.657452 0.183894 0.0649038 0.0889423
1 0.122596 0.9375 0.1875 0.125
2 0.977163 0.883413 0.0456731 0.112981
1 0.871394 0.557692 0.213942 0.245192
1 0.235577 0.502404 0.182692 0.201923
1 0.0228365 0.236779 0.0456731 0.175481
1 0.966346 0.609375 0.0673077 0.223558
1 0.777644 0.879808 0.223558 0.225962
1 0.152644 0.0396635 0.233173 0.0793269
1 0.0733173 0.65625 0.146635 0.1875
1 0.106971 0.429087 0.175481 0.209135
1 0.94351 0.317308 0.112981 0.192308
1 0.813702 0.282452 0.165865 0.223558
1 0.664663 0.0757212 0.204327 0.151442
1 0.284856 0.247596 0.185096 0.182692
1 0.19351 0.191106 0.165865 0.189904
1 0.850962 0.0877404 0.173077 0.175481
1 0.467548 0.405048 0.213942 0.209135
0 0.477163 0.675481 0.213942 0.269231
1 0.449519 0.0853365 0.173077 0.170673
