1 0.307813 0.595833 0.159375 0.25
1 0.940625 0.939583 0.11875 0.120833
1 0.0265625 0.80625 0.053125 0.2125
1 0.396875 0.219792 0.159375 0.21875
1 0.2625 0.373958 0.20625 0.210417
1 0.814844 0.0458333 0.157813 0.0916667
1 0.95 0.154167 0.1 0.225
1 0.0476562 0.558333 0.0953125 0.258333
1 0.735156 0.466667 0.220313 0.25
1 0.645312 0.694792 0.203125 0.264583
1 0.789062 0.926042 0.146875 0.147917
0 0.223438 0.125 0.340625 0.25
1 0.160156 0.702083 0.148438 0.229167
1 0.532031 0.880208 0.182812 0.214583
1 0.703906 0.175 0.176563 0.204167
1 0.3625 0.777083 0.16875 0.245833
