1 0.942187 0.021875 0.115625 0.04375
1 0.727344 0.745833 0.135937 0.1875
1 0.45 0.445833 0.15625 0.2125
1 0.979688 0.483333 0.040625 0.195833
1 0.972656 0.807292 0.0546875 0.347917
1 0.817187 0.972917 0.1875 0.0541667
1 0.197656 0.46875 0.148438 0.204167
1 0.192969 0.0552083 0.148438 0.110417
1 0.563281 0.94375 0.204688 0.1125
1 0.0179687 0.238542 0.0359375 0.197917
1 0.963281 0.341667 0.0734375 0.204167
1 0.9625 0.142708 0.075 0.197917
1 0.03125 0.7875 0.0625 0.204167
1 0.267188 0.45625 0.14375 0.191667
1 0.708594 0.830208 0.148438 0.21875
1 0.102344 0.269792 0.135937 0.26875
1 0.0578125 0.0708333 0.115625 0.141667
1 0.695312 0.546875 0.16875 0.202083
1 0.0773437 0.69375 0.154687 0.216667
1 0.261719 0.669792 0.189063 0.210417
1 0.56875 0.0479167 0.2 0.0958333
1 0.507031 0.779167 0.145313 0.191667
1 0.539062 0.434375 0.153125 0.202083
1 0.0382813 0.46875 0.0765625 0.266667
1 0.876562 0.744792 0.159375 0.214583
1 0.299219 0.278125 0.157813 0.177083
1 0.515625 0.215625 0.15625 0.202083
1 0.386719 0.866667 0.157813 0.208333
1 0.589844 0.642708 0.179688 0.189583
0 0.170312 0.889583 0.340625 0.220833
1 0.85625 0.441667 0.184375 0.245833
1 0.75625 0.153125 0.1625 0.189583
1 0.364062 0.101042 0.196875 0.202083
