1 0.832812 0.11875 0.15 0.229167
1 0.0164062 0.738542 0.0328125 0.23125
1 0.980469 0.748958 0.0390625 0.264583
1 0.942969 0.971875 0.114063 0.0520833
2 0.921875 0.05 0.09375 0.1
1 0.698438 0.05 0.121875 0.1
1 0.455469 0.284375 0.164062 0.21875
1 0.56875 0.969792 0.15 0.0604167
1 0.876562 0.847917 0.153125 0.220833
1 0.198437 0.85625 0.159375 0.1875
1 0.0960938 0.672917 0.173438 0.204167
1 0.0460938 0.396875 0.0921875 0.227083
1 0.59375 0.0458333 0.125 0.0916667
1 0.70625 0.938542 0.14375 0.122917
1 0.938281 0.330208 0.123438 0.164583
1 0.56875 0.330208 0.15 0.172917
1 0.0882813 0.872917 0.151562 0.1875
1 0.40625 0.111458 0.153125 0.222917
1 0.269531 0.0791667 0.170312 0.158333
1 0.632031 0.436458 0.185937 0.210417
1 0.409375 0.81875 0.175 0.2125
1 0.528125 0.704167 0.121875 0.229167
1 0.0671875 0.1375 0.134375 0.225
1 0.808594 0.511458 0.201562 0.222917
0 0.283594 0.559375 0.332812 0.40625
