1 0.128606 0.608173 0.189904 0.201923
1 0.234375 0.873798 0.180288 0.204327
1 0.426683 0.439904 0.189904 0.221154
1 0.393029 0.455529 0.161058 0.204327
1 0.0733173 0.652644 0.146635 0.228365
1 0.865385 0.691106 0.168269 0.194712
1 0.128606 0.0504808 0.161058 0.100962
1 0.418269 0.950721 0.163462 0.0985577
1 0.960337 0.0288462 0.0793269 0.0576923
1 0.46274 0.432692 0.21875 0.245192
2 0.447115 0.143029 0.0480769 0.0600962
1 0.534856 0.933894 0.204327 0.132212
1 0.0685096 0.30649 0.137019 0.213942
1 0.871394 0.957933 0.199519 0.0841346
1 0.09375 0.623798 0.1875 0.228365
2 0.0228365 0.542067 0.0456731 0.0793269
1 0.253606 0.902644 0.165865 0.185096
1 0.200721 0.215144 0.204327 0.252404
1 0.0384615 0.0552885 0.0769231 0.110577
1 0.776442 0.466346 0.206731 0.216346
1 0.754808 0.949519 0.163462 0.100962
1 0.271635 0.917067 0.129808 0.141827
1 0.211538 0.0432692 0.149038 0.0865385
1 0.609375 0.0913462 0.170673 0.182692
1 0.889423 0.117788 0.163462 0.197115
1 0.75 0.236779 0.182692 0.213942
1 0.835337 0.735577 0.161058 0.211538
1 0.961538 0.221154 0.0769231 0.206731
1 0.544471 0.210337 0.170673 0.213942
1 0.137019 0.413462 0.173077 0.235577
1 0.944712 0.498798 0.110577 0.21875
0 0.536058 0.707933 0.240385 0.362981
1 0.299279 0.510817 0.151442 0.170673
1 0.0889423 0.878606 0.168269 0.213942
