1 0.917188 0.965625 0.159375 0.06875
1 0.0578125 0.241667 0.115625 0.279167
1 0.6 0.6125 0.146875 0.195833
1 0.065625 0.0854167 0.13125 0.170833
1 0.398438 0.952083 0.221875 0.0958333
1 0.93125 0.830208 0.134375 0.202083
1 0.197656 0.152083 0.167187 0.220833
1 0.763281 0.676042 0.201562 0.197917
1 0.111719 0.70625 0.154687 0.2125
1 0.084375 0.907292 0.15625 0.185417
1 0.1625 0.439583 0.178125 0.266667
1 0.308594 0.785417 0.235938 0.270833
1 0.910156 0.517708 0.179688 0.264583
1 0.714844 0.08125 0.173438 0.1625
1 0.559375 0.827083 0.184375 0.229167
1 0.848437 0.1875 0.190625 0.258333
0 0.485156 0.191667 0.364062 0.375
