1 0.870192 0.639423 0.182692 0.201923
1 0.953125 0.739183 0.0889423 0.213942
1 0.550481 0.128606 0.163462 0.199519
1 0.439904 0.861779 0.197115 0.204327
1 0.729567 0.649038 0.161058 0.206731
1 0.894231 0.983173 0.177885 0.0336538
1 0.552885 0.0396635 0.173077 0.0793269
1 0.582933 0.941106 0.180288 0.117788
1 0.924279 0.646635 0.151442 0.1875
1 0.302885 0.829327 0.177885 0.225962
1 0.313702 0.419471 0.180288 0.185096
1 0.125 0.0805288 0.182692 0.161058
1 0.879808 0.376202 0.197115 0.247596
1 0.0432692 0.582933 0.0865385 0.213942
1 0.272837 0.569712 0.170673 0.25
1 0.674279 0.513221 0.175481 0.252404
1 0.188702 0.956731 0.146635 0.0865385
1 0.688702 0.921875 0.189904 0.15625
1 0.923077 0.865385 0.153846 0.201923
1 0.760817 0.135817 0.180288 0.21875
1 0.915865 0.0793269 0.168269 0.158654
0 0.471154 0.598558 0.264423 0.254808
