2 0.0132212 0.530048 0.0264423 0.112981
1 0.207933 0.984375 0.165865 0.03125
1 0.388221 0.810096 0.180288 0.1875
2 0.163462 0.385817 0.0576923 0.0745192
1 0.56851 0.917067 0.175481 0.165865
1 0.936298 0.319712 0.117788 0.225962
1 0.959135 0.0336538 0.0817308 0.0673077
1 0.763221 0.0552885 0.180288 0.110577
1 0.953125 0.734375 0.09375 0.233173
2 0.0108173 0.53125 0.0216346 0.0721154
1 0.138221 0.0769231 0.151442 0.153846
1 0.0480769 0.385817 0.0961538 0.194712
1 0.740385 0.4375 0.149038 0.240385
1 0.0348558 0.210337 0.0697115 0.204327
1 0.669471 0.894231 0.170673 0.206731
1 0.292067 0.938702 0.175481 0.122596
1 0.52524 0.838942 0.170673 0.192308
1 0.44351 0.0396635 0.170673 0.0793269
1 0.0685096 0.673077 0.137019 0.216346
1 0.772837 0.199519 0.146635 0.158654
1 0.383413 0.371394 0.170673 0.185096
1 0.954327 0.903846 0.0913462 0.1875
1 0.0685096 0.917067 0.137019 0.161058
1 0.965144 0.71274 0.0697115 0.21875
1 0.739183 0.741587 0.151442 0.204327
1 0.566106 0.292067 0.180288 0.185096
1 0.223558 0.862981 0.168269 0.225962
1 0.961538 0.313702 0.0769231 0.233173
1 0.914663 0.11899 0.170673 0.233173
1 0.0661058 0.168269 0.132212 0.225962
1 0.109375 0.514423 0.204327 0.25
1 0.262019 0.634615 0.177885 0.211538
1 0.860577 0.882212 0.1875 0.230769
1 0.415865 0.188702 0.173077 0.213942
1 0.899038 0.536058 0.158654 0.1875
1 0.61899 0.0793269 0.228365 0.158654
1 0.251202 0.227163 0.185096 0.180288
0 0.543269 0.540865 0.225962 0.269231
