1 0.125 0.390625 0.146875 0.185417
1 0.166406 0.754167 0.126563 0.233333
1 0.185156 0.0270833 0.198437 0.0541667
1 0.103125 0.898958 0.171875 0.197917
1 0.405469 0.0604167 0.164062 0.116667
1 0.957031 0.888542 0.0828125 0.20625
1 0.36875 0.138542 0.1875 0.19375
1 0.0164062 0.233333 0.0328125 0.183333
1 0.752344 0.89375 0.160938 0.2125
1 0.157031 0.18125 0.179688 0.208333
1 0.780469 0.333333 0.176563 0.1875
1 0.396875 0.955208 0.178125 0.0895833
1 0.592188 0.959375 0.159375 0.08125
1 0.7125 0.646875 0.175 0.252083
1 0.0335938 0.533333 0.0671875 0.233333
1 0.622656 0.0729167 0.151562 0.145833
1 0.825 0.439583 0.15625 0.225
1 0.935938 0.289583 0.128125 0.208333
1 0.297656 0.841667 0.154687 0.216667
1 0.835938 0.126042 0.171875 0.21875
0 0.360938 0.529167 0.328125 0.45
1 0.535937 0.239583 0.1625 0.229167
