1 0.321875 0.053125 0.171875 0.10625
1 0.0625 0.579167 0.115625 0.308333
1 0.773438 0.879167 0.146875 0.216667
1 0.786719 0.211458 0.164062 0.20625
1 0.985156 0.383333 0.0296875 0.225
1 0.597656 0.972917 0.145313 0.0541667
1 0.257031 0.389583 0.139062 0.179167
1 0.726562 0.333333 0.153125 0.2
1 0.944531 0.894792 0.110937 0.197917
1 0.0195312 0.182292 0.0390625 0.19375
1 0.380469 0.533333 0.179688 0.195833
1 0.0515625 0.0458333 0.103125 0.0916667
1 0.888281 0.260417 0.173438 0.1875
1 0.821875 0.0635417 0.1625 0.122917
1 0.716406 0.957292 0.160938 0.0854167
1 0.0273438 0.640625 0.0546875 0.227083
1 0.80625 0.426042 0.10625 0.135417
1 0.0328125 0.914583 0.065625 0.170833
1 0.966406 0.698958 0.0671875 0.19375
1 0.878906 0.940625 0.142188 0.11875
1 0.653906 0.0447917 0.151562 0.0895833
1 0.942187 0.065625 0.115625 0.13125
1 0.301562 0.122917 0.146875 0.195833
1 0.592188 0.198958 0.184375 0.21875
1 0.915625 0.514583 0.159375 0.2125
1 0.208594 0.472917 0.157813 0.220833
1 0.384375 0.7625 0.20625 0.225
1 0.0617188 0.413542 0.123438 0.235417
1 0.167187 0.809375 0.16875 0.25625
1 0.41875 0.288542 0.175 0.247917
1 0.385938 0.93125 0.16875 0.1375
0 0.622656 0.644792 0.367188 0.527083
1 0.142188 0.203125 0.18125 0.21875
