1 0.135937 0.948958 0.128125 0.102083
1 0.0492188 0.0302083 0.0984375 0.0604167
1 0.6125 0.655208 0.1625 0.239583
1 0.0328125 0.9 0.0625 0.2
1 0.794531 0.960417 0.167187 0.0791667
1 0.192188 0.323958 0.159375 0.202083
1 0.228125 0.445833 0.134375 0.245833
1 0.23125 0.223958 0.1625 0.210417
1 0.734375 0.0427083 0.16875 0.0854167
1 0.567187 0.05 0.153125 0.1
1 0.64375 0.90625 0.18125 0.1875
1 0.821875 0.138542 0.190625 0.235417
0 0.3 0.804167 0.3625 0.391667
1 0.596875 0.404167 0.16875 0.225
1 0.332812 0.0739583 0.171875 0.147917
1 0.442969 0.547917 0.157813 0.179167
1 0.0890625 0.70625 0.1375 0.25
1 0.797656 0.610417 0.179688 0.2125
1 0.461719 0.251042 0.176563 0.185417
1 0.728125 0.378125 0.15625 0.214583
1 0.349219 0.385417 0.160938 0.191667
