1 0.188281 0.0270833 0.176563 0.0541667
1 0.0171875 0.860417 0.034375 0.2375
1 0.0171875 0.145833 0.034375 0.245833
1 0.502344 0.68125 0.167187 0.245833
1 0.084375 0.965625 0.1625 0.06875
1 0.965625 0.411458 0.06875 0.202083
1 0.33125 0.634375 0.19375 0.277083
1 0.954687 0.135417 0.090625 0.216667
1 0.877344 0.307292 0.157813 0.222917
1 0.707031 0.382292 0.176563 0.214583
1 0.422656 0.965625 0.176563 0.06875
1 0.390625 0.413542 0.153125 0.18125
1 0.798437 0.341667 0.146875 0.183333
1 0.634375 0.70625 0.1625 0.1875
1 0.909375 0.55 0.165625 0.183333
1 0.13125 0.838542 0.18125 0.214583
1 0.264062 0.772917 0.15 0.220833
1 0.1 0.167708 0.159375 0.210417
1 0.463281 0.821875 0.154687 0.210417
1 0.724219 0.0833333 0.214062 0.166667
1 0.135937 0.448958 0.171875 0.19375
1 0.365625 0.108333 0.1875 0.216667
1 0.617969 0.225 0.185937 0.220833
0 0.865625 0.798958 0.26875 0.402083
