1 0.127404 0.950721 0.1875 0.0985577
1 0.25 0.721154 0.206731 0.274038
1 0.552885 0.296875 0.168269 0.185096
1 0.469952 0.122596 0.146635 0.211538
1 0.114183 0.594952 0.127404 0.21875
1 0.901442 0.811298 0.1875 0.213942
1 0.546875 0.340144 0.170673 0.271635
1 0.911058 0.663462 0.163462 0.177885
1 0.276442 0.0528846 0.168269 0.105769
1 0.0588942 0.367788 0.117788 0.182692
1 0.302885 0.947115 0.1875 0.105769
1 0.533654 0.90024 0.134615 0.199519
1 0.953125 0.465144 0.09375 0.242788
1 0.376202 0.460337 0.175481 0.209135
1 0.0516827 0.820913 0.103365 0.242788
1 0.563702 0.677885 0.185096 0.240385
1 0.390625 0.15024 0.151442 0.204327
1 0.183894 0.260817 0.185096 0.28125
1 0.0372596 0.111779 0.0745192 0.223558
1 0.641827 0.102163 0.177885 0.204327
1 0.933894 0.0889423 0.132212 0.177885
0 0.777644 0.294471 0.223558 0.276442
