1 0.241406 0.878125 0.160938 0.24375
1 0.61875 0.848958 0.171875 0.197917
1 0.0820312 0.763542 0.154687 0.20625
1 0.557031 0.078125 0.154687 0.152083
1 0.659375 0.95 0.175 0.1
1 0.954687 0.114583 0.090625 0.229167
1 0.482031 0.320833 0.170312 0.170833
1 0.300781 0.464583 0.154687 0.204167
1 0.876562 0.251042 0.153125 0.19375
1 0.698438 0.234375 0.159375 0.277083
1 0.394531 0.846875 0.160938 0.24375
1 0.286719 0.6625 0.157813 0.208333
1 0.782031 0.827083 0.157813 0.2
0 0.496875 0.602083 0.35 0.45
1 0.895312 0.507292 0.171875 0.222917
1 0.0617188 0.0885417 0.123438 0.177083
1 0.810938 0.09375 0.159375 0.1875
