1 0.414844 0.246875 0.132812 0.18125
1 0.9875 0.746875 0.025 0.210417
1 0.0140625 0.95625 0.028125 0.0875
1 0.935938 0.9 0.128125 0.158333
2 0.165625 0.0677083 0.065625 0.0895833
1 0.103906 0.582292 0.164062 0.210417
2 0.680469 0.861458 0.0640625 0.0729167
1 0.01875 0.670833 0.0375 0.2
2 0.310937 0.398958 0.059375 0.102083
1 0.10625 0.9625 0.146875 0.075
1 0.463281 0.975 0.139062 0.05
1 0.907812 0.960417 0.165625 0.0791667
1 0.404687 0.0572917 0.159375 0.110417
1 0.0609375 0.208333 0.121875 0.2375
1 0.0726563 0.084375 0.145313 0.16875
1 0.330469 0.255208 0.139062 0.197917
1 0.424219 0.361458 0.160938 0.189583
1 0.778125 0.078125 0.18125 0.15625
1 0.510156 0.05 0.160938 0.1
1 0.9625 0.603125 0.075 0.20625
1 0.614844 0.36875 0.142188 0.216667
1 0.0328125 0.452083 0.065625 0.2125
1 0.6875 0.65625 0.2 0.216667
1 0.492969 0.623958 0.185937 0.214583
1 0.91875 0.105208 0.1625 0.20625
1 0.767969 0.292708 0.189063 0.239583
1 0.875 0.73125 0.1625 0.241667
1 0.884375 0.463542 0.15 0.197917
1 0.184375 0.33125 0.15 0.216667
0 0.273438 0.801042 0.353125 0.397917
