1 0.523438 0.501042 0.196875 0.285417
1 0.0570313 0.964583 0.114063 0.0708333
1 0.473437 0.504167 0.265625 0.325
1 0.0453125 0.971875 0.090625 0.05625
1 0.513281 0.976042 0.267188 0.04375
1 0.0492188 0.951042 0.0953125 0.0979167
1 0.578125 0.361458 0.14375 0.202083
1 0.0226563 0.151042 0.0453125 0.28125
1 0.604688 0.833333 0.215625 0.291667
1 0.84375 0.147917 0.146875 0.220833
1 0.065625 0.941667 0.128125 0.116667
1 0.872656 0.917708 0.207813 0.164583
1 0.39375 0.726042 0.16875 0.227083
1 0.232812 0.377083 0.15 0.245833
1 0.31875 0.9625 0.190625 0.075
1 0.960938 0.851042 0.078125 0.23125
1 0.340625 0.855208 0.14375 0.210417
1 0.959375 0.344792 0.08125 0.24375
1 0.663281 0.219792 0.148438 0.20625
1 0.0359375 0.182292 0.071875 0.277083
1 0.129688 0.0708333 0.1625 0.141667
1 0.152344 0.9375 0.164062 0.125
1 0.809375 0.0666667 0.2 0.133333
1 0.400781 0.514583 0.151562 0.2
1 0.170312 0.265625 0.178125 0.214583
1 0.567969 0.0416667 0.179688 0.0833333
1 0.1 0.496875 0.1625 0.235417
1 0.926562 0.59375 0.146875 0.208333
1 0.378906 0.29375 0.160938 0.2125
1 0.258594 0.084375 0.154687 0.16875
0 0.66875 0.745833 0.2 0.266667
1 0.767187 0.382292 0.178125 0.235417
