1 0.100781 0.613542 0.164062 0.23125
1 0.272656 0.938542 0.167187 0.122917
1 0.273438 0.0395833 0.16875 0.0791667
1 0.6375 0.819792 0.159375 0.20625
1 0.788281 0.028125 0.176563 0.05625
1 0.171875 0.514583 0.18125 0.204167
1 0.420312 0.936458 0.146875 0.127083
1 0.98125 0.60625 0.0375 0.1875
1 0.264062 0.338542 0.159375 0.210417
1 0.025 0.590625 0.05 0.202083
1 0.0648438 0.110417 0.129688 0.2
1 0.103906 0.932292 0.157813 0.135417
1 0.442187 0.0645833 0.178125 0.125
1 0.245312 0.717708 0.159375 0.28125
1 0.717969 0.440625 0.185937 0.21875
1 0.791406 0.253125 0.142188 0.247917
1 0.108594 0.761458 0.145313 0.19375
1 0.591406 0.297917 0.176563 0.245833
0 0.435156 0.698958 0.267188 0.35625
