1 0.911719 0.25625 0.170312 0.2625
1 0.0171875 0.2125 0.034375 0.2
1 0.640625 0.91875 0.15625 0.154167
1 0.397656 0.0416667 0.167187 0.0833333
1 0.0351562 0.909375 0.0703125 0.18125
1 0.100781 0.0479167 0.160938 0.0958333
1 0.782812 0.960417 0.190625 0.0791667
1 0.95625 0.510417 0.0875 0.220833
1 0.5125 0.941667 0.15625 0.116667
1 0.300781 0.320833 0.151562 0.229167
1 0.610156 0.760417 0.148438 0.2
1 0.402344 0.639583 0.167187 0.158333
1 0.673437 0.766667 0.13125 0.2
1 0.9625 0.792708 0.075 0.24375
1 0.244531 0.519792 0.198437 0.235417
1 0.782812 0.0729167 0.146875 0.145833
1 0.488281 0.305208 0.198437 0.26875
1 0.202344 0.305208 0.142188 0.197917
0 0.178906 0.8375 0.217187 0.325
1 0.10625 0.589583 0.13125 0.170833
