1 0.773438 0.870833 0.165625 0.2125
1 0.0953125 0.178125 0.14375 0.135417
1 0.9625 0.420833 0.075 0.241667
1 0.789062 0.979167 0.203125 0.0416667
1 0.297656 0.9625 0.204688 0.075
1 0.578906 0.946875 0.154687 0.10625
1 0.314844 0.970833 0.151562 0.0583333
1 0.0875 0.977083 0.175 0.0458333
2 0.803906 0.645833 0.0609375 0.0958333
1 0.984375 0.6625 0.03125 0.2
1 0.0289063 0.102083 0.0578125 0.179167
1 0.711719 0.892708 0.192188 0.210417
1 0.390625 0.225 0.16875 0.195833
1 0.795313 0.846875 0.153125 0.222917
1 0.507812 0.197917 0.153125 0.2375
1 0.442969 0.126042 0.154687 0.222917
1 0.479688 0.927083 0.184375 0.145833
1 0.208594 0.323958 0.160938 0.210417
1 0.136719 0.365625 0.164062 0.214583
1 0.145313 0.894792 0.175 0.197917
1 0.270312 0.109375 0.2125 0.214583
1 0.934375 0.436458 0.13125 0.25625
1 0.335938 0.4875 0.165625 0.25
1 0.1 0.078125 0.140625 0.15625
0 0.496875 0.690625 0.225 0.260417
0 0.741406 0.357292 0.223438 0.272917
