1 0.075 0.146875 0.146875 0.235417
1 0.976562 0.283333 0.046875 0.208333
1 0.04375 0.533333 0.0875 0.166667
1 0.492188 0.775 0.159375 0.2
1 0.629687 0.583333 0.165625 0.179167
1 0.102344 0.421875 0.148438 0.177083
1 0.601562 0.9125 0.165625 0.175
1 0.642187 0.722917 0.153125 0.2125
1 0.286719 0.940625 0.176563 0.11875
1 0.671875 0.0770833 0.184375 0.154167
1 0.467969 0.0864583 0.170312 0.172917
1 0.114063 0.914583 0.14375 0.170833
1 0.229687 0.688542 0.159375 0.197917
0 0.573438 0.34375 0.33125 0.345833
1 0.310937 0.109375 0.16875 0.21875
