1 0.582812 0.952083 0.184375 0.0958333
2 0.341406 0.928125 0.0890625 0.0979167
1 0.621094 0.959375 0.192188 0.08125
1 0.14375 0.7875 0.175 0.208333
1 0.313281 0.0239583 0.201562 0.0479167
1 0.217969 0.046875 0.160938 0.09375
1 0.677344 0.946875 0.154687 0.0979167
1 0.250781 0.714583 0.157813 0.220833
2 0.853125 0.98125 0.0625 0.0375
2 0.0765625 0.4375 0.071875 0.0916667
1 0.6875 0.515625 0.18125 0.264583
1 0.861719 0.245833 0.145313 0.216667
2 0.889844 0.908333 0.0671875 0.1
2 0.852344 0.977083 0.0796875 0.0458333
1 0.640625 0.792708 0.15625 0.23125
1 0.0445312 0.914583 0.0890625 0.154167
1 0.767969 0.734375 0.148438 0.227083
1 0.09375 0.0375 0.165625 0.075
1 0.80625 0.323958 0.14375 0.21875
1 0.954687 0.963542 0.090625 0.0729167
1 0.854688 0.0458333 0.171875 0.0916667
1 0.814844 0.4625 0.157813 0.179167
1 0.34375 0.398958 0.159375 0.21875
1 0.2625 0.539583 0.146875 0.208333
1 0.978125 0.641667 0.04375 0.245833
1 0.2875 0.979167 0.16875 0.0416667
1 0.0835937 0.965625 0.151562 0.06875
1 0.2875 0.170833 0.203125 0.220833
1 0.953125 0.325 0.09375 0.233333
1 0.378125 0.783333 0.190625 0.225
1 0.432031 0.928125 0.170312 0.14375
1 0.511719 0.046875 0.170312 0.09375
1 0.0421875 0.626042 0.084375 0.235417
1 0.421094 0.49375 0.164062 0.204167
1 0.110937 0.26875 0.2 0.245833
1 0.938281 0.0802083 0.123438 0.160417
1 0.925 0.804167 0.14375 0.166667
0 0.571875 0.251042 0.325 0.40625
