1 0.575 0.458333 0.165625 0.166667
2 0.0210938 0.615625 0.0421875 0.0979167
1 0.792969 0.598958 0.154687 0.197917
1 0.691406 0.19375 0.154687 0.195833
1 0.677344 0.397917 0.154687 0.233333
1 0.417188 0.733333 0.1625 0.216667
1 0.928125 0.80625 0.14375 0.25
1 0.0835937 0.157292 0.157813 0.21875
1 0.530469 0.215625 0.170312 0.21875
1 0.535156 0.0614583 0.145313 0.122917
1 0.272656 0.355208 0.182812 0.20625
1 0.377344 0.0822917 0.145313 0.164583
1 0.157031 0.717708 0.135937 0.285417
1 0.0734375 0.464583 0.146875 0.2
1 0.234375 0.0958333 0.15 0.1875
1 0.814844 0.0708333 0.151562 0.141667
1 0.417969 0.901042 0.154687 0.19375
0 0.685938 0.827083 0.378125 0.345833
