1 0.972356 0.0348558 0.0552885 0.0697115
1 0.490385 0.711538 0.177885 0.173077
1 0.41226 0.191106 0.204327 0.21875
1 0.52524 0.91226 0.180288 0.175481
1 0.299279 0.371394 0.180288 0.257212
1 0.454327 0.0709135 0.168269 0.141827
1 0.233173 0.950721 0.182692 0.0985577
1 0.736779 0.639423 0.170673 0.25
1 0.842548 0.0168269 0.161058 0.0336538
1 0.0913462 0.0216346 0.144231 0.0432692
1 0.967548 0.0444712 0.0649038 0.0889423
1 0.542067 0.0276442 0.189904 0.0552885
1 0.0757212 0.969952 0.141827 0.0600962
1 0.0348558 0.846154 0.0697115 0.221154
1 0.945913 0.419471 0.108173 0.194712
1 0.84976 0.842548 0.189904 0.247596
1 0.917067 0.557692 0.165865 0.173077
1 0.927885 0.789663 0.144231 0.199519
1 0.96274 0.191106 0.0745192 0.189904
1 0.419471 0.932692 0.151442 0.129808
1 0.167067 0.127404 0.189904 0.230769
1 0.317308 0.555288 0.173077 0.230769
1 0.788462 0.959135 0.197115 0.0817308
1 0.317308 0.0805288 0.173077 0.15625
1 0.652644 0.811298 0.161058 0.194712
1 0.0673077 0.47476 0.134615 0.223558
0 0.550481 0.461538 0.379808 0.466346
