1 0.0734375 0.98125 0.146875 0.0375
1 0.160938 0.58125 0.140625 0.220833
1 0.04375 0.71875 0.0875 0.195833
1 0.046875 0.154167 0.090625 0.170833
1 0.865625 0.941667 0.190625 0.116667
1 0.564844 0.0708333 0.170312 0.141667
1 0.384375 0.075 0.15625 0.15
1 0.760938 0.709375 0.1625 0.202083
1 0.952344 0.472917 0.0921875 0.225
1 0.08125 0.376042 0.159375 0.23125
1 0.60625 0.729167 0.153125 0.208333
1 0.834375 0.0375 0.2 0.075
1 0.38125 0.222917 0.19375 0.2
1 0.515625 0.204167 0.1625 0.216667
1 0.499219 0.810417 0.132812 0.179167
1 0.532031 0.955208 0.185937 0.0854167
1 0.714844 0.819792 0.179688 0.185417
1 0.373437 0.833333 0.153125 0.179167
1 0.0710938 0.857292 0.142188 0.210417
1 0.727344 0.497917 0.214062 0.2
1 0.210938 0.245833 0.16875 0.170833
1 0.925 0.259375 0.15 0.21875
0 0.366406 0.522917 0.367188 0.479167
1 0.745313 0.236458 0.178125 0.252083
