1 0.641406 0.515625 0.160938 0.164583
1 0.7875 0.572917 0.14375 0.170833
1 0.985937 0.509375 0.028125 0.222917
1 0.363281 0.613542 0.235938 0.18125
1 0.451562 0.839583 0.16875 0.220833
1 0.91875 0.653125 0.14375 0.189583
1 0.320312 0.614583 0.153125 0.179167
1 0.832031 0.952083 0.142188 0.0958333
1 0.190625 0.453125 0.1375 0.222917
1 0.895312 0.190625 0.190625 0.26875
1 0.40625 0.621875 0.16875 0.16875
1 0.025 0.122917 0.05 0.195833
1 0.959375 0.9375 0.08125 0.125
1 0.283594 0.021875 0.179688 0.04375
1 0.942187 0.691667 0.115625 0.225
1 0.0296875 0.778125 0.059375 0.252083
1 0.895312 0.927083 0.165625 0.145833
1 0.0914062 0.554167 0.110937 0.183333
1 0.0265625 0.220833 0.053125 0.1875
1 0.408594 0.905208 0.135937 0.18125
1 0.028125 0.447917 0.05625 0.229167
1 0.903906 0.241667 0.182812 0.25
1 0.459375 0.798958 0.159375 0.197917
1 0.957812 0.0822917 0.084375 0.164583
1 0.733594 0.908333 0.151562 0.183333
1 0.58125 0.96875 0.15 0.0625
1 0.950781 0.725 0.0984375 0.225
1 0.769531 0.804167 0.145313 0.216667
1 0.611719 0.6 0.132812 0.191667
1 0.759375 0.0354167 0.16875 0.0708333
1 0.0992187 0.0739583 0.142188 0.147917
1 0.58125 0.372917 0.14375 0.2125
1 0.776563 0.265625 0.146875 0.172917
1 0.295312 0.807292 0.178125 0.23125
0 0.36875 0.404167 0.25 0.325
