1 0.0195312 0.272917 0.0390625 0.275
1 0.785156 0.0416667 0.192188 0.0833333
1 0.678125 0.530208 0.16875 0.20625
1 0.05625 0.875 0.1125 0.225
1 0.207031 0.440625 0.145313 0.23125
1 0.282813 0.914583 0.196875 0.170833
1 0.655469 0.89375 0.167187 0.204167
1 0.66875 0.0822917 0.178125 0.164583
1 0.973437 0.779167 0.053125 0.220833
1 0.497656 0.966667 0.189063 0.0666667
1 0.0164062 0.5 0.0328125 0.233333
1 0.951563 0.219792 0.096875 0.235417
1 0.350781 0.903125 0.179688 0.19375
1 0.503125 0.736458 0.13125 0.18125
1 0.578125 0.78125 0.15625 0.2125
1 0.0804688 0.140625 0.160938 0.28125
1 0.839063 0.0916667 0.171875 0.183333
1 0.526563 0.430208 0.146875 0.189583
1 0.786719 0.728125 0.164062 0.21875
1 0.278125 0.448958 0.165625 0.214583
1 0.178906 0.772917 0.151562 0.204167
1 0.592188 0.254167 0.1625 0.216667
1 0.830469 0.938542 0.189063 0.122917
1 0.803125 0.352083 0.190625 0.216667
1 0.0648438 0.672917 0.129688 0.170833
0 0.299219 0.182292 0.320312 0.360417
