1 0.302344 0.95625 0.164062 0.0875
1 0.189844 0.240625 0.157813 0.16875
1 0.980469 0.560417 0.0390625 0.2625
1 0.178906 0.0239583 0.145313 0.0479167
1 0.0875 0.375 0.128125 0.208333
1 0.0859375 0.433333 0.146875 0.183333
2 0.594531 0.0145833 0.0546875 0.0291667
2 0.9625 0.351042 0.06875 0.09375
1 0.332031 0.897917 0.201562 0.204167
1 0.973437 0.585417 0.053125 0.270833
1 0.446094 0.903125 0.154687 0.19375
1 0.685938 0.827083 0.146875 0.2125
1 0.624219 0.95625 0.192188 0.0875
1 0.780469 0.0635417 0.164062 0.127083
1 0.890625 0.619792 0.1375 0.210417
1 0.0289063 0.741667 0.0578125 0.245833
1 0.803125 0.6125 0.16875 0.216667
1 0.130469 0.475 0.139062 0.191667
1 0.471875 0.455208 0.1625 0.23125
1 0.305469 0.425 0.185937 0.241667
1 0.0523437 0.134375 0.104687 0.252083
1 0.110156 0.920833 0.201562 0.158333
1 0.475 0.639583 0.15625 0.183333
1 0.921875 0.0822917 0.15625 0.164583
1 0.782812 0.869792 0.16875 0.260417
1 0.614062 0.573958 0.1625 0.222917
0 0.389844 0.121875 0.248437 0.235417
