1 0.10625 0.976042 0.1625 0.0479167
1 0.984375 0.928125 0.03125 0.14375
1 0.349219 0.214583 0.201562 0.220833
1 0.434375 0.0416667 0.16875 0.0833333
1 0.948438 0.34375 0.103125 0.195833
1 0.672656 0.709375 0.164062 0.227083
1 0.932813 0.028125 0.134375 0.05625
1 0.854688 0.430208 0.115625 0.127083
1 0.540625 0.286458 0.184375 0.25625
1 0.0898438 0.872917 0.164062 0.208333
1 0.763281 0.26875 0.185937 0.2375
1 0.925781 0.251042 0.145313 0.23125
1 0.764063 0.645833 0.165625 0.216667
1 0.644531 0.45625 0.179688 0.225
1 0.414062 0.748958 0.16875 0.185417
1 0.182031 0.104167 0.167187 0.208333
1 0.6125 0.0666667 0.1625 0.133333
1 0.927344 0.847917 0.139062 0.170833
1 0.91875 0.660417 0.1625 0.225
0 0.264062 0.497917 0.4625 0.495833
1 0.775 0.0677083 0.1375 0.135417
1 0.623438 0.822917 0.14375 0.2
