1 0.489062 0.5625 0.178125 0.166667
1 0.155469 0.310417 0.107813 0.175
1 0.942187 0.451042 0.115625 0.272917
1 0.0625 0.56875 0.125 0.229167
1 0.935938 0.752083 0.128125 0.1875
1 0.932813 0.88125 0.134375 0.2375
1 0.760938 0.578125 0.153125 0.222917
1 0.2875 0.0239583 0.159375 0.0479167
1 0.797656 0.471875 0.173438 0.24375
1 0.571094 0.947917 0.214062 0.104167
1 0.732813 0.246875 0.153125 0.185417
1 0.0601562 0.80625 0.117188 0.1875
1 0.591406 0.090625 0.160938 0.18125
1 0.0289063 0.360417 0.0578125 0.183333
1 0.430469 0.33125 0.154687 0.204167
1 0.1125 0.619792 0.1625 0.24375
1 0.929688 0.585417 0.140625 0.216667
1 0.059375 0.0333333 0.11875 0.0666667
1 0.222656 0.922917 0.182812 0.154167
1 0.260156 0.7375 0.151562 0.216667
1 0.507812 0.370833 0.15 0.191667
1 0.196094 0.208333 0.151562 0.233333
1 0.053125 0.233333 0.10625 0.2125
1 0.921094 0.0760417 0.157813 0.147917
1 0.9375 0.273958 0.125 0.239583
1 0.0679687 0.90625 0.135937 0.1875
1 0.775 0.839583 0.15625 0.229167
1 0.778906 0.071875 0.157813 0.14375
1 0.360156 0.725 0.167187 0.225
1 0.261719 0.510417 0.167187 0.220833
0 0.624219 0.769792 0.245312 0.33125
1 0.385938 0.10625 0.178125 0.2125
