1 0.120312 0.0354167 0.165625 0.0708333
1 0.934375 0.9625 0.13125 0.075
1 0.946875 0.140625 0.10625 0.272917
1 0.0546875 0.452083 0.109375 0.208333
1 0.355469 0.046875 0.167187 0.09375
1 0.0601562 0.878125 0.120312 0.202083
1 0.2875 0.954167 0.175 0.0916667
0 0.546094 0.75 0.414062 0.491667
1 0.0554687 0.226042 0.110937 0.222917
1 0.801562 0.7125 0.165625 0.233333
1 0.93125 0.791667 0.1375 0.208333
1 0.35 0.50625 0.1875 0.191667
1 0.782812 0.303125 0.184375 0.25625
1 0.0742188 0.644792 0.145313 0.252083
1 0.251563 0.746875 0.171875 0.252083
1 0.435156 0.304167 0.167187 0.245833
1 0.6125 0.378125 0.16875 0.20625
1 0.648438 0.105208 0.165625 0.20625
