2 0.496875 0.855208 0.05 0.0604167
1 0.505469 0.015625 0.120312 0.03125
1 0.0835937 0.472917 0.157813 0.204167
1 0.05625 0.464583 0.1125 0.204167
1 0.903125 0.935417 0.18125 0.129167
1 0.386719 0.065625 0.154687 0.127083
1 0.921875 0.914583 0.15625 0.170833
1 0.884375 0.963542 0.175 0.0729167
2 0.726562 0.94375 0.09375 0.1125
1 0.217969 0.975 0.189063 0.05
1 0.121875 0.264583 0.184375 0.204167
1 0.380469 0.338542 0.114063 0.29375
1 0.0257812 0.89375 0.0515625 0.208333
1 0.2375 0.884375 0.15 0.152083
1 0.28125 0.0770833 0.16875 0.154167
1 0.107031 0.146875 0.201562 0.23125
1 0.617188 0.838542 0.175 0.26875
1 0.682813 0.0541667 0.159375 0.108333
1 0.333594 0.6 0.170312 0.2
1 0.952344 0.477083 0.0953125 0.2125
1 0.247656 0.763542 0.182812 0.21875
1 0.417188 0.938542 0.184375 0.114583
1 0.697656 0.228125 0.151562 0.21875
1 0.071875 0.696875 0.14375 0.214583
1 0.530469 0.158333 0.148438 0.2125
1 0.833594 0.35 0.176563 0.245833
1 0.422656 0.776042 0.173438 0.214583
1 0.921875 0.707292 0.15625 0.21875
1 0.75625 0.672917 0.1625 0.229167
1 0.260156 0.407292 0.148438 0.214583
1 0.816406 0.10625 0.167187 0.208333
0 0.553125 0.508333 0.346875 0.475
