1 0.469952 0.939904 0.213942 0.120192
1 0.534856 0.917067 0.223558 0.165865
1 0.971154 0.610577 0.0576923 0.197115
1 0.427885 0.951923 0.230769 0.0961538
1 0.96274 0.0456731 0.0745192 0.0865385
1 0.861779 0.0576923 0.141827 0.115385
1 0.0168269 0.411058 0.0336538 0.216346
1 0.867788 0.0336538 0.139423 0.0673077
1 0.895433 0.314904 0.175481 0.235577
2 0.902644 0.805288 0.0552885 0.0817308
1 0.966346 0.0733173 0.0673077 0.141827
1 0.574519 0.899038 0.201923 0.1875
1 0.86899 0.147837 0.15625 0.223558
1 0.966346 0.824519 0.0673077 0.216346
1 0.382212 0.397837 0.153846 0.189904
1 0.817308 0.715144 0.153846 0.15625
1 0.942308 0.691106 0.115385 0.209135
1 0.966346 0.207933 0.0673077 0.233173
1 0.0396635 0.558894 0.0793269 0.185096
1 0.692308 0.764423 0.144231 0.173077
1 0.411058 0.247596 0.1875 0.197115
1 0.234375 0.879808 0.194712 0.225962
1 0.50601 0.366587 0.137019 0.194712
1 0.0612981 0.780048 0.122596 0.233173
1 0.173077 0.709135 0.139423 0.177885
1 0.893029 0.9375 0.175481 0.125
1 0.158654 0.413462 0.168269 0.192308
1 0.55649 0.167067 0.165865 0.199519
0 0.0997596 0.21274 0.199519 0.266827
1 0.871394 0.460337 0.161058 0.213942
1 0.722356 0.217548 0.151442 0.213942
0 0.424279 0.701923 0.242788 0.317308
