1 0.236719 0.980208 0.164062 0.0395833
1 0.985156 0.554167 0.0296875 0.2
1 0.857813 0.8875 0.24375 0.225
1 0.967969 0.809375 0.0640625 0.235417
1 0.213281 0.05625 0.160938 0.108333
1 0.2625 0.516667 0.184375 0.266667
1 0.450781 0.66875 0.164062 0.229167
1 0.970312 0.342708 0.059375 0.20625
1 0.270312 0.130208 0.16875 0.214583
1 0.9375 0.115625 0.125 0.227083
1 0.657031 0.934375 0.173438 0.13125
1 0.715625 0.0541667 0.15 0.108333
1 0.304688 0.776042 0.14375 0.222917
1 0.0484375 0.0916667 0.096875 0.183333
1 0.034375 0.625 0.06875 0.208333
1 0.0351562 0.870833 0.0703125 0.25
1 0.871875 0.397917 0.165625 0.245833
1 0.61875 0.345833 0.21875 0.208333
1 0.148438 0.516667 0.18125 0.216667
1 0.155469 0.838542 0.160938 0.23125
0 0.735937 0.628125 0.41875 0.497917
1 0.39375 0.915625 0.175 0.16875
1 0.582812 0.135417 0.171875 0.208333
1 0.147656 0.296875 0.170312 0.214583
