1 0.972656 0.409375 0.0546875 0.197917
1 0.970312 0.621875 0.059375 0.197917
1 0.626562 0.04375 0.240625 0.0833333
1 0.435156 0.914583 0.164062 0.170833
1 0.271875 0.476042 0.18125 0.24375
1 0.096875 0.85625 0.178125 0.229167
1 0.289844 0.0979167 0.167187 0.1875
1 0.0679687 0.317708 0.135937 0.23125
1 0.932813 0.10625 0.134375 0.195833
1 0.93125 0.835417 0.1375 0.233333
1 0.857813 0.63125 0.165625 0.2375
1 0.415625 0.672917 0.1625 0.283333
0 0.463281 0.251042 0.310937 0.439583
1 0.121875 0.634375 0.1875 0.214583
1 0.267188 0.79375 0.1625 0.2125
1 0.854688 0.394792 0.165625 0.202083
