1 0.579327 0.432692 0.177885 0.230769
1 0.489183 0.03125 0.194712 0.0625
1 0.426683 0.602163 0.175481 0.199519
2 0.168269 0.456731 0.0625 0.0817308
2 0.294471 0.901442 0.108173 0.134615
1 0.861779 0.0336538 0.170673 0.0673077
1 0.957933 0.105769 0.0841346 0.197115
1 0.596154 0.644231 0.173077 0.240385
1 0.103365 0.778846 0.201923 0.201923
1 0.259615 0.201923 0.177885 0.259615
1 0.960337 0.355769 0.0793269 0.264423
1 0.889423 0.888221 0.158654 0.213942
1 0.0372596 0.432692 0.0745192 0.216346
1 0.0600962 0.0673077 0.120192 0.134615
1 0.370192 0.471154 0.1875 0.182692
0 0.490385 0.864183 0.201923 0.257212
1 0.230769 0.591346 0.197115 0.211538
1 0.697115 0.814904 0.158654 0.182692
1 0.698317 0.235577 0.175481 0.216346
