1 0.466406 0.9625 0.167187 0.075
2 0.146875 0.469792 0.06875 0.0979167
1 0.192188 0.8625 0.175 0.183333
1 0.709375 0.139583 0.18125 0.279167
1 0.065625 0.925 0.13125 0.15
1 0.472656 0.663542 0.173438 0.197917
1 0.660156 0.496875 0.160938 0.197917
1 0.9 0.125 0.1625 0.233333
1 0.759375 0.908333 0.16875 0.183333
1 0.260938 0.179167 0.125 0.25
1 0.497656 0.5375 0.176563 0.208333
1 0.523438 0.88125 0.178125 0.229167
1 0.603906 0.798958 0.135937 0.252083
1 0.0414063 0.263542 0.0796875 0.227083
1 0.266406 0.932292 0.167187 0.13125
1 0.760156 0.682292 0.179688 0.260417
1 0.252344 0.433333 0.185937 0.25
1 0.132812 0.104167 0.159375 0.2
1 0.897656 0.908333 0.145313 0.183333
1 0.91875 0.726042 0.1625 0.214583
0 0.458594 0.161458 0.370313 0.322917
1 0.853125 0.51875 0.2 0.225
