1 0.925 0.957292 0.15 0.0854167
1 0.848437 0.284375 0.196875 0.210417
1 0.844531 0.842708 0.132812 0.227083
1 0.959375 0.173958 0.08125 0.20625
1 0.658594 0.895833 0.195312 0.208333
1 0.5 0.925 0.16875 0.15
1 0.175 0.945833 0.128125 0.108333
1 0.0539063 0.292708 0.107813 0.235417
1 0.0515625 0.94375 0.103125 0.1125
1 0.258594 0.276042 0.148438 0.185417
1 0.442969 0.6875 0.182812 0.225
1 0.416406 0.0822917 0.173438 0.164583
1 0.674219 0.7 0.154687 0.183333
1 0.304688 0.923958 0.146875 0.152083
1 0.88125 0.502083 0.14375 0.204167
1 0.639063 0.0802083 0.15625 0.15625
1 0.746094 0.446875 0.164062 0.202083
1 0.146875 0.445833 0.134375 0.225
0 0.465625 0.353125 0.296875 0.39375
