1 0.555469 0.95625 0.167187 0.0875
1 0.625 0.110417 0.14375 0.183333
1 0.034375 0.209375 0.06875 0.23125
1 0.785156 0.652083 0.192188 0.229167
1 0.820312 0.0708333 0.15625 0.141667
1 0.40625 0.605208 0.15625 0.16875
1 0.599219 0.5625 0.139062 0.2125
1 0.732031 0.263542 0.210938 0.20625
0 0.449219 0.31875 0.329688 0.45
1 0.0742188 0.657292 0.148438 0.239583
1 0.5375 0.754167 0.196875 0.195833
1 0.357812 0.828125 0.184375 0.222917
1 0.20625 0.346875 0.16875 0.247917
1 0.799219 0.883333 0.176563 0.225
