1 0.971875 0.283333 0.05625 0.191667
1 0.358594 0.034375 0.167187 0.06875
1 0.173438 0.898958 0.175 0.202083
1 0.628125 0.814583 0.171875 0.2125
1 0.939062 0.0979167 0.121875 0.195833
1 0.171094 0.191667 0.142188 0.191667
1 0.392188 0.91875 0.1625 0.1625
1 0.184375 0.679167 0.19375 0.216667
1 0.303125 0.497917 0.146875 0.229167
1 0.317969 0.773958 0.160938 0.202083
1 0.621094 0.0989583 0.195312 0.197917
1 0.144531 0.39375 0.173438 0.229167
1 0.482031 0.73125 0.151562 0.2125
0 0.721875 0.403125 0.3375 0.510417
