1 0.0375 0.232292 0.075 0.19375
1 0.861719 0.698958 0.170312 0.210417
2 0.292969 0.969792 0.0578125 0.0604167
1 0.978906 0.74375 0.0421875 0.2125
1 0.0398437 0.85 0.0796875 0.25
1 0.960938 0.516667 0.078125 0.2
1 0.854688 0.7875 0.153125 0.204167
1 0.833594 0.45625 0.157813 0.2125
1 0.603906 0.6 0.173438 0.225
1 0.313281 0.0635417 0.157813 0.127083
1 0.478125 0.0354167 0.15625 0.0708333
1 0.66875 0.71875 0.15625 0.195833
1 0.141406 0.0833333 0.179688 0.166667
1 0.280469 0.572917 0.170312 0.204167
1 0.183594 0.873958 0.176563 0.222917
1 0.314844 0.211458 0.182812 0.160417
1 0.354688 0.370833 0.184375 0.1875
1 0.175781 0.351042 0.151562 0.23125
1 0.945312 0.078125 0.109375 0.152083
1 0.489844 0.4625 0.151562 0.1875
1 0.814844 0.0458333 0.160938 0.0916667
1 0.945312 0.915625 0.109375 0.16875
1 0.0648438 0.341667 0.129688 0.204167
1 0.739844 0.494792 0.154687 0.247917
1 0.820312 0.223958 0.190625 0.222917
1 0.120312 0.561458 0.159375 0.210417
1 0.466406 0.246875 0.157813 0.20625
1 0.634375 0.08125 0.18125 0.1625
0 0.435937 0.798958 0.346875 0.402083
