1 0.519531 0.0135417 0.139062 0.0270833
2 0.0484375 0.254167 0.06875 0.0916667
1 0.95625 0.0958333 0.0875 0.191667
1 0.369531 0.935417 0.192188 0.129167
1 0.897656 0.792708 0.126563 0.172917
1 0.220313 0.94375 0.178125 0.1125
1 0.934375 0.0916667 0.13125 0.183333
1 0.327344 0.582292 0.173438 0.260417
1 0.828125 0.0708333 0.21875 0.141667
1 0.392188 0.902083 0.190625 0.195833
1 0.678125 0.955208 0.1875 0.0895833
1 0.646875 0.0354167 0.171875 0.0708333
1 0.432031 0.708333 0.151562 0.175
1 0.882031 0.946875 0.185937 0.10625
1 0.963281 0.727083 0.0734375 0.270833
1 0.113281 0.913542 0.135937 0.172917
1 0.1375 0.436458 0.1625 0.147917
1 0.514063 0.845833 0.140625 0.1875
1 0.658594 0.677083 0.173438 0.225
1 0.53125 0.708333 0.14375 0.191667
0 0.0796875 0.602083 0.15625 0.270833
1 0.85 0.575 0.1875 0.258333
1 0.679688 0.403125 0.159375 0.202083
1 0.451562 0.15625 0.19375 0.225
