1 0.107031 0.025 0.160938 0.05
1 0.0585938 0.754167 0.117188 0.291667
1 0.984375 0.648958 0.03125 0.210417
2 0.734375 0.96875 0.0625 0.0625
1 0.103906 0.384375 0.201562 0.222917
1 0.954687 0.960417 0.090625 0.0791667
1 0.289062 0.0333333 0.165625 0.0666667
1 0.576563 0.944792 0.203125 0.110417
1 0.489062 0.197917 0.178125 0.216667
1 0.132031 0.123958 0.204688 0.210417
1 0.449219 0.688542 0.160938 0.247917
1 0.38125 0.932292 0.18125 0.135417
1 0.325781 0.197917 0.226562 0.254167
1 0.684375 0.155208 0.196875 0.26875
1 0.203906 0.9 0.167187 0.2
1 0.372656 0.435417 0.173438 0.2625
0 0.194531 0.610417 0.226562 0.3375
