1 0.125 0.983173 0.153846 0.0336538
1 0.117788 0.0336538 0.173077 0.0673077
0 0.549279 0.754808 0.430288 0.490385
1 0.935096 0.963942 0.129808 0.0721154
1 0.0540865 0.454327 0.108173 0.201923
1 0.945913 0.138221 0.108173 0.266827
1 0.353365 0.046875 0.168269 0.09375
1 0.0600962 0.876202 0.120192 0.199519
1 0.289663 0.955529 0.170673 0.0889423
1 0.802885 0.713942 0.168269 0.235577
1 0.350962 0.508413 0.197115 0.194712
1 0.0745192 0.645433 0.149038 0.242788
1 0.0564904 0.22476 0.112981 0.223558
1 0.25 0.747596 0.173077 0.25
1 0.929087 0.790865 0.137019 0.201923
1 0.612981 0.379808 0.168269 0.206731
1 0.78125 0.305288 0.192308 0.259615
1 0.435096 0.30649 0.173077 0.247596
1 0.649038 0.105769 0.173077 0.211538
