1 0.278846 0.923077 0.144231 0.153846
1 0.0709135 0.950721 0.141827 0.0985577
1 0.588942 0.270433 0.158654 0.247596
1 0.929087 0.947115 0.141827 0.105769
1 0.814904 0.548077 0.125 0.153846
1 0.426683 0.141827 0.15625 0.216346
1 0.540865 0.0721154 0.168269 0.139423
1 0.602163 0.882212 0.15625 0.221154
1 0.295673 0.0661058 0.163462 0.132212
1 0.271635 0.245192 0.149038 0.182692
1 0.430288 0.578125 0.163462 0.189904
1 0.927885 0.209135 0.144231 0.259615
1 0.646635 0.480769 0.168269 0.201923
1 0.733173 0.157452 0.144231 0.189904
0 0.168269 0.645433 0.336538 0.463942
1 0.114183 0.252404 0.161058 0.206731
1 0.679087 0.685096 0.180288 0.211538
1 0.888221 0.698317 0.175481 0.204327
1 0.433894 0.848558 0.175481 0.216346
