1 0.137019 0.884615 0.1875 0.221154
1 0.938702 0.872596 0.122596 0.182692
1 0.745192 0.126202 0.216346 0.233173
1 0.366587 0.902644 0.185096 0.194712
1 0.502404 0.950721 0.1875 0.0985577
1 0.0841346 0.294471 0.168269 0.338942
1 0.516827 0.0997596 0.201923 0.199519
2 0.03125 0.969952 0.0625 0.0600962
1 0.841346 0.0709135 0.173077 0.141827
1 0.966346 0.241587 0.0673077 0.247596
1 0.891827 0.69351 0.182692 0.276442
1 0.0252404 0.0865385 0.0504808 0.173077
1 0.550481 0.805288 0.197115 0.206731
2 0.96274 0.590144 0.0697115 0.112981
1 0.945913 0.421875 0.108173 0.247596
0 0.5 0.564904 0.221154 0.274038
