1 0.436719 0.394792 0.157813 0.189583
1 0.446094 0.98125 0.185937 0.0375
1 0.189063 0.916667 0.184375 0.166667
2 0.872656 0.0302083 0.0765625 0.0604167
1 0.0242187 0.788542 0.0484375 0.227083
1 0.0523437 0.419792 0.104687 0.202083
1 0.45625 0.985417 0.1375 0.025
1 0.430469 0.342708 0.148438 0.202083
1 0.0195312 0.148958 0.0390625 0.21875
1 0.0695312 0.947917 0.139062 0.104167
1 0.280469 0.922917 0.135937 0.154167
1 0.928906 0.94375 0.139062 0.1125
1 0.426562 0.144792 0.15625 0.21875
1 0.539844 0.0708333 0.157813 0.141667
1 0.296875 0.065625 0.159375 0.13125
1 0.588281 0.271875 0.151562 0.24375
1 0.814844 0.545833 0.123438 0.158333
1 0.428906 0.579167 0.157813 0.191667
1 0.930469 0.207292 0.139062 0.25625
1 0.678125 0.684375 0.175 0.210417
1 0.602344 0.883333 0.157813 0.216667
1 0.273438 0.245833 0.146875 0.183333
1 0.114844 0.252083 0.160938 0.2125
1 0.647656 0.48125 0.167187 0.204167
1 0.435156 0.845833 0.176563 0.216667
1 0.732031 0.159375 0.142188 0.189583
0 0.167187 0.647917 0.334375 0.479167
1 0.8875 0.698958 0.171875 0.20625
