1 0.122596 0.103365 0.230769 0.192308
1 0.661058 0.308894 0.153846 0.209135
1 0.0757212 0.878606 0.137019 0.21875
1 0.228365 0.671875 0.206731 0.209135
1 0.240385 0.25 0.177885 0.197115
1 0.185096 0.456731 0.177885 0.235577
1 0.909856 0.0793269 0.180288 0.158654
1 0.361779 0.563702 0.117788 0.15625
1 0.9375 0.122596 0.125 0.245192
1 0.0180288 0.140625 0.0360577 0.137019
1 0.96274 0.305288 0.0745192 0.197115
1 0.509615 0.546875 0.158654 0.194712
1 0.0552885 0.923077 0.110577 0.153846
1 0.0204327 0.536058 0.0408654 0.245192
1 0.602163 0.418269 0.199519 0.144231
1 0.228365 0.213942 0.235577 0.274038
1 0.0204327 0.117788 0.0408654 0.1875
1 0.263221 0.0456731 0.146635 0.0913462
1 0.872596 0.930288 0.1875 0.139423
1 0.260817 0.421875 0.194712 0.185096
1 0.168269 0.969952 0.158654 0.0600962
1 0.692308 0.885817 0.163462 0.228365
1 0.41226 0.0336538 0.170673 0.0673077
1 0.0769231 0.723558 0.153846 0.1875
0 0.463942 0.801683 0.355769 0.382212
1 0.47476 0.299279 0.141827 0.209135
1 0.0805288 0.30649 0.161058 0.247596
