1 0.961538 0.871394 0.0769231 0.237981
1 0.832933 0.467548 0.180288 0.185096
1 0.362981 0.93149 0.235577 0.137019
1 0.419471 0.961538 0.204327 0.0769231
1 0.0432692 0.967548 0.0865385 0.0649038
1 0.808894 0.639423 0.175481 0.1875
1 0.0925481 0.748798 0.165865 0.21875
1 0.921875 0.325721 0.15625 0.21875
1 0.711538 0.120192 0.1875 0.225962
1 0.71274 0.455529 0.146635 0.204327
1 0.826923 0.0504808 0.149038 0.100962
1 0.03125 0.564904 0.0625 0.225962
1 0.240385 0.0564904 0.192308 0.112981
1 0.417067 0.33774 0.180288 0.247596
1 0.920673 0.0456731 0.158654 0.0913462
1 0.0480769 0.770433 0.0961538 0.228365
1 0.899038 0.805288 0.1875 0.211538
1 0.971154 0.157452 0.0576923 0.15625
1 0.229567 0.429087 0.213942 0.194712
1 0.884615 0.206731 0.149038 0.201923
1 0.941106 0.621394 0.117788 0.242788
1 0.206731 0.164663 0.192308 0.165865
1 0.0444712 0.0673077 0.0889423 0.134615
1 0.75601 0.919471 0.209135 0.161058
1 0.580529 0.307692 0.189904 0.240385
0 0.423077 0.722356 0.384615 0.439904
1 0.0793269 0.215144 0.158654 0.194712
1 0.158654 0.897837 0.168269 0.194712
