1 0.188281 0.15 0.129688 0.2125
1 0.386719 0.7375 0.164062 0.208333
1 0.803906 0.739583 0.114063 0.204167
1 0.138281 0.142708 0.201562 0.21875
1 0.913281 0.0520833 0.170312 0.104167
1 0.702344 0.54375 0.160938 0.2125
1 0.0289063 0.920833 0.0578125 0.158333
1 0.948438 0.282292 0.103125 0.239583
1 0.0265625 0.451042 0.053125 0.202083
1 0.467187 0.923958 0.159375 0.152083
1 0.636719 0.280208 0.179688 0.24375
1 0.395312 0.0916667 0.159375 0.179167
1 0.95 0.78125 0.1 0.245833
1 0.546094 0.629167 0.142188 0.258333
1 0.782812 0.560417 0.1625 0.2125
0 0.330469 0.366667 0.254687 0.291667
1 0.221094 0.575 0.151562 0.2125
