1 0.813281 0.979167 0.154687 0.0416667
1 0.679688 0.936458 0.15625 0.127083
1 0.764844 0.303125 0.151562 0.189583
1 0.01875 0.310417 0.0375 0.2
1 0.3625 0.540625 0.190625 0.24375
1 0.682813 0.335417 0.153125 0.183333
1 0.021875 0.884375 0.04375 0.20625
1 0.257812 0.413542 0.125 0.15625
1 0.826563 0.125 0.165625 0.195833
1 0.840625 0.875 0.15 0.183333
1 0.657812 0.83125 0.146875 0.204167
1 0.965625 0.846875 0.06875 0.19375
1 0.845312 0.0458333 0.165625 0.0916667
1 0.570312 0.438542 0.15 0.222917
1 0.927344 0.279167 0.145313 0.191667
1 0.0765625 0.407292 0.140625 0.197917
1 0.571094 0.73125 0.157813 0.216667
1 0.158594 0.311458 0.167187 0.21875
1 0.942969 0.635417 0.114063 0.195833
1 0.635938 0.622917 0.153125 0.204167
1 0.960938 0.0958333 0.078125 0.1875
1 0.814062 0.597917 0.14375 0.204167
1 0.110937 0.746875 0.165625 0.235417
1 0.105469 0.121875 0.182812 0.214583
0 0.257812 0.834375 0.328125 0.33125
0 0.40625 0.235417 0.3 0.391667
