1 0.232031 0.021875 0.160938 0.04375
1 0.0570313 0.059375 0.110937 0.11875
1 0.627344 0.111458 0.154687 0.202083
1 0.953125 0.9375 0.09375 0.125
1 0.9125 0.782292 0.165625 0.23125
1 0.40625 0.078125 0.184375 0.15625
1 0.214062 0.959375 0.16875 0.08125
1 0.95 0.19375 0.1 0.241667
1 0.405469 0.927083 0.173438 0.145833
1 0.303125 0.26875 0.1625 0.2125
1 0.300781 0.617708 0.160938 0.20625
1 0.177344 0.672917 0.148438 0.195833
1 0.81875 0.2625 0.15 0.1875
1 0.285937 0.827083 0.153125 0.179167
1 0.785937 0.626042 0.190625 0.227083
1 0.65625 0.845833 0.15625 0.208333
1 0.91875 0.461458 0.1625 0.25625
1 0.630469 0.375 0.185937 0.225
0 0.122656 0.380208 0.245312 0.43125
1 0.598437 0.645833 0.165625 0.216667
1 0.175 0.115625 0.134375 0.160417
