1 0.942969 0.240625 0.114063 0.197917
1 0.85625 0.0677083 0.15625 0.135417
1 0.0273438 0.113542 0.0546875 0.19375
1 0.635938 0.83125 0.153125 0.195833
1 0.723437 0.601042 0.15 0.20625
1 0.21875 0.922917 0.146875 0.154167
1 0.252344 0.0885417 0.182812 0.177083
1 0.571875 0.0666667 0.14375 0.129167
1 0.673437 0.389583 0.165625 0.220833
1 0.125 0.228125 0.159375 0.222917
1 0.625 0.598958 0.15625 0.210417
1 0.0695312 0.55625 0.139062 0.2
1 0.184375 0.7375 0.15 0.241667
1 0.776563 0.878125 0.159375 0.19375
1 0.31875 0.4 0.153125 0.216667
1 0.739062 0.0854167 0.171875 0.166667
1 0.513281 0.370833 0.160938 0.233333
0 0.378906 0.683333 0.304688 0.391667
