1 0.536719 0.35 0.167187 0.2
1 0.0203125 0.925 0.040625 0.15
1 0.367188 0.025 0.159375 0.05
1 0.0148437 0.161458 0.0296875 0.202083
1 0.084375 0.767708 0.16875 0.189583
1 0.447656 0.720833 0.120312 0.204167
2 0.321094 0.877083 0.0796875 0.108333
1 0.034375 0.930208 0.06875 0.139583
1 0.48125 0.0291667 0.140625 0.0583333
1 0.0226563 0.4375 0.0453125 0.2
1 0.8375 0.582292 0.16875 0.23125
1 0.199219 0.802083 0.160938 0.2375
1 0.172656 0.335417 0.176563 0.266667
1 0.119531 0.108333 0.151562 0.2
1 0.0390625 0.323958 0.078125 0.210417
1 0.1125 0.878125 0.1625 0.235417
1 0.220313 0.0927083 0.1875 0.185417
1 0.628906 0.425 0.157813 0.220833
1 0.146094 0.592708 0.154687 0.202083
1 0.476562 0.477083 0.15 0.2375
1 0.321875 0.526042 0.16875 0.20625
1 0.735937 0.616667 0.1625 0.208333
1 0.623438 0.926042 0.2 0.147917
1 0.36875 0.729167 0.153125 0.204167
1 0.0585938 0.55 0.114063 0.191667
1 0.864844 0.93125 0.157813 0.1375
1 0.945312 0.723958 0.109375 0.21875
0 0.678125 0.171875 0.36875 0.339583
1 0.357031 0.308333 0.139062 0.204167
1 0.876562 0.342708 0.146875 0.177083
1 0.921094 0.515625 0.154687 0.160417
