1 0.386719 0.409375 0.157813 0.185417
1 0.44375 0.0291667 0.1625 0.0583333
1 0.94375 0.0395833 0.1125 0.0791667
1 0.0234375 0.559375 0.046875 0.23125
1 0.9625 0.605208 0.075 0.19375
1 0.909375 0.4875 0.171875 0.175
1 0.692969 0.94375 0.160938 0.1125
1 0.817187 0.169792 0.165625 0.21875
1 0.379687 0.538542 0.159375 0.20625
1 0.205469 0.517708 0.164062 0.210417
1 0.885938 0.272917 0.171875 0.233333
1 0.297656 0.345833 0.167187 0.229167
1 0.138281 0.688542 0.173438 0.210417
0 0.514844 0.766667 0.339063 0.454167
1 0.172656 0.0885417 0.151562 0.177083
1 0.333594 0.9 0.182812 0.2
1 0.607813 0.090625 0.196875 0.18125
1 0.557813 0.3125 0.159375 0.2125
1 0.817187 0.644792 0.171875 0.172917
1 0.71875 0.370833 0.15625 0.204167
1 0.364062 0.113542 0.16875 0.21875
