1 0.356971 0.163462 0.170673 0.1875
1 0.814904 0.945913 0.201923 0.108173
1 0.0216346 0.21875 0.0432692 0.225962
1 0.752404 0.427885 0.129808 0.1875
1 0.207933 0.108173 0.165865 0.216346
1 0.965144 0.227163 0.0697115 0.266827
1 0.939904 0.620192 0.120192 0.221154
1 0.552885 0.794471 0.192308 0.266827
1 0.539663 0.269231 0.15625 0.197115
1 0.664663 0.120192 0.151442 0.197115
0 0.146635 0.710337 0.293269 0.391827
1 0.629808 0.574519 0.197115 0.225962
1 0.876202 0.417067 0.165865 0.223558
1 0.0697115 0.409856 0.134615 0.194712
