1 0.0640625 0.05 0.128125 0.1
1 0.132031 0.314583 0.185937 0.220833
1 0.344531 0.028125 0.145313 0.05625
1 0.490625 0.963542 0.215625 0.0729167
1 0.235156 0.826042 0.167187 0.239583
1 0.164844 0.95625 0.110937 0.0875
1 0.0453125 0.65 0.090625 0.233333
1 0.05 0.947917 0.1 0.104167
1 0.146094 0.519792 0.139062 0.19375
1 0.9375 0.0572917 0.125 0.114583
1 0.652344 0.391667 0.148438 0.183333
1 0.371875 0.151042 0.15 0.19375
1 0.240625 0.132292 0.159375 0.21875
1 0.05 0.479167 0.1 0.204167
1 0.9375 0.310417 0.125 0.2125
1 0.414062 0.832292 0.178125 0.189583
1 0.800781 0.0947917 0.154687 0.189583
1 0.716406 0.885417 0.151562 0.220833
1 0.919531 0.861458 0.160938 0.210417
1 0.81875 0.445833 0.1625 0.229167
1 0.796875 0.702083 0.18125 0.208333
1 0.65625 0.19375 0.16875 0.2125
0 0.364844 0.523958 0.379687 0.489583
