1 0.015625 0.589583 0.03125 0.154167
1 0.196875 0.522917 0.175 0.204167
1 0.5375 0.644792 0.146875 0.202083
1 0.410937 0.252083 0.1875 0.204167
1 0.745313 0.357292 0.171875 0.214583
1 0.304688 0.9625 0.171875 0.075
1 0.128125 0.20625 0.1625 0.2375
1 0.028125 0.0895833 0.05625 0.175
1 0.0296875 0.755208 0.059375 0.197917
1 0.442969 0.633333 0.164062 0.220833
1 0.957812 0.06875 0.084375 0.1375
1 0.185156 0.734375 0.164062 0.202083
1 0.964063 0.509375 0.071875 0.214583
1 0.566406 0.197917 0.142188 0.204167
1 0.18125 0.420833 0.15625 0.2
1 0.640625 0.4125 0.15625 0.225
1 0.278125 0.135417 0.13125 0.195833
1 0.41875 0.44375 0.1875 0.208333
1 0.65 0.059375 0.1625 0.11875
1 0.345313 0.79375 0.159375 0.2625
0 0.539844 0.860417 0.335938 0.279167
1 0.053125 0.425 0.10625 0.233333
1 0.904688 0.307292 0.184375 0.24375
1 0.777344 0.572917 0.164062 0.229167
1 0.190625 0.877083 0.18125 0.195833
1 0.79375 0.116667 0.15625 0.220833
1 0.757812 0.808333 0.171875 0.1875
1 0.923437 0.858333 0.153125 0.208333
