1 0.63101 0.949519 0.165865 0.100962
1 0.551683 0.663462 0.180288 0.216346
1 0.09375 0.771635 0.158654 0.173077
1 0.138221 0.951923 0.185096 0.0961538
1 0.652644 0.913462 0.175481 0.173077
1 0.317308 0.34976 0.259615 0.242788
1 0.0528846 0.0480769 0.105769 0.0961538
1 0.939904 0.518029 0.120192 0.213942
1 0.0480769 0.403846 0.0961538 0.221154
1 0.96274 0.168269 0.0745192 0.163462
1 0.94351 0.0745192 0.112981 0.149038
1 0.657452 0.441106 0.185096 0.262019
1 0.0817308 0.247596 0.144231 0.235577
1 0.840144 0.449519 0.146635 0.168269
1 0.515625 0.0396635 0.151442 0.0793269
1 0.344952 0.153846 0.170673 0.173077
1 0.965144 0.895433 0.0697115 0.189904
1 0.219952 0.844952 0.161058 0.170673
1 0.490385 0.418269 0.163462 0.211538
1 0.913462 0.709135 0.173077 0.235577
0 0.235577 0.581731 0.25 0.322115
