1 0.0265625 0.505208 0.053125 0.214583
1 0.259375 0.76875 0.1375 0.1875
1 0.0703125 0.911458 0.140625 0.177083
1 0.0335938 0.216667 0.0671875 0.241667
1 0.764063 0.45 0.165625 0.225
1 0.0875 0.0739583 0.14375 0.147917
1 0.936719 0.125 0.126563 0.208333
1 0.935156 0.840625 0.129688 0.227083
0 0.55625 0.866667 0.30625 0.266667
1 0.349219 0.572917 0.192188 0.2125
1 0.467187 0.433333 0.159375 0.225
1 0.561719 0.0760417 0.173438 0.152083
1 0.177344 0.3125 0.167187 0.233333
1 0.56875 0.623958 0.18125 0.21875
1 0.190625 0.526042 0.146875 0.214583
1 0.332031 0.222917 0.164062 0.220833
1 0.721875 0.20625 0.18125 0.225
