1 0.9625 0.117708 0.075 0.222917
1 0.238281 0.363542 0.157813 0.227083
1 0.059375 0.270833 0.11875 0.266667
1 0.95 0.427083 0.1 0.170833
1 0.720312 0.711458 0.134375 0.239583
1 0.789062 0.572917 0.165625 0.229167
1 0.1625 0.586458 0.171875 0.227083
1 0.951563 0.610417 0.096875 0.170833
1 0.472656 0.584375 0.151562 0.16875
1 0.9375 0.760417 0.125 0.166667
1 0.607031 0.970833 0.148438 0.0583333
1 0.365625 0.698958 0.15625 0.197917
1 0.0953125 0.890625 0.15625 0.189583
1 0.0421875 0.677083 0.084375 0.225
1 0.821875 0.065625 0.14375 0.13125
1 0.658594 0.141667 0.157813 0.2125
1 0.667188 0.334375 0.215625 0.189583
0 0.954687 0.89375 0.090625 0.2125
1 0.05625 0.108333 0.1125 0.208333
1 0.546875 0.179167 0.15 0.195833
1 0.0679687 0.50625 0.135937 0.1875
1 0.804688 0.220833 0.153125 0.220833
1 0.292188 0.495833 0.14375 0.216667
1 0.826563 0.9375 0.159375 0.125
1 0.607813 0.65625 0.165625 0.204167
0 0.33125 0.104167 0.25625 0.208333
