1 0.964844 0.927083 0.0703125 0.145833
1 0.695312 0.166667 0.159375 0.166667
1 0.101562 0.8125 0.18125 0.225
1 0.257812 0.197917 0.15625 0.1875
1 0.965625 0.10625 0.06875 0.204167
1 0.0851562 0.460417 0.170312 0.204167
1 0.4625 0.35625 0.15625 0.2375
1 0.454688 0.928125 0.159375 0.14375
1 0.0773437 0.266667 0.151562 0.2
1 0.854688 0.182292 0.153125 0.260417
1 0.282031 0.76875 0.157813 0.225
1 0.177344 0.0875 0.148438 0.175
1 0.725 0.891667 0.190625 0.2
1 0.689062 0.709375 0.15 0.16875
1 0.336719 0.396875 0.173438 0.222917
1 0.10625 0.628125 0.18125 0.197917
1 0.507031 0.722917 0.154687 0.2625
1 0.884375 0.61875 0.1875 0.204167
0 0.657812 0.426042 0.328125 0.414583
