1 0.457812 0.726042 0.171875 0.23125
1 0.26875 0.98125 0.1375 0.0375
1 0.577344 0.09375 0.164062 0.179167
1 0.935938 0.0520833 0.11875 0.104167
1 0.269531 0.985417 0.114063 0.0291667
1 0.0132813 0.214583 0.0265625 0.225
1 0.416406 0.945833 0.192188 0.108333
1 0.60625 0.194792 0.2 0.239583
1 0.964063 0.365625 0.071875 0.214583
1 0.0226563 0.046875 0.0453125 0.09375
1 0.382812 0.938542 0.153125 0.114583
1 0.944531 0.0708333 0.104687 0.141667
1 0.967188 0.096875 0.065625 0.18125
1 0.53125 0.816667 0.1375 0.25
1 0.164844 0.0333333 0.189063 0.0666667
1 0.979688 0.598958 0.040625 0.202083
1 0.130469 0.972917 0.145313 0.0541667
1 0.378125 0.546875 0.18125 0.210417
1 0.673437 0.410417 0.184375 0.229167
1 0.329688 0.792708 0.153125 0.247917
1 0.475 0.6 0.184375 0.208333
1 0.0554687 0.540625 0.110937 0.24375
1 0.839063 0.959375 0.159375 0.08125
1 0.452344 0.0885417 0.148438 0.177083
1 0.251563 0.289583 0.171875 0.233333
1 0.879687 0.528125 0.159375 0.202083
0 0.698438 0.742708 0.321875 0.427083
1 0.339844 0.353125 0.173438 0.21875
1 0.829687 0.320833 0.153125 0.216667
1 0.307813 0.1 0.153125 0.1875
1 0.174219 0.75 0.164062 0.216667
