1 0.0242187 0.486458 0.0484375 0.210417
2 0.715625 0.2125 0.0375 0.075
1 0.230469 0.95625 0.135937 0.0875
1 0.854688 0.316667 0.165625 0.220833
1 0.165625 0.0208333 0.1625 0.0416667
1 0.0125 0.121875 0.025 0.23125
1 0.113281 0.0989583 0.164062 0.197917
1 0.346094 0.9625 0.132812 0.075
1 0.801562 0.0458333 0.190625 0.0916667
1 0.263281 0.707292 0.148438 0.189583
1 0.0820312 0.720833 0.142188 0.216667
1 0.734375 0.7125 0.15625 0.208333
1 0.957031 0.2875 0.0859375 0.195833
1 0.734375 0.926042 0.16875 0.147917
1 0.05 0.482292 0.1 0.210417
1 0.01875 0.689583 0.0375 0.195833
1 0.0757812 0.901042 0.151562 0.197917
1 0.217187 0.890625 0.134375 0.202083
1 0.136719 0.189583 0.126563 0.1875
1 0.455469 0.323958 0.195312 0.24375
1 0.792188 0.238542 0.14375 0.214583
1 0.861719 0.890625 0.157813 0.202083
1 0.960156 0.139583 0.0765625 0.2375
1 0.686719 0.416667 0.173438 0.2875
1 0.896875 0.667708 0.1875 0.23125
1 0.142969 0.555208 0.132812 0.177083
1 0.511719 0.163542 0.167187 0.202083
0 0.496094 0.797917 0.379687 0.404167
1 0.302344 0.170833 0.182812 0.1875
