1 0.978365 0.235577 0.0432692 0.225962
1 0.646635 0.0300481 0.177885 0.0600962
1 0.96875 0.43149 0.0625 0.21875
1 0.639423 0.121394 0.139423 0.189904
1 0.0180288 0.382212 0.0360577 0.144231
1 0.741587 0.210337 0.180288 0.194712
1 0.626202 0.828125 0.137019 0.21875
1 0.112981 0.0204327 0.1875 0.0408654
1 0.965144 0.388221 0.0697115 0.271635
2 0.876202 0.259615 0.0649038 0.100962
1 0.510817 0.930288 0.151442 0.139423
1 0.0216346 0.520433 0.0432692 0.185096
1 0.966346 0.0805288 0.0673077 0.15625
1 0.545673 0.377404 0.182692 0.269231
1 0.479567 0.0228365 0.141827 0.0456731
1 0.106971 0.411058 0.165865 0.173077
1 0.739183 0.887019 0.170673 0.211538
1 0.0264423 0.947115 0.0528846 0.105769
1 0.548077 0.842548 0.129808 0.228365
1 0.762019 0.635817 0.177885 0.257212
1 0.191106 0.459135 0.165865 0.245192
1 0.641827 0.364183 0.139423 0.209135
1 0.808894 0.0540865 0.199519 0.108173
1 0.530048 0.644231 0.180288 0.225962
1 0.0817308 0.197115 0.158654 0.182692
1 0.780048 0.385817 0.161058 0.204327
1 0.233173 0.0829327 0.168269 0.165865
1 0.405048 0.177885 0.170673 0.230769
1 0.355769 0.823317 0.163462 0.194712
1 0.329327 0.385817 0.144231 0.189904
0 0.116587 0.700721 0.233173 0.310096
