1 0.663281 0.959375 0.167187 0.08125
1 0.0382813 0.366667 0.0765625 0.25
1 0.954687 0.295833 0.090625 0.2125
1 0.267969 0.0458333 0.173438 0.0916667
1 0.885938 0.0552083 0.128125 0.110417
1 0.592969 0.0645833 0.157813 0.125
1 0.819531 0.516667 0.160938 0.191667
1 0.794531 0.0489583 0.154687 0.0979167
1 0.700781 0.9 0.173438 0.2
1 0.789844 0.366667 0.135937 0.220833
1 0.524219 0.290625 0.148438 0.235417
1 0.100781 0.823958 0.173438 0.19375
1 0.903906 0.680208 0.164062 0.18125
1 0.610937 0.673958 0.178125 0.202083
1 0.942187 0.503125 0.115625 0.177083
1 0.514063 0.530208 0.184375 0.189583
1 0.254687 0.563542 0.178125 0.21875
1 0.882812 0.910417 0.18125 0.179167
1 0.225781 0.929167 0.176563 0.141667
1 0.655469 0.34375 0.154687 0.229167
1 0.753125 0.698958 0.134375 0.185417
0 0.29375 0.254167 0.34375 0.466667
1 0.410156 0.835417 0.164062 0.204167
