2 0.438281 0.0479167 0.0546875 0.0791667
1 0.967188 0.847917 0.065625 0.2125
1 0.9875 0.295833 0.025 0.195833
2 0.247656 0.473958 0.0578125 0.0770833
1 0.35 0.025 0.13125 0.05
1 0.925 0.0260417 0.14375 0.0520833
1 0.473437 0.196875 0.153125 0.185417
1 0.0234375 0.940625 0.046875 0.11875
1 0.95625 0.778125 0.0875 0.222917
1 0.161719 0.936458 0.176563 0.127083
1 0.798437 0.0958333 0.121875 0.191667
1 0.855469 0.911458 0.173438 0.177083
1 0.3875 0.615625 0.175 0.297917
1 0.675 0.3875 0.19375 0.166667
1 0.184375 0.747917 0.1875 0.2125
1 0.523438 0.25 0.165625 0.183333
1 0.0492188 0.263542 0.0984375 0.19375
1 0.353125 0.95 0.18125 0.1
1 0.954687 0.513542 0.090625 0.210417
1 0.614062 0.945833 0.16875 0.108333
1 0.934375 0.14375 0.13125 0.208333
1 0.194531 0.615625 0.176563 0.210417
0 0.707812 0.677083 0.365625 0.441667
1 0.85 0.314583 0.1625 0.2125
1 0.504687 0.820833 0.16875 0.225
1 0.732813 0.1875 0.121875 0.170833
1 0.520312 0.46875 0.159375 0.229167
1 0.139844 0.39375 0.176563 0.229167
1 0.609375 0.0833333 0.175 0.166667
1 0.202344 0.170833 0.201562 0.241667
