1 0.0890625 0.515625 0.159375 0.222917
1 0.948438 0.939583 0.103125 0.120833
1 0.0820312 0.328125 0.164062 0.210417
1 0.214844 0.0916667 0.145313 0.183333
1 0.0359375 0.679167 0.071875 0.258333
1 0.51875 0.93125 0.1875 0.1375
1 0.757812 0.338542 0.184375 0.247917
1 0.288281 0.298958 0.154687 0.227083
1 0.801562 0.103125 0.18125 0.20625
1 0.954687 0.235417 0.0875 0.2375
1 0.657031 0.390625 0.160938 0.21875
1 0.438281 0.0552083 0.157813 0.110417
1 0.960938 0.7125 0.078125 0.229167
1 0.69375 0.936458 0.146875 0.127083
1 0.821875 0.81875 0.1625 0.195833
1 0.553906 0.192708 0.189063 0.24375
1 0.91875 0.460417 0.1625 0.220833
1 0.425 0.458333 0.16875 0.233333
1 0.40625 0.695833 0.171875 0.191667
1 0.572656 0.74375 0.154687 0.2125
0 0.186719 0.804167 0.335938 0.391667
