1 0.9875 0.315625 0.025 0.247917
1 0.982813 0.454167 0.034375 0.158333
1 0.242969 0.792708 0.164062 0.227083
1 0.984375 0.93125 0.028125 0.1375
1 0.350781 0.896875 0.157813 0.19375
1 0.789062 0.192708 0.215625 0.21875
2 0.194531 0.252083 0.0640625 0.0833333
1 0.872656 0.5375 0.214062 0.254167
2 0.550781 0.251042 0.0765625 0.102083
1 0.636719 0.8875 0.185937 0.225
1 0.457812 0.0947917 0.175 0.185417
1 0.375 0.640625 0.15625 0.20625
1 0.0484375 0.0458333 0.096875 0.0916667
1 0.257031 0.928125 0.182812 0.14375
1 0.460938 0.948958 0.175 0.102083
1 0.182812 0.380208 0.140625 0.189583
1 0.473437 0.797917 0.121875 0.195833
1 0.352344 0.0864583 0.189063 0.172917
1 0.738281 0.713542 0.154687 0.210417
1 0.844531 0.0385417 0.182812 0.0770833
1 0.860937 0.870833 0.178125 0.258333
1 0.955469 0.754167 0.0890625 0.208333
1 0.897656 0.3125 0.160938 0.216667
1 0.0390625 0.238542 0.078125 0.214583
1 0.660937 0.310417 0.178125 0.2625
1 0.504687 0.469792 0.190625 0.252083
1 0.129688 0.139583 0.165625 0.2
1 0.65 0.0552083 0.175 0.110417
1 0.0546875 0.895833 0.109375 0.208333
0 0.110156 0.563542 0.220313 0.439583
