1 0.015625 0.875 0.03125 0.191667
2 0.1125 0.163542 0.18125 0.260417
2 0.36875 0.0322917 0.06875 0.0645833
1 0.933594 0.591667 0.132812 0.2
1 0.926562 0.239583 0.146875 0.229167
1 0.580469 0.598958 0.157813 0.16875
1 0.609375 0.764583 0.15 0.154167
1 0.782812 0.246875 0.178125 0.25625
1 0.950781 0.942708 0.0984375 0.114583
1 0.965625 0.0614583 0.06875 0.122917
1 0.0210938 0.492708 0.0421875 0.23125
1 0.298438 0.173958 0.153125 0.260417
1 0.169531 0.561458 0.151562 0.235417
1 0.564844 0.473958 0.179688 0.20625
1 0.0773437 0.90625 0.148438 0.1875
1 0.850781 0.104167 0.173438 0.195833
1 0.888281 0.414583 0.157813 0.229167
1 0.732031 0.616667 0.189063 0.245833
1 0.83125 0.916667 0.13125 0.166667
1 0.379687 0.291667 0.146875 0.208333
0 0.111719 0.15625 0.185937 0.270833
1 0.705469 0.908333 0.142188 0.179167
1 0.58125 0.882292 0.14375 0.210417
1 0.2125 0.720833 0.15625 0.2
