1 0.891827 0.230769 0.163462 0.230769
1 0.980769 0.342548 0.0384615 0.242788
0 0.658654 0.965144 0.192308 0.0697115
0 0.0564904 0.424279 0.112981 0.223558
1 0.655048 0.965144 0.209135 0.0697115
0 0.22476 0.598558 0.204327 0.163462
0 0.486779 0.963942 0.161058 0.0721154
1 0.164663 0.84976 0.15625 0.180288
1 0.847356 0.185096 0.165865 0.206731
1 0.227163 0.598558 0.204327 0.173077
1 0.483173 0.961538 0.163462 0.0769231
1 0.0576923 0.425481 0.115385 0.225962
0 0.0721154 0.19351 0.139423 0.209135
1 0.352163 0.152644 0.151442 0.204327
1 0.799279 0.463942 0.185096 0.269231
1 0.677885 0.770433 0.177885 0.233173
1 0.944712 0.0456731 0.110577 0.0913462
1 0.0721154 0.192308 0.139423 0.216346
1 0.274038 0.0396635 0.158654 0.0793269
1 0.347356 0.277644 0.170673 0.204327
1 0.444712 0.605769 0.173077 0.278846
1 0.324519 0.938702 0.168269 0.122596
1 0.913462 0.706731 0.163462 0.216346
1 0.191106 0.483173 0.170673 0.1875
1 0.078125 0.955529 0.15625 0.0889423
1 0.842548 0.91226 0.185096 0.175481
1 0.288462 0.72476 0.168269 0.233173
2 0.614183 0.292067 0.362981 0.420673
1 0.185096 0.263221 0.163462 0.213942
