1 0.711538 0.753606 0.158654 0.189904
0 0.453125 0.0697115 0.189904 0.139423
1 0.590144 0.16226 0.194712 0.213942
1 0.707933 0.963942 0.146635 0.0721154
1 0.774038 0.114183 0.182692 0.228365
0 0.0396635 0.483173 0.0793269 0.201923
0 0.823317 0.340144 0.199519 0.21875
1 0.247596 0.0372596 0.168269 0.0745192
1 0.0396635 0.479567 0.0793269 0.209135
0 0.925481 0.746394 0.149038 0.204327
1 0.450721 0.0709135 0.199519 0.137019
1 0.144231 0.207933 0.163462 0.170673
1 0.157452 0.414663 0.165865 0.194712
1 0.128606 0.100962 0.170673 0.197115
1 0.242788 0.893029 0.163462 0.213942
1 0.313702 0.326923 0.189904 0.216346
2 0.539663 0.501202 0.338942 0.46875
1 0.530048 0.813702 0.141827 0.204327
1 0.078125 0.94351 0.15625 0.112981
1 0.632212 0.917067 0.163462 0.165865
0 0.592548 0.161058 0.194712 0.216346
0 0.314904 0.325721 0.197115 0.213942
1 0.159856 0.651442 0.194712 0.245192
1 0.387019 0.722356 0.149038 0.199519
1 0.927885 0.745192 0.144231 0.206731
1 0.822115 0.341346 0.201923 0.221154
1 0.871394 0.905048 0.161058 0.185096
1 0.919471 0.520433 0.15625 0.209135
