0 0.445312 0.0291667 0.153125 0.0583333
0 0.384375 0.408333 0.165625 0.1875
0 0.0234375 0.565625 0.046875 0.239583
0 0.954687 0.0375 0.090625 0.075
0 0.960938 0.607292 0.078125 0.197917
0 0.203906 0.51875 0.160938 0.204167
0 0.697656 0.94375 0.148438 0.1125
0 0.90625 0.4875 0.165625 0.175
0 0.816406 0.175 0.154687 0.204167
0 0.882031 0.277083 0.176563 0.229167
0 0.378125 0.538542 0.159375 0.20625
0 0.135156 0.685417 0.176563 0.204167
0 0.296875 0.346875 0.175 0.227083
0 0.332031 0.9 0.179688 0.2
1 0.516406 0.767708 0.348437 0.452083
0 0.814844 0.644792 0.167187 0.172917
0 0.171875 0.0864583 0.15 0.172917
0 0.609375 0.090625 0.19375 0.18125
0 0.717969 0.369792 0.157813 0.20625
0 0.55625 0.314583 0.1625 0.2125
0 0.363281 0.113542 0.173438 0.222917
