1 0.253606 0.834135 0.151442 0.182692
1 0.0817308 0.0276442 0.153846 0.0552885
1 0.454327 0.788462 0.149038 0.192308
1 0.375 0.0420673 0.1875 0.0841346
0 0.0600962 0.293269 0.120192 0.216346
0 0.229567 0.242788 0.0697115 0.0913462
1 0.177885 0.457933 0.129808 0.257212
0 0.786058 0.0745192 0.163462 0.149038
1 0.304087 0.734375 0.161058 0.180288
1 0.186298 0.0889423 0.146635 0.177885
0 0.671875 0.543269 0.199519 0.221154
0 0.519231 0.21274 0.197115 0.194712
1 0.883413 0.348558 0.137019 0.201923
1 0.0588942 0.294471 0.112981 0.213942
1 0.209135 0.605769 0.163462 0.192308
1 0.52524 0.741587 0.21875 0.161058
1 0.921875 0.0769231 0.15625 0.153846
0 0.715144 0.870192 0.0793269 0.100962
1 0.394231 0.935096 0.149038 0.129808
1 0.960337 0.612981 0.0793269 0.264423
1 0.653846 0.354567 0.134615 0.180288
1 0.78726 0.264423 0.151442 0.201923
1 0.518029 0.215144 0.185096 0.194712
1 0.783654 0.0745192 0.163462 0.149038
1 0.41226 0.112981 0.15625 0.206731
1 0.546875 0.0697115 0.151442 0.139423
1 0.111779 0.93149 0.180288 0.137019
1 0.671875 0.544471 0.199519 0.223558
2 0.36899 0.427885 0.367788 0.471154
1 0.83774 0.870192 0.170673 0.240385
