0 0.602344 0.186458 0.198437 0.24375
0 0.9625 0.3625 0.075 0.233333
0 0.0203125 0.0458333 0.040625 0.0916667
0 0.967188 0.103125 0.065625 0.19375
0 0.383594 0.940625 0.154687 0.114583
0 0.979688 0.596875 0.040625 0.222917
0 0.1625 0.03125 0.1875 0.0625
0 0.940625 0.0697917 0.1125 0.139583
0 0.532812 0.81875 0.1375 0.245833
0 0.132031 0.970833 0.142188 0.0583333
0 0.474219 0.597917 0.176563 0.2125
0 0.842188 0.958333 0.159375 0.0833333
0 0.0546875 0.540625 0.109375 0.247917
0 0.672656 0.409375 0.182812 0.222917
0 0.373437 0.547917 0.178125 0.2125
1 0.696875 0.74375 0.33125 0.429167
0 0.328125 0.79375 0.153125 0.245833
0 0.454688 0.0854167 0.15 0.170833
0 0.83125 0.321875 0.159375 0.214583
0 0.308594 0.0979167 0.151562 0.1875
0 0.249219 0.286458 0.170312 0.21875
0 0.339844 0.351042 0.179688 0.21875
0 0.879687 0.530208 0.1625 0.202083
0 0.174219 0.75 0.170312 0.220833
