0 0.015625 0.507292 0.03125 0.24375
0 0.05625 0.870833 0.1125 0.2125
0 0.49375 0.967708 0.19375 0.0645833
0 0.672656 0.08125 0.176563 0.1625
0 0.677344 0.528125 0.167187 0.20625
0 0.654688 0.891667 0.165625 0.2
0 0.973437 0.782292 0.053125 0.23125
0 0.842188 0.0916667 0.171875 0.183333
0 0.951563 0.220833 0.096875 0.25
0 0.0796875 0.14375 0.159375 0.2875
0 0.504687 0.739583 0.1375 0.1875
0 0.575781 0.78125 0.164062 0.2125
0 0.342187 0.904167 0.196875 0.183333
0 0.275781 0.45 0.170312 0.208333
0 0.523438 0.430208 0.14375 0.19375
0 0.832812 0.938542 0.190625 0.122917
0 0.178125 0.771875 0.15625 0.202083
0 0.590625 0.255208 0.165625 0.214583
0 0.0648438 0.673958 0.126563 0.164583
0 0.784375 0.722917 0.1625 0.229167
0 0.801562 0.351042 0.190625 0.214583
1 0.295312 0.177083 0.31875 0.354167
