1 0.0576923 0.578125 0.115385 0.237981
1 0.682692 0.759615 0.149038 0.221154
1 0.354567 0.813702 0.189904 0.228365
1 0.540865 0.682692 0.144231 0.25
1 0.606971 0.734375 0.165865 0.209135
1 0.0264423 0.888221 0.0528846 0.223558
0 0.925481 0.663462 0.149038 0.230769
1 0.126202 0.567308 0.141827 0.182692
1 0.930288 0.921875 0.139423 0.15625
1 0.795673 0.0649038 0.163462 0.129808
1 0.334135 0.0288462 0.192308 0.0576923
0 0.977163 0.485577 0.0456731 0.235577
1 0.120192 0.0288462 0.182692 0.0576923
0 0.909856 0.108173 0.180288 0.211538
1 0.133413 0.842548 0.170673 0.271635
1 0.328125 0.143029 0.170673 0.242788
1 0.0685096 0.352163 0.137019 0.21875
1 0.219952 0.966346 0.170673 0.0673077
1 0.694712 0.322115 0.158654 0.206731
1 0.788462 0.918269 0.158654 0.158654
1 0.911058 0.109375 0.177885 0.213942
1 0.59375 0.923077 0.1875 0.153846
1 0.927885 0.671875 0.144231 0.257212
1 0.360577 0.472356 0.158654 0.247596
2 0.540865 0.222356 0.302885 0.353365
1 0.673077 0.538462 0.173077 0.221154
