0 0.278125 0.861458 0.159375 0.20625
0 0.01875 0.639583 0.0375 0.1875
0 0.040625 0.838542 0.08125 0.20625
0 0.0648438 0.302083 0.123438 0.1875
1 0.405469 0.953125 0.170312 0.09375
0 0.213281 0.679167 0.170312 0.195833
0 0.872656 0.291667 0.160938 0.216667
0 0.0820312 0.79375 0.154687 0.220833
0 0.139844 0.955208 0.167187 0.0895833
0 0.06875 0.566667 0.1375 0.229167
0 0.149219 0.0635417 0.182812 0.127083
0 0.939062 0.198958 0.121875 0.235417
0 0.146875 0.458333 0.175 0.229167
0 0.404687 0.954167 0.16875 0.0916667
0 0.8 0.0583333 0.175 0.116667
0 0.948438 0.632292 0.103125 0.19375
0 0.35625 0.25625 0.15625 0.208333
0 0.682031 0.397917 0.157813 0.191667
0 0.564844 0.877083 0.179688 0.241667
0 0.678906 0.696875 0.154687 0.197917
1 0.80625 0.835417 0.35 0.316667
0 0.511719 0.457292 0.198437 0.20625
0 0.790625 0.219792 0.19375 0.222917
0 0.811719 0.619792 0.148438 0.185417
0 0.540625 0.142708 0.1875 0.227083
0 0.41875 0.675 0.19375 0.25
0 0.184375 0.209375 0.190625 0.247917
