0 0.0710938 0.930208 0.142188 0.139583
0 0.129688 0.484375 0.15 0.177083
0 0.379687 0.0260417 0.19375 0.0520833
0 0.189063 0.91875 0.140625 0.1625
0 0.653906 0.25625 0.157813 0.220833
0 0.96875 0.0885417 0.0625 0.177083
0 0.9375 0.623958 0.125 0.210417
0 0.725 0.0541667 0.15 0.108333
0 0.604688 0.55 0.140625 0.2
0 0.859375 0.2125 0.1875 0.254167
0 0.0335938 0.451042 0.0671875 0.247917
0 0.749219 0.934375 0.151562 0.13125
0 0.0828125 0.313542 0.146875 0.20625
0 0.7125 0.563542 0.15 0.160417
0 0.08125 0.797917 0.159375 0.245833
0 0.561719 0.132292 0.204688 0.264583
0 0.130469 0.108333 0.176563 0.216667
0 0.841406 0.594792 0.179688 0.185417
0 0.208594 0.604167 0.170312 0.270833
0 0.475781 0.5 0.173438 0.225
1 0.310156 0.851042 0.201562 0.28125
0 0.926562 0.384375 0.146875 0.210417
0 0.308594 0.2625 0.170312 0.2125
