0 0.894531 0.08125 0.179688 0.1625
0 0.7375 0.58125 0.16875 0.195833
0 0.0203125 0.8875 0.040625 0.183333
0 0.39375 0.241667 0.18125 0.208333
0 0.182812 0.53125 0.146875 0.204167
0 0.0914062 0.517708 0.170312 0.222917
0 0.0382813 0.678125 0.0765625 0.247917
0 0.949219 0.9375 0.101562 0.125
0 0.801562 0.1 0.184375 0.2
0 0.2125 0.0916667 0.14375 0.183333
0 0.754687 0.340625 0.18125 0.239583
0 0.960156 0.711458 0.0796875 0.235417
0 0.817187 0.821875 0.159375 0.202083
0 0.65625 0.394792 0.1625 0.210417
0 0.291406 0.298958 0.154687 0.21875
0 0.4375 0.0552083 0.15625 0.110417
0 0.692187 0.935417 0.146875 0.129167
0 0.953906 0.234375 0.0921875 0.239583
0 0.517187 0.929167 0.1875 0.141667
0 0.0796875 0.326042 0.159375 0.210417
0 0.553125 0.192708 0.19375 0.247917
1 0.184375 0.804167 0.3375 0.391667
0 0.407031 0.694792 0.170312 0.185417
0 0.425 0.460417 0.165625 0.220833
0 0.572656 0.739583 0.154687 0.204167
0 0.919531 0.460417 0.160938 0.2125
