0 0.169531 0.408333 0.207813 0.166667
0 0.0140625 0.0833333 0.028125 0.158333
0 0.29375 0.202083 0.171875 0.229167
0 0.978906 0.0958333 0.0421875 0.191667
0 0.0320312 0.763542 0.0640625 0.235417
0 0.0390625 0.497917 0.078125 0.2375
0 0.613281 0.85625 0.160938 0.2375
0 0.438281 0.0322917 0.142188 0.0645833
0 0.290625 0.0416667 0.146875 0.0833333
0 0.105469 0.8625 0.151562 0.216667
0 0.779688 0.84375 0.171875 0.204167
0 0.854688 0.0895833 0.178125 0.179167
0 0.5875 0.0791667 0.175 0.158333
0 0.963281 0.445833 0.0734375 0.233333
0 0.935938 0.847917 0.128125 0.216667
0 0.739844 0.625 0.198437 0.216667
0 0.414844 0.188542 0.145313 0.20625
0 0.3 0.527083 0.175 0.2125
0 0.517187 0.317708 0.146875 0.177083
0 0.586719 0.454167 0.189063 0.25
0 0.123438 0.0854167 0.153125 0.170833
0 0.70625 0.239583 0.15 0.204167
1 0.426562 0.779167 0.38125 0.441667
0 0.864062 0.328125 0.196875 0.247917
