0 0.0554687 0.034375 0.107813 0.06875
0 0.189063 0.322917 0.159375 0.204167
0 0.0367187 0.898958 0.0703125 0.202083
0 0.796094 0.958333 0.164062 0.0833333
0 0.225781 0.446875 0.129688 0.235417
0 0.733594 0.0447917 0.176563 0.0895833
0 0.566406 0.0520833 0.157813 0.104167
0 0.233594 0.223958 0.170312 0.210417
1 0.298438 0.804167 0.371875 0.391667
0 0.646875 0.902083 0.1875 0.195833
0 0.611719 0.673958 0.179688 0.260417
0 0.33125 0.075 0.175 0.15
0 0.596094 0.405208 0.167187 0.227083
0 0.0929687 0.709375 0.142188 0.239583
0 0.817969 0.140625 0.189063 0.235417
0 0.727344 0.378125 0.154687 0.210417
0 0.442187 0.546875 0.15625 0.18125
0 0.460938 0.251042 0.178125 0.189583
0 0.350781 0.384375 0.160938 0.189583
0 0.796094 0.610417 0.182812 0.2125
