0 0.495313 0.954167 0.171875 0.0916667
0 0.267969 0.328125 0.170312 0.210417
0 0.685938 0.840625 0.175 0.227083
0 0.0351562 0.0770833 0.0703125 0.154167
0 0.676562 0.654167 0.184375 0.2
0 0.971094 0.411458 0.0578125 0.20625
0 0.0960938 0.855208 0.176563 0.227083
0 0.0953125 0.096875 0.190625 0.189583
0 0.629687 0.0458333 0.234375 0.0916667
0 0.275 0.478125 0.178125 0.24375
0 0.435937 0.9125 0.1625 0.166667
0 0.96875 0.622917 0.0625 0.204167
0 0.288281 0.0989583 0.167187 0.19375
0 0.93125 0.830208 0.1375 0.23125
0 0.414844 0.672917 0.160938 0.270833
0 0.0695312 0.321875 0.135937 0.23125
0 0.93125 0.105208 0.1375 0.189583
1 0.465625 0.248958 0.3125 0.439583
0 0.857813 0.627083 0.171875 0.229167
0 0.11875 0.634375 0.18125 0.210417
0 0.26875 0.795833 0.165625 0.208333
0 0.854688 0.395833 0.165625 0.195833
