0 0.184375 0.028125 0.20625 0.05625
0 0.399219 0.0583333 0.182812 0.116667
0 0.0164062 0.230208 0.0328125 0.202083
0 0.366406 0.136458 0.185937 0.20625
0 0.125 0.395833 0.15 0.2
0 0.755469 0.896875 0.170312 0.20625
0 0.0992187 0.9 0.185937 0.191667
0 0.166406 0.735417 0.126563 0.195833
0 0.396094 0.954167 0.176563 0.0916667
0 0.780469 0.328125 0.176563 0.189583
0 0.594531 0.960417 0.160938 0.0791667
0 0.95625 0.884375 0.0875 0.20625
0 0.621875 0.0729167 0.146875 0.145833
0 0.0335938 0.533333 0.0671875 0.233333
0 0.159375 0.178125 0.190625 0.214583
0 0.825781 0.440625 0.160938 0.21875
0 0.707812 0.658333 0.178125 0.233333
1 0.361719 0.520833 0.323438 0.441667
0 0.934375 0.288542 0.13125 0.214583
0 0.297656 0.844792 0.160938 0.210417
0 0.536719 0.244792 0.173438 0.23125
0 0.835156 0.129167 0.173438 0.225
