0 0.949219 0.595833 0.0953125 0.216667
0 0.791406 0.491667 0.110937 0.133333
0 0.0203125 0.913542 0.040625 0.172917
0 0.971875 0.19375 0.05625 0.170833
0 0.0398437 0.448958 0.0796875 0.235417
0 0.679688 0.951042 0.178125 0.09375
0 0.954687 0.05625 0.090625 0.1125
0 0.771875 0.0427083 0.18125 0.0854167
0 0.442187 0.929167 0.153125 0.141667
0 0.232031 0.9375 0.173438 0.125
0 0.68125 0.234375 0.1625 0.214583
0 0.347656 0.813542 0.160938 0.197917
0 0.517187 0.748958 0.165625 0.214583
0 0.660156 0.485417 0.173438 0.229167
0 0.0773437 0.76875 0.154687 0.229167
1 0.361719 0.397917 0.360938 0.483333
0 0.882812 0.882292 0.171875 0.21875
0 0.263281 0.0875 0.192188 0.175
0 0.119531 0.303125 0.164062 0.21875
0 0.0898438 0.1125 0.164062 0.195833
0 0.209375 0.663542 0.1625 0.214583
0 0.703125 0.71875 0.18125 0.225
0 0.521875 0.121875 0.18125 0.227083
