0 0.482812 0.944792 0.2125 0.110417
0 0.559375 0.721875 0.18125 0.235417
0 0.065625 0.96875 0.13125 0.0625
0 0.489062 0.025 0.171875 0.05
0 0.9625 0.934375 0.075 0.13125
0 0.0195312 0.59375 0.0390625 0.229167
0 0.844531 0.457292 0.167187 0.252083
0 0.714063 0.959375 0.190625 0.08125
0 0.0671875 0.795833 0.134375 0.266667
0 0.846875 0.0614583 0.18125 0.11875
0 0.96875 0.751042 0.0625 0.25625
0 0.959375 0.529167 0.08125 0.2125
0 0.0625 0.353125 0.125 0.285417
0 0.646875 0.529167 0.165625 0.208333
0 0.140625 0.123958 0.15 0.239583
0 0.701563 0.31875 0.190625 0.229167
0 0.271875 0.702083 0.153125 0.216667
0 0.666406 0.111458 0.189063 0.222917
1 0.349219 0.251042 0.354688 0.45625
0 0.433594 0.5625 0.192188 0.204167
0 0.825781 0.859375 0.182812 0.214583
0 0.186719 0.908333 0.167187 0.183333
0 0.420312 0.785417 0.165625 0.2125
