0 0.0492188 0.151042 0.0984375 0.177083
0 0.565625 0.0708333 0.171875 0.141667
0 0.160938 0.580208 0.153125 0.222917
0 0.0414063 0.727083 0.0828125 0.2
0 0.858594 0.942708 0.189063 0.114583
0 0.60625 0.729167 0.15625 0.208333
0 0.385938 0.0729167 0.159375 0.145833
0 0.383594 0.223958 0.189063 0.20625
0 0.833594 0.040625 0.201562 0.08125
0 0.498437 0.808333 0.128125 0.175
0 0.535156 0.955208 0.189063 0.0895833
0 0.950781 0.475 0.0984375 0.229167
0 0.761719 0.7125 0.160938 0.204167
0 0.373437 0.832292 0.153125 0.177083
0 0.0828125 0.375 0.165625 0.233333
0 0.5125 0.205208 0.16875 0.214583
0 0.715625 0.820833 0.18125 0.1875
0 0.211719 0.246875 0.160938 0.177083
0 0.071875 0.860417 0.14375 0.204167
0 0.723437 0.496875 0.209375 0.197917
0 0.925 0.261458 0.15 0.210417
0 0.74375 0.233333 0.184375 0.245833
1 0.3625 0.516667 0.384375 0.475
