0 0.320913 0.0408654 0.252404 0.0817308
1 0.046875 0.403846 0.09375 0.221154
1 0.0877404 0.771635 0.141827 0.168269
1 0.515625 0.0420673 0.15625 0.0841346
1 0.657452 0.905048 0.175481 0.185096
0 0.307692 0.331731 0.264423 0.230769
1 0.311298 0.340144 0.257212 0.237981
1 0.941106 0.502404 0.117788 0.1875
1 0.546875 0.659856 0.170673 0.209135
1 0.0504808 0.046875 0.100962 0.09375
0 0.942308 0.0745192 0.110577 0.144231
0 0.965144 0.891827 0.0697115 0.201923
1 0.658654 0.444712 0.1875 0.254808
0 0.429087 0.924279 0.0600962 0.0745192
1 0.840144 0.450721 0.141827 0.165865
1 0.342548 0.151442 0.170673 0.177885
1 0.0829327 0.253606 0.141827 0.228365
0 0.219952 0.848558 0.161058 0.168269
0 0.961538 0.163462 0.0769231 0.158654
1 0.963942 0.893029 0.0721154 0.199519
0 0.34375 0.151442 0.173077 0.173077
1 0.944712 0.078125 0.110577 0.151442
0 0.518029 0.0408654 0.146635 0.0817308
1 0.221154 0.848558 0.163462 0.173077
1 0.489183 0.417067 0.161058 0.204327
1 0.914663 0.709135 0.170673 0.221154
2 0.234375 0.579327 0.252404 0.322115
