0 0.132812 0.217708 0.15 0.197917
0 0.259375 0.177083 0.13125 0.2375
0 0.192969 0.8625 0.176563 0.191667
0 0.471094 0.661458 0.173438 0.197917
0 0.265625 0.929167 0.16875 0.141667
0 0.0632813 0.926042 0.126563 0.147917
0 0.708594 0.141667 0.179688 0.275
0 0.499219 0.535417 0.176563 0.204167
0 0.752344 0.909375 0.154687 0.177083
0 0.601562 0.796875 0.14375 0.239583
0 0.760156 0.688542 0.176563 0.24375
0 0.6625 0.49375 0.1625 0.208333
0 0.0390625 0.261458 0.075 0.23125
0 0.13125 0.10625 0.1625 0.208333
0 0.526563 0.883333 0.190625 0.225
0 0.897656 0.126042 0.164062 0.235417
0 0.9 0.909375 0.15 0.18125
0 0.91875 0.726042 0.1625 0.210417
0 0.853906 0.520833 0.198437 0.225
1 0.454688 0.1625 0.371875 0.316667
0 0.253125 0.434375 0.1875 0.239583
