0 0.161719 0.0416667 0.195312 0.0833333
0 0.05 0.517708 0.1 0.185417
0 0.154687 0.93125 0.175 0.1375
0 0.277344 0.738542 0.176563 0.210417
1 0.428125 0.561458 0.31875 0.46875
0 0.534375 0.85625 0.190625 0.254167
0 0.794531 0.4125 0.195312 0.2125
0 0.621875 0.507292 0.14375 0.202083
0 0.0796875 0.321875 0.15625 0.235417
0 0.602344 0.29375 0.192188 0.195833
0 0.764063 0.908333 0.1625 0.183333
0 0.601562 0.0958333 0.184375 0.191667
0 0.33125 0.915625 0.16875 0.16875
0 0.917188 0.167708 0.165625 0.247917
0 0.385938 0.257292 0.165625 0.189583
0 0.0890625 0.760417 0.178125 0.254167
0 0.764063 0.180208 0.146875 0.21875
0 0.829687 0.616667 0.196875 0.229167
