0 0.460156 0.0666667 0.142188 0.133333
0 0.0203125 0.64375 0.040625 0.195833
0 0.26875 0.0458333 0.175 0.0916667
0 0.94375 0.296875 0.10625 0.210417
0 0.0375 0.364583 0.075 0.229167
0 0.590625 0.0625 0.1625 0.120833
0 0.664062 0.960417 0.159375 0.0791667
0 0.884375 0.0541667 0.128125 0.104167
0 0.815625 0.51875 0.159375 0.1875
0 0.796875 0.05 0.1625 0.1
0 0.0976562 0.821875 0.179688 0.19375
1 0.290625 0.248958 0.359375 0.460417
0 0.790625 0.366667 0.1375 0.208333
0 0.902344 0.678125 0.164062 0.177083
0 0.520312 0.290625 0.146875 0.227083
0 0.942187 0.504167 0.115625 0.179167
0 0.699219 0.897917 0.182812 0.195833
0 0.608594 0.672917 0.182812 0.204167
0 0.5125 0.530208 0.18125 0.185417
0 0.65625 0.346875 0.15625 0.21875
0 0.225781 0.929167 0.170312 0.141667
0 0.753125 0.697917 0.1375 0.175
0 0.882812 0.910417 0.184375 0.179167
0 0.255469 0.563542 0.182812 0.214583
0 0.410937 0.833333 0.165625 0.204167
