0 0.233594 0.38125 0.164062 0.2375
0 0.870313 0.90625 0.2125 0.1875
0 0.813281 0.0729167 0.217187 0.145833
0 0.0664062 0.929167 0.132812 0.141667
0 0.132031 0.0760417 0.176563 0.152083
0 0.0390625 0.169792 0.078125 0.302083
0 0.957031 0.854167 0.0828125 0.254167
0 0.396094 0.722917 0.173438 0.220833
0 0.948438 0.339583 0.103125 0.25
0 0.153906 0.927083 0.160938 0.1375
0 0.667188 0.203125 0.153125 0.210417
0 0.563281 0.0447917 0.176563 0.0895833
0 0.166406 0.258333 0.195312 0.229167
0 0.4 0.516667 0.15625 0.216667
0 0.261719 0.0864583 0.142188 0.164583
1 0.667969 0.753125 0.201562 0.260417
0 0.378906 0.29375 0.173438 0.2125
0 0.096875 0.497917 0.165625 0.245833
0 0.766406 0.386458 0.176563 0.227083
0 0.923437 0.591667 0.153125 0.216667
