0 0.220313 0.942708 0.125 0.114583
0 0.264062 0.0302083 0.21875 0.0604167
0 0.021875 0.719792 0.040625 0.235417
0 0.971875 0.615625 0.05625 0.210417
0 0.621875 0.9 0.15625 0.195833
0 0.321094 0.561458 0.145313 0.20625
0 0.153125 0.534375 0.18125 0.19375
0 0.196094 0.76875 0.157813 0.216667
0 0.928125 0.404167 0.14375 0.208333
0 0.429688 0.386458 0.21875 0.277083
0 0.06875 0.9 0.1375 0.2
0 0.624219 0.270833 0.185937 0.283333
0 0.921875 0.877083 0.15625 0.245833
0 0.608594 0.622917 0.154687 0.2125
1 0.395312 0.813542 0.365625 0.36875
0 0.8625 0.223958 0.1875 0.25625
