0 0.10625 0.482292 0.1375 0.260417
0 0.945312 0.969792 0.109375 0.0604167
0 0.832031 0.901042 0.157813 0.19375
0 0.83125 0.113542 0.14375 0.214583
0 0.979688 0.754167 0.040625 0.258333
0 0.201562 0.853125 0.171875 0.189583
0 0.875 0.848958 0.15625 0.214583
0 0.565625 0.96875 0.15 0.0625
0 0.710156 0.939583 0.148438 0.120833
0 0.0445312 0.395833 0.0890625 0.225
0 0.703125 0.05 0.121875 0.1
0 0.592969 0.046875 0.135937 0.09375
0 0.096875 0.677083 0.16875 0.2125
0 0.9375 0.33125 0.125 0.1625
0 0.455469 0.286458 0.170312 0.210417
0 0.267969 0.0802083 0.176563 0.15625
0 0.0882813 0.877083 0.148438 0.195833
0 0.629687 0.435417 0.190625 0.2125
0 0.566406 0.330208 0.145313 0.18125
0 0.405469 0.111458 0.164062 0.21875
0 0.525781 0.703125 0.120312 0.222917
0 0.065625 0.1375 0.13125 0.216667
0 0.409375 0.81875 0.18125 0.2125
0 0.809375 0.5125 0.20625 0.225
1 0.283594 0.55625 0.339063 0.4125
