0 0.365625 0.894792 0.175 0.197917
0 0.5375 0.239583 0.15 0.179167
0 0.961719 0.0895833 0.0765625 0.170833
0 0.0171875 0.826042 0.034375 0.20625
0 0.978125 0.716667 0.04375 0.275
0 0.735156 0.0552083 0.170312 0.110417
0 0.8625 0.425 0.15 0.195833
0 0.65 0.234375 0.159375 0.172917
0 0.253125 0.602083 0.171875 0.2125
0 0.482812 0.952083 0.159375 0.0958333
0 0.44375 0.208333 0.175 0.233333
0 0.945312 0.417708 0.109375 0.214583
0 0.116406 0.09375 0.167187 0.1875
0 0.769531 0.435417 0.170312 0.220833
0 0.911719 0.865625 0.160938 0.214583
0 0.894531 0.144792 0.170312 0.21875
1 0.208594 0.278125 0.232812 0.310417
0 0.592188 0.482292 0.165625 0.202083
