0 0.645433 0.919471 0.228365 0.161058
0 0.745192 0.884615 0.264423 0.216346
0 0.111779 0.944712 0.165865 0.110577
0 0.879808 0.555288 0.216346 0.245192
1 0.259615 0.695913 0.1875 0.228365
1 0.77524 0.878606 0.233173 0.237981
1 0.0733173 0.657452 0.146635 0.189904
1 0.237981 0.501202 0.173077 0.199519
1 0.766827 0.467548 0.182692 0.228365
1 0.469952 0.674279 0.209135 0.252404
0 0.657452 0.183894 0.0649038 0.0889423
0 0.430288 0.195913 0.0625 0.0793269
0 0.423077 0.88101 0.134615 0.161058
0 0.967548 0.609375 0.0649038 0.223558
0 0.147837 0.0420673 0.223558 0.0841346
1 0.114183 0.426683 0.185096 0.213942
1 0.427885 0.883413 0.144231 0.165865
0 0.284856 0.248798 0.180288 0.185096
1 0.282452 0.245192 0.175481 0.182692
1 0.948317 0.316106 0.103365 0.185096
1 0.816106 0.28726 0.165865 0.247596
1 0.850962 0.0865385 0.173077 0.173077
0 0.19351 0.192308 0.170673 0.1875
1 0.661058 0.0745192 0.206731 0.149038
2 0.47476 0.676683 0.204327 0.262019
1 0.447115 0.0865385 0.168269 0.173077
0 0.463942 0.405048 0.225962 0.213942
