0 0.817187 0.034375 0.159375 0.06875
0 0.9625 0.244792 0.075 0.235417
0 0.960938 0.933333 0.078125 0.133333
0 0.491406 0.345833 0.148438 0.225
0 0.426562 0.727083 0.184375 0.2375
0 0.0492188 0.6 0.0984375 0.170833
0 0.374219 0.289583 0.195312 0.254167
0 0.398438 0.89375 0.178125 0.208333
0 0.0859375 0.854167 0.171875 0.266667
0 0.649219 0.103125 0.173438 0.202083
0 0.246094 0.567708 0.173438 0.21875
0 0.951563 0.647917 0.096875 0.2125
0 0.54375 0.8875 0.16875 0.208333
0 0.814844 0.530208 0.189063 0.21875
1 0.11875 0.107292 0.215625 0.20625
0 0.646875 0.766667 0.165625 0.208333
0 0.767969 0.166667 0.173438 0.2
