0 0.51875 0.790625 0.16875 0.26875
0 0.564062 0.971875 0.153125 0.05625
0 0.0195312 0.641667 0.0390625 0.225
0 0.635938 0.0822917 0.146875 0.164583
1 0.51875 0.788542 0.1625 0.264583
1 0.4125 0.236458 0.4125 0.46875
0 0.0453125 0.264583 0.0875 0.245833
0 0.960938 0.864583 0.078125 0.254167
0 0.971875 0.158333 0.05625 0.204167
0 0.379687 0.933333 0.146875 0.133333
0 0.653125 0.630208 0.196875 0.235417
0 0.674219 0.777083 0.167187 0.229167
0 0.107813 0.0708333 0.171875 0.141667
0 0.221875 0.939583 0.128125 0.120833
0 0.654688 0.339583 0.153125 0.266667
0 0.95 0.588542 0.1 0.197917
0 0.0640625 0.898958 0.128125 0.202083
0 0.357031 0.542708 0.185937 0.227083
0 0.783594 0.0979167 0.160938 0.195833
0 0.107813 0.519792 0.165625 0.235417
0 0.217969 0.742708 0.195312 0.214583
0 0.886719 0.339583 0.160938 0.208333
