1 0.111779 0.0216346 0.180288 0.0432692
1 0.963942 0.393029 0.0721154 0.276442
0 0.878606 0.259615 0.0697115 0.100962
1 0.478365 0.0252404 0.153846 0.0504808
1 0.74399 0.21274 0.165865 0.204327
1 0.643029 0.361779 0.137019 0.213942
1 0.106971 0.408654 0.165865 0.177885
1 0.0276442 0.944712 0.0504808 0.110577
1 0.632212 0.105769 0.125 0.153846
1 0.513221 0.927885 0.15625 0.144231
1 0.546875 0.840144 0.127404 0.223558
1 0.548077 0.376202 0.1875 0.276442
1 0.616587 0.830529 0.117788 0.199519
1 0.740385 0.871394 0.173077 0.257212
1 0.201923 0.463942 0.149038 0.245192
1 0.963942 0.0817308 0.0721154 0.153846
1 0.760817 0.634615 0.175481 0.25
1 0.0841346 0.203125 0.158654 0.199519
1 0.816106 0.0540865 0.194712 0.108173
1 0.782452 0.387019 0.161058 0.206731
1 0.530048 0.640625 0.175481 0.228365
1 0.234375 0.0841346 0.161058 0.168269
1 0.405048 0.175481 0.165865 0.225962
2 0.116587 0.703125 0.233173 0.319712
1 0.356971 0.825721 0.15625 0.194712
1 0.328125 0.388221 0.146635 0.194712
