0 0.9125 0.955208 0.16875 0.0854167
0 0.932031 0.910417 0.135937 0.170833
0 0.071875 0.0833333 0.14375 0.166667
0 0.0609375 0.204167 0.121875 0.241667
0 0.614844 0.363542 0.142188 0.197917
0 0.776563 0.0791667 0.178125 0.158333
0 0.404687 0.05625 0.165625 0.108333
0 0.5125 0.0520833 0.15625 0.1
0 0.960938 0.6 0.078125 0.2
0 0.328906 0.25625 0.142188 0.191667
0 0.921094 0.102083 0.157813 0.204167
0 0.422656 0.358333 0.160938 0.191667
0 0.0335938 0.454167 0.0640625 0.216667
0 0.692187 0.65625 0.196875 0.2125
0 0.491406 0.621875 0.185937 0.20625
0 0.767969 0.29375 0.192188 0.241667
0 0.872656 0.732292 0.157813 0.235417
1 0.275781 0.802083 0.364062 0.395833
0 0.884375 0.464583 0.15625 0.204167
0 0.185156 0.328125 0.151562 0.214583
