0 0.982813 0.869792 0.034375 0.260417
0 0.846875 0.51875 0.15 0.225
0 0.947656 0.427083 0.104687 0.270833
0 0.632812 0.021875 0.21875 0.04375
0 0.578125 0.372917 0.1875 0.170833
0 0.788281 0.578125 0.151562 0.235417
0 0.910937 0.177083 0.171875 0.241667
0 0.160156 0.713542 0.154687 0.18125
0 0.0398437 0.395833 0.0796875 0.2625
0 0.0984375 0.046875 0.190625 0.09375
0 0.571875 0.540625 0.19375 0.239583
0 0.671094 0.401042 0.151562 0.19375
0 0.892187 0.826042 0.159375 0.23125
0 0.13125 0.4625 0.140625 0.216667
0 0.267188 0.0979167 0.190625 0.195833
0 0.446875 0.91875 0.15625 0.1625
1 0.317969 0.388542 0.289062 0.377083
0 0.719531 0.779167 0.157813 0.2
