1 0.675481 0.679087 0.100962 0.141827
1 0.393029 0.454327 0.15625 0.206731
0 0.237981 0.882212 0.1875 0.211538
1 0.0384615 0.0564904 0.0769231 0.112981
1 0.467548 0.433894 0.209135 0.233173
1 0.867788 0.955529 0.225962 0.0889423
1 0.0901442 0.627404 0.170673 0.230769
1 0.271635 0.917067 0.139423 0.151442
1 0.536058 0.935096 0.216346 0.129808
1 0.754808 0.945913 0.163462 0.108173
0 0.961538 0.21875 0.0769231 0.211538
1 0.235577 0.88101 0.182692 0.213942
1 0.891827 0.117788 0.163462 0.197115
1 0.777644 0.46875 0.189904 0.216346
1 0.742788 0.229567 0.1875 0.213942
1 0.960337 0.222356 0.0793269 0.209135
0 0.300481 0.513221 0.158654 0.170673
1 0.200721 0.216346 0.204327 0.259615
1 0.21274 0.0456731 0.151442 0.0913462
1 0.608173 0.09375 0.173077 0.1875
1 0.137019 0.41226 0.173077 0.233173
1 0.542067 0.211538 0.170673 0.216346
1 0.84375 0.725962 0.182692 0.230769
1 0.944712 0.5 0.110577 0.221154
1 0.299279 0.513221 0.151442 0.175481
2 0.533654 0.706731 0.225962 0.365385
1 0.0901442 0.884615 0.165865 0.216346
