0 0.280048 0.742788 0.175481 0.192308
1 0.0516827 0.513221 0.103365 0.185096
0 0.0516827 0.513221 0.103365 0.180288
1 0.0805288 0.326923 0.161058 0.240385
0 0.385817 0.258413 0.170673 0.185096
0 0.711538 0.727163 0.0865385 0.0985577
0 0.602163 0.0973558 0.189904 0.194712
0 0.0817308 0.323317 0.163462 0.237981
0 0.795673 0.411058 0.197115 0.206731
0 0.605769 0.298077 0.197115 0.1875
1 0.278846 0.739183 0.173077 0.199519
0 0.159856 0.0408654 0.189904 0.0817308
1 0.605769 0.298077 0.192308 0.1875
1 0.155048 0.93149 0.175481 0.132212
1 0.604567 0.0961538 0.185096 0.192308
1 0.533654 0.855769 0.197115 0.259615
1 0.623798 0.508413 0.146635 0.204327
1 0.794471 0.409856 0.194712 0.209135
2 0.433894 0.548077 0.324519 0.456731
1 0.387019 0.25601 0.173077 0.185096
1 0.835337 0.615385 0.194712 0.230769
1 0.766827 0.907452 0.168269 0.185096
1 0.331731 0.915865 0.168269 0.168269
1 0.915865 0.165865 0.168269 0.254808
1 0.763221 0.175481 0.141827 0.221154
1 0.0889423 0.763221 0.177885 0.257212
