0 0.165625 0.627083 0.175 0.225
0 0.357812 0.630208 0.146875 0.197917
0 0.950781 0.566667 0.0984375 0.254167
0 0.0398437 0.7125 0.0796875 0.2
0 0.926562 0.888542 0.1375 0.202083
0 0.733594 0.883333 0.182812 0.229167
0 0.0726563 0.371875 0.145313 0.285417
0 0.467969 0.205208 0.160938 0.202083
0 0.185937 0.1375 0.165625 0.204167
0 0.0625 0.105208 0.125 0.210417
0 0.799219 0.197917 0.192188 0.270833
0 0.05 0.56875 0.1 0.195833
0 0.1125 0.95625 0.165625 0.0833333
0 0.471875 0.589583 0.1375 0.2375
0 0.484375 0.391667 0.1625 0.2
0 0.2 0.751042 0.15625 0.18125
0 0.553125 0.144792 0.178125 0.210417
0 0.314063 0.422917 0.1375 0.2125
0 0.903125 0.0489583 0.16875 0.0979167
0 0.576563 0.905208 0.159375 0.185417
0 0.302344 0.242708 0.157813 0.197917
0 0.657031 0.189583 0.157813 0.233333
0 0.310937 0.833333 0.159375 0.225
0 0.223438 0.423958 0.15625 0.197917
0 0.950781 0.303125 0.0984375 0.23125
0 0.879687 0.673958 0.159375 0.21875
1 0.674219 0.601042 0.326562 0.410417
