0 0.440625 0.723958 0.1375 0.202083
0 0.479688 0.0291667 0.125 0.0541667
0 0.202344 0.796875 0.164062 0.23125
0 0.8375 0.584375 0.1625 0.222917
0 0.217187 0.0916667 0.1875 0.183333
0 0.040625 0.325 0.08125 0.220833
0 0.110937 0.876042 0.16875 0.23125
0 0.114844 0.108333 0.145313 0.2
0 0.178906 0.344792 0.195312 0.26875
0 0.0578125 0.553125 0.115625 0.185417
0 0.320312 0.521875 0.171875 0.197917
0 0.150781 0.59375 0.148438 0.204167
0 0.628125 0.429167 0.159375 0.208333
0 0.370313 0.728125 0.15625 0.210417
0 0.622656 0.921875 0.198437 0.15625
0 0.476562 0.48125 0.153125 0.229167
0 0.735937 0.617708 0.159375 0.20625
0 0.921875 0.516667 0.15625 0.166667
0 0.865625 0.929167 0.153125 0.141667
1 0.682813 0.172917 0.371875 0.345833
0 0.944531 0.723958 0.110937 0.20625
0 0.358594 0.308333 0.135937 0.2
0 0.875 0.345833 0.15 0.179167
