1 0.0264423 0.93149 0.0528846 0.137019
1 0.817308 0.944712 0.230769 0.110577
1 0.0204327 0.225962 0.0408654 0.245192
1 0.358173 0.480769 0.177885 0.1875
0 0.356971 0.163462 0.175481 0.192308
1 0.877404 0.838942 0.182692 0.192308
1 0.522837 0.0901442 0.175481 0.180288
0 0.938702 0.920673 0.0745192 0.0769231
0 0.628606 0.573317 0.199519 0.228365
1 0.352163 0.163462 0.165865 0.1875
0 0.96274 0.228365 0.0745192 0.269231
1 0.698317 0.0348558 0.146635 0.0697115
1 0.170673 0.280048 0.1875 0.199519
1 0.965144 0.227163 0.0697115 0.247596
0 0.941106 0.61899 0.117788 0.21875
1 0.211538 0.105769 0.158654 0.211538
1 0.752404 0.425481 0.120192 0.182692
1 0.552885 0.796875 0.192308 0.266827
1 0.942308 0.616587 0.115385 0.223558
1 0.538462 0.271635 0.153846 0.192308
1 0.664663 0.11899 0.15625 0.194712
2 0.145433 0.713942 0.290865 0.413462
1 0.877404 0.418269 0.168269 0.225962
1 0.628606 0.574519 0.189904 0.221154
1 0.0697115 0.413462 0.139423 0.192308
