0 0.757031 0.0229167 0.120312 0.0458333
0 0.61875 0.904167 0.15 0.183333
0 0.952344 0.689583 0.0953125 0.195833
0 0.274219 0.0552083 0.154687 0.110417
0 0.235156 0.395833 0.132812 0.1875
0 0.369531 0.0479167 0.142188 0.0958333
0 0.554688 0.732292 0.14375 0.197917
0 0.721094 0.494792 0.176563 0.189583
0 0.90625 0.911458 0.1875 0.172917
0 0.178906 0.8125 0.154687 0.204167
0 0.642187 0.0520833 0.175 0.104167
0 0.132031 0.0447917 0.160938 0.0895833
0 0.294531 0.807292 0.182812 0.21875
0 0.0460938 0.0614583 0.0890625 0.114583
0 0.317187 0.965625 0.165625 0.06875
0 0.302344 0.416667 0.129688 0.191667
0 0.0601562 0.95625 0.117188 0.0875
0 0.844531 0.660417 0.160938 0.233333
0 0.0664062 0.5375 0.132812 0.2625
0 0.692969 0.688542 0.179688 0.285417
0 0.0476562 0.284375 0.0953125 0.20625
0 0.798437 0.41875 0.171875 0.220833
0 0.485156 0.838542 0.185937 0.23125
0 0.904688 0.0927083 0.190625 0.18125
1 0.452344 0.251042 0.264062 0.385417
0 0.213281 0.595833 0.167187 0.2125
