1 0.348558 0.0492788 0.182692 0.0985577
1 0.115385 0.0348558 0.173077 0.0697115
0 0.115385 0.0348558 0.173077 0.0697115
0 0.364183 0.859375 0.0360577 0.0456731
0 0.448317 0.555288 0.0408654 0.0576923
1 0.0528846 0.444712 0.105769 0.201923
0 0.0540865 0.455529 0.108173 0.223558
0 0.945913 0.135817 0.108173 0.257212
0 0.0576923 0.222356 0.110577 0.21875
0 0.350962 0.507212 0.1875 0.197115
0 0.348558 0.0480769 0.182692 0.0961538
0 0.0625 0.876202 0.120192 0.199519
1 0.0564904 0.22476 0.112981 0.21875
1 0.9375 0.963942 0.125 0.0721154
1 0.0600962 0.876202 0.120192 0.204327
1 0.289663 0.955529 0.165865 0.0889423
1 0.805288 0.71274 0.168269 0.228365
1 0.251202 0.746394 0.170673 0.237981
1 0.0733173 0.643029 0.146635 0.237981
2 0.533654 0.741587 0.423077 0.516827
1 0.34976 0.507212 0.189904 0.197115
1 0.930288 0.792067 0.139423 0.199519
1 0.65024 0.104567 0.170673 0.209135
1 0.612981 0.379808 0.163462 0.201923
1 0.784856 0.301683 0.185096 0.257212
1 0.433894 0.305288 0.170673 0.240385
