0 0.55625 0.0927083 0.175 0.185417
0 0.910156 0.0479167 0.179688 0.0958333
0 0.364062 0.90625 0.171875 0.179167
0 0.729688 0.078125 0.215625 0.15625
0 0.0304688 0.911458 0.0609375 0.177083
0 0.467969 0.921875 0.160938 0.15625
0 0.946875 0.284375 0.10625 0.227083
0 0.919531 0.18125 0.160938 0.220833
0 0.623438 0.278125 0.209375 0.252083
0 0.1375 0.14375 0.196875 0.2125
0 0.805469 0.740625 0.117188 0.19375
0 0.701563 0.538542 0.1625 0.214583
0 0.388281 0.735417 0.179688 0.220833
0 0.028125 0.451042 0.053125 0.222917
0 0.778125 0.564583 0.165625 0.220833
0 0.392969 0.0885417 0.157813 0.172917
0 0.946875 0.784375 0.10625 0.23125
0 0.544531 0.63125 0.154687 0.254167
0 0.221094 0.578125 0.154687 0.20625
1 0.330469 0.367708 0.251563 0.297917
