0 0.107813 0.483333 0.1625 0.2
0 0.217969 0.970833 0.192188 0.0583333
0 0.725781 0.942708 0.0890625 0.10625
0 0.382031 0.342708 0.129688 0.28125
0 0.885938 0.9625 0.18125 0.075
0 0.120312 0.264583 0.178125 0.195833
0 0.05625 0.464583 0.1125 0.195833
0 0.392188 0.06875 0.1375 0.133333
0 0.0257812 0.891667 0.0515625 0.208333
0 0.238281 0.884375 0.157813 0.160417
0 0.91875 0.914583 0.1625 0.1625
0 0.282031 0.0760417 0.170312 0.152083
0 0.333594 0.598958 0.167187 0.202083
0 0.679688 0.0541667 0.153125 0.108333
0 0.417188 0.940625 0.1875 0.11875
0 0.951563 0.477083 0.096875 0.216667
0 0.619531 0.840625 0.182812 0.25625
0 0.107031 0.144792 0.198437 0.227083
0 0.699219 0.225 0.154687 0.2125
0 0.246875 0.763542 0.184375 0.214583
0 0.423438 0.776042 0.171875 0.214583
1 0.545313 0.507292 0.35625 0.472917
0 0.0703125 0.697917 0.140625 0.2125
0 0.260156 0.409375 0.145313 0.210417
0 0.815625 0.104167 0.16875 0.208333
0 0.529688 0.157292 0.153125 0.210417
0 0.922656 0.70625 0.154687 0.2125
0 0.754687 0.675 0.165625 0.229167
0 0.832812 0.353125 0.1875 0.247917
