1 0.116587 0.967548 0.151442 0.0649038
1 0.0444712 0.961538 0.0889423 0.0769231
1 0.960337 0.641827 0.0745192 0.245192
0 0.0180288 0.78726 0.0360577 0.0889423
1 0.0420673 0.0324519 0.0841346 0.0649038
0 0.6875 0.710337 0.153846 0.15625
0 0.725962 0.890625 0.197115 0.199519
1 0.189904 0.288462 0.168269 0.216346
1 0.549279 0.0877404 0.165865 0.175481
1 0.258413 0.198317 0.15625 0.185096
0 0.96274 0.925481 0.0745192 0.149038
0 0.581731 0.882212 0.0769231 0.105769
1 0.0865385 0.457933 0.173077 0.204327
1 0.242788 0.96875 0.129808 0.0625
0 0.965144 0.325721 0.0697115 0.108173
1 0.798077 0.0432692 0.177885 0.0865385
1 0.697115 0.170673 0.168269 0.163462
1 0.100962 0.817308 0.177885 0.221154
0 0.882212 0.620192 0.192308 0.201923
0 0.105769 0.627404 0.1875 0.192308
0 0.0865385 0.460337 0.173077 0.199519
1 0.361779 0.0637019 0.204327 0.127404
1 0.28125 0.769231 0.158654 0.216346
1 0.961538 0.104567 0.0721154 0.209135
1 0.6875 0.709135 0.153846 0.163462
1 0.884615 0.621394 0.192308 0.204327
1 0.105769 0.628606 0.182692 0.194712
1 0.854567 0.183894 0.151442 0.252404
1 0.179087 0.0889423 0.15625 0.168269
1 0.465144 0.356971 0.165865 0.237981
1 0.454327 0.927885 0.168269 0.144231
1 0.72476 0.893029 0.194712 0.199519
1 0.335337 0.399038 0.170673 0.225962
1 0.078125 0.268029 0.15625 0.199519
1 0.50601 0.725962 0.161058 0.254808
2 0.659856 0.424279 0.334135 0.415865
