0 0.86875 0.976042 0.178125 0.0479167
0 0.0335938 0.220833 0.0671875 0.216667
0 0.0546875 0.05 0.109375 0.1
0 0.4875 0.964583 0.2125 0.0708333
0 0.167187 0.957292 0.109375 0.0854167
0 0.139062 0.314583 0.1875 0.220833
0 0.0882813 0.0822917 0.142188 0.164583
0 0.342969 0.0291667 0.151562 0.0583333
0 0.05 0.948958 0.1 0.102083
0 0.14375 0.516667 0.140625 0.191667
0 0.9375 0.0572917 0.125 0.114583
0 0.651563 0.3875 0.146875 0.175
0 0.235156 0.826042 0.167187 0.235417
0 0.0460938 0.654167 0.0921875 0.216667
0 0.0492188 0.483333 0.0984375 0.195833
0 0.371875 0.152083 0.15 0.191667
0 0.4125 0.832292 0.18125 0.189583
0 0.241406 0.133333 0.154687 0.220833
0 0.9375 0.313542 0.125 0.20625
0 0.799219 0.0916667 0.151562 0.183333
0 0.81875 0.446875 0.16875 0.23125
0 0.920313 0.8625 0.159375 0.208333
0 0.796875 0.7 0.178125 0.208333
0 0.716406 0.888542 0.157813 0.21875
0 0.655469 0.194792 0.167187 0.210417
1 0.370313 0.520833 0.390625 0.483333
