0 0.736719 0.914583 0.176563 0.170833
0 0.920313 0.946875 0.159375 0.10625
0 0.539062 0.977083 0.165625 0.0458333
0 0.482031 0.446875 0.198437 0.247917
0 0.265625 0.034375 0.16875 0.06875
0 0.91875 0.420833 0.159375 0.208333
0 0.883594 0.86875 0.176563 0.1875
0 0.367969 0.975 0.173438 0.05
0 0.80625 0.483333 0.1625 0.179167
0 0.3875 0.455208 0.140625 0.23125
0 0.138281 0.128125 0.154687 0.197917
0 0.741406 0.419792 0.151562 0.185417
0 0.0492188 0.83125 0.0984375 0.2125
0 0.9125 0.175 0.16875 0.220833
0 0.028125 0.158333 0.05625 0.225
0 0.796875 0.255208 0.153125 0.197917
0 0.145313 0.882292 0.171875 0.19375
0 0.602344 0.510417 0.167187 0.220833
0 0.907031 0.679167 0.164062 0.225
0 0.351562 0.714583 0.159375 0.208333
0 0.478125 0.720833 0.1625 0.208333
0 0.0882813 0.330208 0.154687 0.20625
0 0.246094 0.354167 0.176563 0.220833
0 0.75625 0.719792 0.16875 0.20625
1 0.490625 0.173958 0.334375 0.347917
0 0.204688 0.616667 0.171875 0.2
