0 0.585156 0.197917 0.145313 0.2375
0 0.828906 0.977083 0.170312 0.0416667
0 0.972656 0.689583 0.0546875 0.191667
0 0.759375 0.4125 0.1625 0.2
0 0.194531 0.034375 0.192188 0.06875
0 0.575 0.0322917 0.16875 0.0645833
0 0.870313 0.7625 0.14375 0.183333
0 0.970312 0.0489583 0.059375 0.0979167
0 0.486719 0.947917 0.176563 0.104167
0 0.816406 0.344792 0.154687 0.197917
0 0.314063 0.95 0.171875 0.0958333
0 0.0945313 0.96875 0.157813 0.0625
0 0.859375 0.648958 0.16875 0.210417
0 0.0328125 0.488542 0.065625 0.189583
0 0.204688 0.810417 0.175 0.2375
0 0.347656 0.445833 0.132812 0.275
0 0.0828125 0.0739583 0.146875 0.14375
0 0.667969 0.186458 0.192188 0.252083
0 0.94375 0.523958 0.1125 0.202083
0 0.107813 0.81875 0.16875 0.245833
0 0.9625 0.907292 0.075 0.185417
0 0.385938 0.0583333 0.159375 0.116667
0 0.0796875 0.282292 0.159375 0.214583
0 0.913281 0.171875 0.173438 0.23125
0 0.617969 0.4125 0.164062 0.2125
0 0.4875 0.535417 0.16875 0.2125
0 0.210938 0.405208 0.146875 0.19375
0 0.171094 0.58125 0.170312 0.204167
0 0.411719 0.769792 0.176563 0.227083
0 0.294531 0.19375 0.182812 0.195833
1 0.640625 0.76875 0.34375 0.429167
