1 0.853365 0.50601 0.182692 0.204327
0 0.914663 0.0913462 0.170673 0.182692
0 0.0552885 0.439904 0.110577 0.259615
0 0.960337 0.441106 0.0793269 0.209135
1 0.695913 0.0721154 0.146635 0.144231
0 0.0240385 0.157452 0.0480769 0.247596
1 0.0564904 0.433894 0.108173 0.266827
0 0.293269 0.429087 0.211538 0.266827
1 0.451923 0.627404 0.201923 0.1875
0 0.459135 0.627404 0.211538 0.197115
0 0.419471 0.254808 0.185096 0.225962
1 0.923077 0.0949519 0.153846 0.189904
1 0.245192 0.896635 0.201923 0.192308
0 0.28726 0.6875 0.189904 0.221154
0 0.698317 0.816106 0.170673 0.189904
1 0.53125 0.831731 0.129808 0.225962
2 0.0685096 0.758413 0.132212 0.367788
1 0.0673077 0.762019 0.134615 0.370192
1 0.913462 0.348558 0.153846 0.197115
1 0.625 0.268029 0.177885 0.199519
1 0.284856 0.6875 0.185096 0.221154
1 0.698317 0.814904 0.165865 0.192308
0 0.0949519 0.963942 0.146635 0.0721154
1 0.442308 0.498798 0.1875 0.21875
0 0.246394 0.897837 0.199519 0.185096
1 0.294471 0.43149 0.209135 0.262019
1 0.758413 0.495192 0.180288 0.206731
1 0.918269 0.929087 0.163462 0.141827
1 0.266827 0.152644 0.1875 0.252404
1 0.419471 0.25601 0.180288 0.223558
1 0.888221 0.737981 0.175481 0.221154
