1 0.953125 0.460337 0.09375 0.242788
0 0.129808 0.947115 0.192308 0.105769
0 0.0528846 0.823317 0.105769 0.252404
0 0.247596 0.715144 0.211538 0.257212
1 0.0588942 0.370192 0.117788 0.182692
1 0.246394 0.71875 0.204327 0.264423
1 0.47476 0.122596 0.141827 0.201923
1 0.114183 0.594952 0.127404 0.213942
1 0.776442 0.295673 0.206731 0.269231
1 0.5625 0.677885 0.182692 0.235577
0 0.954327 0.459135 0.0913462 0.245192
1 0.532452 0.90625 0.127404 0.182692
1 0.914663 0.664663 0.161058 0.180288
1 0.272837 0.0552885 0.170673 0.110577
1 0.0372596 0.112981 0.0745192 0.225962
1 0.899038 0.811298 0.1875 0.21875
1 0.295673 0.944712 0.192308 0.105769
1 0.545673 0.341346 0.173077 0.278846
2 0.777644 0.299279 0.204327 0.271635
1 0.935096 0.0889423 0.129808 0.177885
1 0.185096 0.257212 0.177885 0.269231
1 0.377404 0.460337 0.173077 0.209135
1 0.640625 0.103365 0.180288 0.206731
1 0.391827 0.149038 0.149038 0.211538
