0 0.407031 0.979167 0.167187 0.0416667
1 0.274219 0.108333 0.154687 0.216667
0 0.228125 0.308333 0.1625 0.1875
0 0.470313 0.216667 0.159375 0.2
0 0.232031 0.960417 0.157813 0.0791667
0 0.960938 0.902083 0.078125 0.170833
0 0.970312 0.76875 0.059375 0.195833
0 0.835938 0.113542 0.146875 0.202083
0 0.0867188 0.50625 0.170312 0.195833
0 0.790625 0.832292 0.15625 0.197917
0 0.746875 0.0645833 0.1375 0.129167
0 0.028125 0.0864583 0.05625 0.172917
0 0.957812 0.121875 0.084375 0.177083
0 0.274219 0.108333 0.151562 0.2125
0 0.4375 0.104167 0.15625 0.195833
0 0.674219 0.290625 0.214062 0.20625
0 0.964063 0.517708 0.071875 0.23125
0 0.854688 0.721875 0.1625 0.202083
0 0.575 0.9375 0.140625 0.125
0 0.04375 0.832292 0.0875 0.24375
0 0.734375 0.934375 0.153125 0.13125
0 0.161719 0.838542 0.145313 0.202083
0 0.122656 0.126042 0.148438 0.20625
0 0.674219 0.494792 0.189063 0.189583
0 0.59375 0.0822917 0.18125 0.164583
0 0.391406 0.345833 0.151562 0.195833
1 0.321094 0.691667 0.245312 0.333333
0 0.529688 0.7625 0.184375 0.233333
0 0.860937 0.433333 0.171875 0.225
