1 0.860577 0.933894 0.153846 0.132212
1 0.157452 0.0841346 0.146635 0.168269
0 0.955529 0.919471 0.0889423 0.15625
1 0.74399 0.399038 0.165865 0.182692
1 0.854567 0.391827 0.161058 0.201923
0 0.322115 0.731971 0.201923 0.209135
0 0.302885 0.908654 0.158654 0.177885
1 0.586538 0.0673077 0.158654 0.129808
0 0.847356 0.391827 0.165865 0.192308
1 0.25 0.28726 0.201923 0.233173
1 0.358173 0.490385 0.182692 0.216346
1 0.948317 0.614183 0.103365 0.213942
1 0.325721 0.729567 0.194712 0.213942
1 0.442308 0.0612981 0.153846 0.122596
0 0.746394 0.396635 0.170673 0.177885
1 0.293269 0.0877404 0.177885 0.175481
0 0.358173 0.492788 0.173077 0.211538
1 0.715144 0.558894 0.175481 0.199519
0 0.138221 0.34375 0.0649038 0.0865385
0 0.948317 0.614183 0.103365 0.209135
0 0.872596 0.739183 0.1875 0.213942
0 0.71274 0.558894 0.170673 0.194712
1 0.858173 0.236779 0.168269 0.213942
0 0.509615 0.270433 0.216346 0.209135
1 0.0853365 0.18149 0.165865 0.228365
1 0.872596 0.739183 0.192308 0.21875
1 0.574519 0.80649 0.375 0.382212
