0 0.547656 0.959375 0.0546875 0.0729167
0 0.782812 0.94375 0.190625 0.1125
0 0.817187 0.257292 0.184375 0.222917
0 0.14375 0.925 0.16875 0.15
0 0.379687 0.377083 0.15625 0.204167
0 0.916406 0.916667 0.139062 0.158333
0 0.308594 0.0614583 0.176563 0.122917
0 0.289844 0.8375 0.160938 0.225
0 0.366406 0.95 0.167187 0.1
0 0.892187 0.294792 0.146875 0.185417
0 0.10625 0.207292 0.1875 0.26875
0 0.958594 0.585417 0.0828125 0.270833
0 0.379687 0.807292 0.153125 0.21875
0 0.8875 0.735417 0.19375 0.245833
0 0.826563 0.090625 0.18125 0.18125
0 0.238281 0.573958 0.170312 0.202083
0 0.0695312 0.636458 0.139062 0.23125
1 0.435937 0.133333 0.203125 0.2625
0 0.401563 0.5625 0.171875 0.216667
