0 0.05625 0.748958 0.1125 0.23125
0 0.0421875 0.35625 0.084375 0.1875
0 0.904688 0.0729167 0.165625 0.145833
0 0.846875 0.0520833 0.19375 0.104167
0 0.0429688 0.536458 0.0859375 0.16875
0 0.785937 0.903125 0.128125 0.16875
0 0.63125 0.58125 0.16875 0.170833
0 0.851562 0.436458 0.178125 0.20625
0 0.388281 0.663542 0.145313 0.177083
0 0.492188 0.775 0.1625 0.2
0 0.0765625 0.151042 0.15 0.222917
0 0.696875 0.914583 0.165625 0.170833
0 0.972656 0.577083 0.0546875 0.2125
0 0.973437 0.284375 0.053125 0.222917
0 0.769531 0.557292 0.145313 0.197917
0 0.385156 0.467708 0.201562 0.25625
0 0.671094 0.0770833 0.179688 0.154167
0 0.2875 0.939583 0.178125 0.120833
0 0.105469 0.420833 0.154687 0.183333
0 0.599219 0.9125 0.167187 0.170833
0 0.639844 0.720833 0.154687 0.208333
0 0.113281 0.916667 0.148438 0.166667
0 0.467187 0.0895833 0.178125 0.175
1 0.574219 0.345833 0.323438 0.333333
0 0.308594 0.109375 0.173438 0.21875
0 0.228906 0.688542 0.164062 0.202083
