0 0.165625 0.021875 0.153125 0.04375
1 0.791406 0.2375 0.132812 0.225
0 0.01875 0.6875 0.0375 0.2125
0 0.799219 0.046875 0.170312 0.09375
0 0.0789063 0.717708 0.148438 0.214583
0 0.79375 0.238542 0.13125 0.214583
0 0.733594 0.925 0.170312 0.15
0 0.265625 0.707292 0.165625 0.20625
0 0.957812 0.284375 0.084375 0.19375
0 0.959375 0.134375 0.078125 0.227083
0 0.0742188 0.903125 0.148438 0.19375
0 0.730469 0.721875 0.157813 0.210417
0 0.455469 0.322917 0.195312 0.245833
0 0.0523437 0.479167 0.104687 0.2125
0 0.135937 0.189583 0.128125 0.179167
0 0.214062 0.883333 0.1375 0.191667
0 0.8625 0.888542 0.15625 0.202083
0 0.685938 0.4125 0.171875 0.275
0 0.510938 0.163542 0.165625 0.197917
0 0.898438 0.667708 0.190625 0.227083
1 0.488281 0.797917 0.376563 0.404167
0 0.141406 0.557292 0.135937 0.177083
0 0.300781 0.169792 0.182812 0.185417
