0 0.46274 0.0324519 0.15625 0.0649038
1 0.0288462 0.236779 0.0576923 0.247596
0 0.978365 0.567308 0.0432692 0.235577
1 0.25601 0.975962 0.180288 0.0480769
1 0.90024 0.271635 0.146635 0.1875
1 0.971154 0.370192 0.0576923 0.221154
1 0.967548 0.146635 0.0649038 0.211538
0 0.899038 0.921875 0.201923 0.151442
1 0.465144 0.0360577 0.161058 0.0721154
1 0.0432692 0.0516827 0.0865385 0.0985577
1 0.501202 0.3125 0.161058 0.245192
0 0.21274 0.510817 0.165865 0.185096
1 0.211538 0.512019 0.153846 0.182692
1 0.194712 0.0985577 0.153846 0.192308
1 0.61899 0.237981 0.146635 0.201923
1 0.832933 0.299279 0.151442 0.194712
1 0.0913462 0.685096 0.173077 0.278846
1 0.90024 0.921875 0.199519 0.15625
1 0.364183 0.153846 0.180288 0.254808
1 0.653846 0.748798 0.182692 0.233173
1 0.665865 0.920673 0.163462 0.158654
1 0.149038 0.346154 0.153846 0.211538
1 0.490385 0.938702 0.173077 0.122596
1 0.573317 0.0625 0.165865 0.125
1 0.911058 0.701923 0.153846 0.206731
1 0.0588942 0.911058 0.117788 0.177885
1 0.206731 0.864183 0.149038 0.189904
1 0.289663 0.328125 0.141827 0.223558
1 0.69351 0.570913 0.161058 0.21875
1 0.810096 0.0709135 0.168269 0.137019
2 0.365385 0.715144 0.350962 0.435096
