0 0.158594 0.272917 0.160938 0.220833
0 0.217969 0.922917 0.201562 0.154167
0 0.914844 0.663542 0.139062 0.197917
1 0.157031 0.7125 0.135937 0.266667
0 0.679688 0.398958 0.153125 0.227083
0 0.692187 0.192708 0.153125 0.202083
0 0.576563 0.457292 0.175 0.185417
0 0.235156 0.0979167 0.151562 0.195833
0 0.0835937 0.157292 0.160938 0.21875
0 0.928125 0.80625 0.14375 0.254167
0 0.535937 0.0625 0.146875 0.125
0 0.157813 0.714583 0.1375 0.270833
0 0.375 0.0822917 0.146875 0.160417
0 0.791406 0.596875 0.154687 0.197917
0 0.417969 0.734375 0.167187 0.214583
0 0.813281 0.0708333 0.154687 0.141667
0 0.528906 0.214583 0.167187 0.216667
0 0.420312 0.903125 0.153125 0.19375
0 0.271094 0.353125 0.185937 0.210417
0 0.0742188 0.465625 0.145313 0.202083
1 0.680469 0.834375 0.376563 0.33125
