0 0.645312 0.146875 0.16875 0.20625
0 0.571875 0.694792 0.165625 0.24375
0 0.942187 0.491667 0.115625 0.316667
0 0.898438 0.0760417 0.165625 0.147917
0 0.0875 0.0479167 0.175 0.0958333
0 0.341406 0.0760417 0.223438 0.152083
0 0.046875 0.85625 0.09375 0.2875
0 0.735156 0.732292 0.192188 0.247917
0 0.808594 0.240625 0.160938 0.21875
0 0.839844 0.65 0.182812 0.225
0 0.0898438 0.777083 0.164062 0.204167
0 0.953125 0.904167 0.090625 0.191667
0 0.417188 0.75 0.16875 0.2
0 0.685156 0.3625 0.151562 0.175
1 0.380469 0.298958 0.223438 0.26875
