0 0.298438 0.6 0.15625 0.241667
0 0.979688 0.353125 0.040625 0.18125
0 0.0265625 0.808333 0.053125 0.225
0 0.942969 0.940625 0.110937 0.11875
0 0.263281 0.373958 0.198437 0.21875
0 0.736719 0.466667 0.207813 0.245833
0 0.392188 0.21875 0.159375 0.220833
1 0.228125 0.128125 0.34375 0.252083
0 0.81875 0.0489583 0.15625 0.0979167
0 0.0476562 0.558333 0.0953125 0.245833
0 0.789062 0.927083 0.153125 0.145833
0 0.949219 0.155208 0.101562 0.210417
0 0.157813 0.702083 0.15 0.220833
0 0.645312 0.691667 0.196875 0.254167
0 0.530469 0.88125 0.185937 0.2125
0 0.701563 0.177083 0.178125 0.2
0 0.3625 0.782292 0.175 0.24375
