0 0.938281 0.0260417 0.123438 0.0520833
0 0.838281 0.972917 0.148438 0.0541667
0 0.2875 0.021875 0.178125 0.04375
0 0.0742188 0.964583 0.148438 0.0708333
0 0.173438 0.420833 0.178125 0.2125
1 0.580469 0.721875 0.495313 0.55625
0 0.213281 0.276042 0.170312 0.227083
0 0.29375 0.946875 0.153125 0.10625
0 0.078125 0.828125 0.15625 0.214583
0 0.075 0.209375 0.15 0.25625
0 0.572656 0.0875 0.185937 0.166667
0 0.183594 0.642708 0.157813 0.189583
0 0.902344 0.555208 0.160938 0.222917
0 0.69375 0.308333 0.175 0.241667
