0 0.365625 0.0197917 0.18125 0.0395833
0 0.944531 0.0239583 0.110937 0.0479167
0 0.588281 0.679167 0.167187 0.241667
0 0.66875 0.963542 0.175 0.0729167
0 0.972656 0.879167 0.0546875 0.241667
0 0.969531 0.280208 0.0609375 0.227083
0 0.0453125 0.665625 0.090625 0.222917
0 0.0289063 0.123958 0.0578125 0.227083
0 0.260938 0.954167 0.15625 0.0875
0 0.9125 0.119792 0.11875 0.16875
0 0.492969 0.126042 0.189063 0.21875
1 0.489062 0.414583 0.340625 0.4625
0 0.321094 0.627083 0.226562 0.258333
0 0.0617188 0.888542 0.123438 0.21875
0 0.254687 0.367708 0.178125 0.222917
0 0.653125 0.158333 0.1875 0.245833
0 0.511719 0.913542 0.164062 0.172917
0 0.103125 0.4875 0.184375 0.2
0 0.710156 0.738542 0.198437 0.272917
0 0.292188 0.141667 0.1875 0.241667
