0 0.65625 0.0739583 0.075 0.14375
0 0.153125 0.409375 0.196875 0.235417
0 0.83125 0.745833 0.1375 0.191667
0 0.757812 0.135417 0.171875 0.225
0 0.0421875 0.910417 0.084375 0.175
0 0.471094 0.347917 0.176563 0.229167
0 0.257812 0.928125 0.153125 0.14375
0 0.785156 0.847917 0.157813 0.2
0 0.775 0.454167 0.1625 0.1875
1 0.961719 0.119792 0.0765625 0.239583
0 0.025 0.641667 0.05 0.2
0 0.210938 0.107292 0.175 0.214583
0 0.157031 0.926042 0.157813 0.147917
0 0.915625 0.75625 0.15 0.179167
0 0.735937 0.578125 0.175 0.214583
0 0.059375 0.154167 0.11875 0.204167
0 0.5875 0.360417 0.15625 0.208333
0 0.842188 0.315625 0.178125 0.222917
0 0.482812 0.142708 0.196875 0.21875
1 0.538281 0.616667 0.248437 0.3125
