0 0.864183 0.641827 0.185096 0.201923
1 0.954327 0.735577 0.0913462 0.221154
0 0.5 0.419471 0.0432692 0.0552885
1 0.584135 0.938702 0.182692 0.122596
0 0.629808 0.171875 0.0625 0.0841346
1 0.149038 0.766827 0.144231 0.197115
0 0.6875 0.920673 0.201923 0.158654
1 0.123798 0.0853365 0.180288 0.170673
1 0.0444712 0.580529 0.0889423 0.223558
1 0.441106 0.860577 0.180288 0.197115
1 0.725962 0.647837 0.158654 0.213942
0 0.316106 0.419471 0.170673 0.194712
0 0.923077 0.865385 0.153846 0.197115
1 0.549279 0.0396635 0.175481 0.0793269
1 0.870192 0.641827 0.1875 0.197115
1 0.274038 0.570913 0.163462 0.237981
0 0.125 0.0853365 0.177885 0.165865
1 0.313702 0.418269 0.175481 0.1875
1 0.550481 0.127404 0.168269 0.206731
1 0.30649 0.828125 0.170673 0.223558
1 0.923077 0.864183 0.153846 0.199519
1 0.688702 0.921875 0.194712 0.15625
1 0.915865 0.0805288 0.168269 0.161058
1 0.674279 0.508413 0.175481 0.247596
1 0.191106 0.956731 0.146635 0.0865385
1 0.88101 0.375 0.189904 0.240385
1 0.759615 0.135817 0.173077 0.213942
2 0.469952 0.598558 0.252404 0.254808
