0 0.86875 0.8625 0.15625 0.216667
0 0.0179687 0.225 0.0359375 0.2625
0 0.334375 0.973958 0.1375 0.0520833
0 0.979688 0.103125 0.040625 0.20625
0 0.6 0.796875 0.225 0.247917
0 0.945312 0.889583 0.109375 0.220833
0 0.778125 0.295833 0.19375 0.208333
0 0.925 0.330208 0.15 0.247917
0 0.225781 0.0770833 0.176563 0.15
1 0.772656 0.580208 0.351562 0.472917
0 0.5375 0.540625 0.18125 0.222917
0 0.271094 0.853125 0.189063 0.24375
0 0.651563 0.104167 0.19375 0.204167
0 0.38125 0.660417 0.190625 0.204167
0 0.572656 0.314583 0.185937 0.233333
0 0.259375 0.292708 0.1625 0.214583
