0 0.978125 0.747917 0.04375 0.2125
0 0.36875 0.919792 0.146875 0.160417
0 0.185937 0.0802083 0.15 0.160417
0 0.971875 0.49375 0.05625 0.233333
0 0.0265625 0.501042 0.053125 0.21875
0 0.330469 0.0427083 0.157813 0.0854167
0 0.0890625 0.0739583 0.140625 0.147917
0 0.261719 0.927083 0.204688 0.145833
0 0.835938 0.451042 0.134375 0.239583
0 0.0328125 0.213542 0.065625 0.25625
0 0.0710938 0.910417 0.142188 0.175
0 0.264062 0.764583 0.146875 0.1875
0 0.934375 0.834375 0.13125 0.222917
1 0.546875 0.869792 0.29375 0.260417
0 0.758594 0.448958 0.157813 0.21875
0 0.935156 0.122917 0.129688 0.2125
0 0.560156 0.0770833 0.182812 0.154167
0 0.466406 0.4375 0.160938 0.220833
0 0.33125 0.222917 0.171875 0.225
0 0.346094 0.572917 0.189063 0.216667
0 0.176563 0.316667 0.171875 0.229167
0 0.56875 0.625 0.18125 0.216667
0 0.190625 0.526042 0.15 0.214583
0 0.721094 0.203125 0.182812 0.227083
