0 0.132031 0.0229167 0.148438 0.0458333
0 0.424219 0.922917 0.210938 0.154167
0 0.30625 0.811458 0.15625 0.197917
0 0.467187 0.158333 0.140625 0.195833
0 0.53125 0.20625 0.159375 0.2
0 0.291406 0.0541667 0.142188 0.104167
0 0.646875 0.352083 0.1625 0.195833
0 0.184375 0.621875 0.1375 0.18125
0 0.0546875 0.295833 0.109375 0.229167
0 0.0820312 0.0916667 0.160938 0.183333
0 0.0640625 0.597917 0.128125 0.220833
0 0.216406 0.954167 0.176563 0.0916667
0 0.933594 0.0697917 0.132812 0.139583
0 0.759375 0.234375 0.175 0.24375
0 0.567187 0.0510417 0.146875 0.102083
0 0.963281 0.894792 0.0734375 0.20625
0 0.809375 0.883333 0.190625 0.229167
0 0.19375 0.286458 0.1375 0.20625
0 0.902344 0.422917 0.170312 0.216667
0 0.06875 0.892708 0.1375 0.20625
0 0.490625 0.70625 0.171875 0.220833
1 0.367188 0.459375 0.303125 0.427083
0 0.646094 0.635417 0.192188 0.220833
