0 0.685938 0.0958333 0.159375 0.191667
0 0.155469 0.0197917 0.157813 0.0395833
0 0.264062 0.8125 0.153125 0.191667
0 0.0320312 0.566667 0.0640625 0.191667
0 0.442187 0.804167 0.190625 0.220833
0 0.0960938 0.653125 0.179688 0.214583
0 0.0367187 0.446875 0.0734375 0.177083
0 0.935938 0.329167 0.128125 0.25
0 0.629687 0.4125 0.14375 0.2125
0 0.3 0.905208 0.15 0.177083
0 0.132031 0.9375 0.148438 0.125
0 0.046875 0.858333 0.09375 0.183333
0 0.536719 0.0572917 0.157813 0.110417
0 0.364844 0.68125 0.160938 0.204167
0 0.574219 0.25 0.185937 0.216667
0 0.603906 0.939583 0.160938 0.120833
0 0.0515625 0.217708 0.1 0.23125
0 0.953125 0.689583 0.09375 0.245833
0 0.721094 0.8875 0.170312 0.216667
0 0.719531 0.627083 0.185937 0.2375
1 0.303906 0.222917 0.385938 0.445833
0 0.796875 0.298958 0.175 0.21875
