0 0.971154 0.16226 0.0528846 0.189904
1 0.0480769 0.772837 0.0961538 0.223558
0 0.34375 0.227163 0.182692 0.204327
1 0.205529 0.429087 0.161058 0.185096
1 0.704327 0.127404 0.168269 0.216346
1 0.413462 0.722356 0.389423 0.454327
0 0.21274 0.429087 0.180288 0.189904
1 0.90024 0.804087 0.185096 0.223558
1 0.919471 0.0456731 0.15625 0.0913462
1 0.811298 0.640625 0.185096 0.189904
0 0.239183 0.0552885 0.189904 0.105769
1 0.240385 0.0552885 0.1875 0.110577
1 0.829327 0.0492788 0.149038 0.0985577
0 0.0444712 0.0685096 0.0889423 0.132212
1 0.715144 0.457933 0.137019 0.194712
1 0.0793269 0.217548 0.158654 0.194712
1 0.754808 0.921875 0.206731 0.15625
0 0.201923 0.171875 0.197115 0.165865
0 0.754808 0.923077 0.206731 0.153846
0 0.0805288 0.217548 0.15625 0.194712
1 0.0444712 0.0673077 0.0889423 0.134615
1 0.883413 0.209135 0.151442 0.201923
2 0.418269 0.71875 0.394231 0.461538
1 0.576923 0.307692 0.182692 0.240385
1 0.159856 0.895433 0.165865 0.194712
