0 0.860937 0.690625 0.18125 0.214583
0 0.0375 0.235417 0.075 0.195833
0 0.04375 0.853125 0.084375 0.25625
0 0.976562 0.746875 0.046875 0.20625
0 0.602344 0.595833 0.173438 0.233333
0 0.478906 0.0375 0.160938 0.075
0 0.0625 0.339583 0.125 0.208333
0 0.310937 0.208333 0.175 0.1625
0 0.85625 0.784375 0.159375 0.20625
0 0.314844 0.0645833 0.157813 0.129167
0 0.834375 0.455208 0.15625 0.214583
0 0.957812 0.51875 0.084375 0.204167
0 0.946875 0.914583 0.10625 0.170833
0 0.354688 0.370833 0.19375 0.2
0 0.141406 0.0854167 0.179688 0.170833
0 0.94375 0.0770833 0.1125 0.154167
0 0.814062 0.0489583 0.15625 0.09375
0 0.174219 0.35 0.151562 0.225
0 0.280469 0.575 0.167187 0.2
0 0.670313 0.71875 0.15625 0.195833
0 0.466406 0.248958 0.157813 0.20625
0 0.735937 0.49375 0.15625 0.254167
0 0.815625 0.220833 0.190625 0.225
0 0.488281 0.460417 0.157813 0.1875
0 0.633594 0.0833333 0.182812 0.1625
0 0.121875 0.560417 0.1625 0.2125
0 0.183594 0.872917 0.179688 0.229167
1 0.432813 0.8 0.359375 0.395833
