0 0.627344 0.972917 0.0953125 0.0541667
0 0.0179687 0.589583 0.0359375 0.245833
0 0.98125 0.3875 0.0375 0.208333
0 0.517187 0.69375 0.209375 0.2125
0 0.271875 0.595833 0.1875 0.179167
0 0.177344 0.053125 0.189063 0.10625
0 0.0960938 0.41875 0.189063 0.258333
0 0.38125 0.0822917 0.184375 0.164583
1 0.388281 0.385417 0.420312 0.483333
0 0.539062 0.142708 0.159375 0.210417
0 0.532031 0.864583 0.173438 0.220833
0 0.725 0.071875 0.1625 0.14375
0 0.107031 0.227083 0.179688 0.216667
0 0.927344 0.5625 0.145313 0.216667
0 0.711719 0.876042 0.173438 0.235417
0 0.683594 0.378125 0.192188 0.235417
0 0.314063 0.821875 0.228125 0.26875
0 0.879687 0.2875 0.175 0.25
0 0.872656 0.786458 0.179688 0.23125
