0 0.907812 0.383333 0.184375 0.2625
0 0.273438 0.938542 0.20625 0.122917
0 0.371094 0.102083 0.173438 0.191667
0 0.474219 0.0614583 0.179688 0.122917
0 0.610156 0.958333 0.160938 0.0833333
0 0.798437 0.0895833 0.18125 0.179167
0 0.657812 0.102083 0.1625 0.2
0 0.292969 0.432292 0.170312 0.185417
0 0.0546875 0.389583 0.10625 0.191667
0 0.186719 0.0916667 0.179688 0.183333
0 0.0539063 0.141667 0.107813 0.2125
0 0.896875 0.578125 0.175 0.202083
0 0.720312 0.425 0.196875 0.241667
0 0.630469 0.68125 0.151562 0.216667
0 0.925781 0.204167 0.148438 0.2
0 0.774219 0.748958 0.207813 0.24375
0 0.707812 0.207292 0.153125 0.210417
1 0.267188 0.68125 0.234375 0.291667
