1 0.483173 0.294471 0.129808 0.180288
1 0.96875 0.254808 0.0625 0.283654
0 0.890625 0.686298 0.180288 0.262019
1 0.0649038 0.83774 0.129808 0.223558
1 0.949519 0.417067 0.100962 0.247596
1 0.263221 0.592548 0.165865 0.213942
1 0.746394 0.127404 0.209135 0.225962
1 0.939904 0.865385 0.120192 0.177885
1 0.514423 0.0997596 0.197115 0.199519
0 0.0372596 0.971154 0.0649038 0.0576923
1 0.50601 0.953125 0.185096 0.09375
1 0.0240385 0.0853365 0.0480769 0.170673
2 0.5 0.55649 0.225962 0.286058
1 0.891827 0.689904 0.177885 0.264423
0 0.948317 0.414663 0.103365 0.247596
1 0.847356 0.0661058 0.170673 0.132212
1 0.550481 0.804087 0.197115 0.204327
0 0.963942 0.590144 0.0721154 0.103365
