0 0.949219 0.840625 0.101562 0.21875
0 0.983594 0.654167 0.0328125 0.208333
0 0.0585938 0.765625 0.114063 0.260417
0 0.0953125 0.386458 0.190625 0.227083
0 0.2875 0.0322917 0.175 0.0645833
0 0.584375 0.94375 0.20625 0.1125
0 0.685156 0.157292 0.195312 0.25625
0 0.490625 0.196875 0.16875 0.21875
0 0.378906 0.93125 0.189063 0.1375
0 0.126563 0.123958 0.196875 0.21875
0 0.45 0.690625 0.165625 0.24375
0 0.36875 0.441667 0.178125 0.25
0 0.326562 0.197917 0.215625 0.25
0 0.204688 0.9 0.171875 0.2
1 0.189844 0.616667 0.226562 0.333333
