0 0.960156 0.0447917 0.0796875 0.0854167
0 0.907812 0.964583 0.159375 0.0708333
0 0.329688 0.527083 0.18125 0.220833
0 0.723437 0.346875 0.165625 0.19375
0 0.592188 0.6125 0.153125 0.204167
0 0.51875 0.559375 0.175 0.21875
0 0.059375 0.240625 0.11875 0.285417
0 0.0664062 0.0854167 0.132812 0.166667
0 0.40625 0.952083 0.20625 0.0958333
0 0.758594 0.672917 0.198437 0.204167
0 0.161719 0.439583 0.179688 0.2625
0 0.307031 0.78125 0.229687 0.270833
0 0.0820312 0.910417 0.151562 0.179167
0 0.195312 0.154167 0.165625 0.216667
0 0.111719 0.708333 0.157813 0.208333
0 0.928906 0.826042 0.142188 0.214583
0 0.846094 0.183333 0.192188 0.25
0 0.714844 0.0833333 0.179688 0.166667
0 0.907812 0.514583 0.184375 0.2625
0 0.55625 0.826042 0.190625 0.235417
1 0.482812 0.186458 0.346875 0.372917
