0 0.951563 0.0229167 0.096875 0.0458333
0 0.816406 0.975 0.173438 0.05
0 0.975781 0.48125 0.0484375 0.1875
0 0.564062 0.940625 0.2125 0.11875
0 0.01875 0.241667 0.0375 0.2125
0 0.974219 0.8125 0.0515625 0.341667
0 0.263281 0.454167 0.148438 0.191667
0 0.209375 0.46875 0.159375 0.204167
0 0.0554687 0.0697917 0.110937 0.139583
0 0.442969 0.439583 0.151562 0.204167
0 0.102344 0.270833 0.139062 0.266667
0 0.960938 0.138542 0.078125 0.18125
0 0.191406 0.05625 0.148438 0.1125
0 0.960938 0.338542 0.078125 0.202083
0 0.0320312 0.7875 0.0640625 0.195833
0 0.0796875 0.689583 0.15625 0.220833
0 0.0390625 0.46875 0.078125 0.283333
0 0.259375 0.669792 0.19375 0.214583
0 0.707031 0.827083 0.148438 0.229167
0 0.56875 0.05 0.196875 0.1
0 0.535937 0.438542 0.159375 0.214583
1 0.167969 0.891667 0.335938 0.2125
0 0.50625 0.778125 0.15 0.189583
0 0.875 0.742708 0.153125 0.21875
0 0.5875 0.642708 0.1875 0.189583
0 0.69375 0.548958 0.175 0.20625
0 0.360938 0.102083 0.203125 0.204167
0 0.297656 0.28125 0.164062 0.179167
0 0.385156 0.867708 0.167187 0.20625
0 0.85625 0.441667 0.18125 0.245833
0 0.753125 0.151042 0.16875 0.19375
0 0.513281 0.219792 0.160938 0.20625
