0 0.525781 0.696875 0.173438 0.20625
0 0.153906 0.177083 0.182812 0.2125
0 0.728906 0.4375 0.139062 0.1625
0 0.959375 0.495833 0.08125 0.266667
0 0.253906 0.747917 0.148438 0.175
0 0.876562 0.0416667 0.190625 0.0833333
0 0.253906 0.111458 0.157813 0.21875
0 0.0210938 0.785417 0.0421875 0.233333
0 0.478906 0.261458 0.157813 0.21875
0 0.964844 0.190625 0.0671875 0.24375
0 0.797656 0.365625 0.157813 0.222917
0 0.696094 0.70625 0.160938 0.233333
0 0.0679687 0.25625 0.135937 0.229167
0 0.0929687 0.928125 0.164062 0.14375
0 0.375 0.805208 0.175 0.210417
0 0.475781 0.94375 0.120312 0.1125
0 0.967188 0.74375 0.065625 0.1875
0 0.584375 0.276042 0.19375 0.222917
0 0.23125 0.895833 0.18125 0.191667
0 0.423438 0.130208 0.153125 0.227083
0 0.826563 0.6 0.171875 0.208333
0 0.1125 0.727083 0.15 0.2375
0 0.646875 0.491667 0.15625 0.179167
1 0.314063 0.475 0.334375 0.4625
