0 0.966346 0.817308 0.0673077 0.216346
1 0.514423 0.364183 0.144231 0.199519
1 0.965144 0.0709135 0.0697115 0.132212
1 0.867788 0.0360577 0.134615 0.0721154
1 0.813702 0.713942 0.15625 0.168269
0 0.942308 0.679087 0.115385 0.21875
1 0.891827 0.3125 0.168269 0.216346
1 0.96875 0.204327 0.0625 0.230769
1 0.591346 0.891827 0.153846 0.177885
0 0.903846 0.802885 0.0673077 0.0913462
0 0.409856 0.253606 0.180288 0.209135
0 0.813702 0.716346 0.15625 0.163462
1 0.0637019 0.776442 0.122596 0.240385
1 0.866587 0.147837 0.15625 0.228365
1 0.692308 0.762019 0.139423 0.177885
1 0.376202 0.405048 0.151442 0.180288
1 0.233173 0.873798 0.201923 0.237981
0 0.15625 0.41226 0.163462 0.194712
1 0.0973558 0.211538 0.194712 0.264423
1 0.171875 0.707933 0.137019 0.185096
1 0.891827 0.9375 0.163462 0.125
1 0.557692 0.164663 0.168269 0.213942
2 0.424279 0.699519 0.247596 0.322115
1 0.722356 0.215144 0.15625 0.213942
1 0.86899 0.461538 0.15625 0.211538
