0 0.0179687 0.65625 0.0359375 0.225
0 0.0695312 0.520833 0.139062 0.191667
0 0.025 0.172917 0.05 0.204167
0 0.320312 0.757292 0.171875 0.197917
0 0.207813 0.0510417 0.184375 0.102083
0 0.939062 0.185417 0.121875 0.2625
0 0.660937 0.521875 0.146875 0.20625
0 0.644531 0.314583 0.192188 0.2
0 0.576563 0.870833 0.190625 0.25
0 0.103125 0.3375 0.2 0.241667
0 0.196875 0.942708 0.165625 0.114583
1 0.469531 0.576042 0.323438 0.48125
0 0.374219 0.922917 0.167187 0.154167
0 0.8375 0.426042 0.19375 0.214583
0 0.809375 0.916667 0.1625 0.166667
0 0.80625 0.190625 0.153125 0.222917
0 0.876562 0.632292 0.190625 0.227083
0 0.125 0.777083 0.18125 0.245833
0 0.428125 0.271875 0.16875 0.202083
0 0.642187 0.105208 0.1875 0.210417
