0 0.411719 0.940625 0.142188 0.114583
0 0.015625 0.342708 0.03125 0.235417
0 0.0359375 0.972917 0.071875 0.0541667
0 0.48125 0.95625 0.15 0.0875
0 0.285156 0.964583 0.139062 0.0708333
0 0.0210938 0.841667 0.0421875 0.2
0 0.770312 0.458333 0.228125 0.216667
0 0.724219 0.0802083 0.185937 0.160417
0 0.916406 0.748958 0.160938 0.19375
0 0.192969 0.533333 0.160938 0.233333
0 0.0695312 0.0520833 0.135937 0.104167
0 0.35 0.264583 0.16875 0.233333
0 0.872656 0.640625 0.170312 0.20625
0 0.117188 0.190625 0.18125 0.23125
0 0.453125 0.769792 0.18125 0.185417
0 0.096875 0.585417 0.18125 0.2375
0 0.142188 0.8875 0.203125 0.216667
0 0.842188 0.934375 0.171875 0.13125
0 0.396094 0.0979167 0.170312 0.195833
0 0.321094 0.807292 0.179688 0.227083
0 0.221094 0.0885417 0.157813 0.177083
0 0.908594 0.0979167 0.182812 0.183333
0 0.564062 0.172917 0.165625 0.225
0 0.942969 0.428125 0.114063 0.214583
1 0.492969 0.479167 0.370313 0.433333
0 0.66875 0.890625 0.178125 0.20625
0 0.666406 0.676042 0.170312 0.210417
0 0.789844 0.247917 0.195312 0.229167
