0 0.196094 0.716667 0.201562 0.241667
0 0.588281 0.752083 0.154687 0.1625
0 0.0875 0.516667 0.146875 0.25
0 0.416406 0.920833 0.179688 0.158333
0 0.933594 0.289583 0.132812 0.2375
0 0.5875 0.198958 0.15625 0.202083
0 0.635156 0.853125 0.195312 0.23125
0 0.630469 0.3125 0.160938 0.216667
0 0.949219 0.5 0.101562 0.225
0 0.585938 0.575 0.16875 0.233333
0 0.460938 0.779167 0.153125 0.208333
0 0.714063 0.20625 0.146875 0.204167
0 0.807813 0.35625 0.171875 0.233333
1 0.296094 0.4125 0.282813 0.3375
0 0.773438 0.679167 0.171875 0.195833
