1 0.257212 0.510817 0.192308 0.199519
1 0.0997596 0.908654 0.199519 0.182692
1 0.960337 0.899038 0.0793269 0.201923
1 0.295673 0.897837 0.173077 0.194712
1 0.186298 0.245192 0.180288 0.206731
0 0.961538 0.894231 0.0769231 0.206731
0 0.780048 0.644231 0.180288 0.230769
1 0.0817308 0.663462 0.163462 0.25
1 0.776442 0.873798 0.1875 0.213942
0 0.0829327 0.665865 0.165865 0.25
1 0.600962 0.709135 0.177885 0.240385
0 0.918269 0.326923 0.163462 0.211538
1 0.362981 0.241587 0.153846 0.185096
1 0.920673 0.326923 0.158654 0.211538
1 0.344952 0.105769 0.161058 0.211538
1 0.0444712 0.0997596 0.0889423 0.199519
1 0.167067 0.0685096 0.165865 0.137019
1 0.572115 0.926683 0.168269 0.141827
1 0.356971 0.694712 0.165865 0.206731
2 0.575721 0.358173 0.391827 0.490385
1 0.780048 0.645433 0.175481 0.228365
1 0.919471 0.543269 0.161058 0.221154
1 0.459135 0.829327 0.153846 0.216346
