0 0.059375 0.278125 0.11875 0.260417
0 0.954687 0.610417 0.090625 0.179167
0 0.235156 0.355208 0.160938 0.239583
0 0.0554687 0.111458 0.107813 0.20625
0 0.935938 0.761458 0.128125 0.16875
0 0.608594 0.970833 0.154687 0.0583333
0 0.667188 0.335417 0.215625 0.191667
1 0.953125 0.90625 0.09375 0.1875
0 0.780469 0.575 0.157813 0.208333
0 0.473437 0.5875 0.1625 0.183333
0 0.161719 0.583333 0.173438 0.225
0 0.719531 0.710417 0.132812 0.2375
0 0.09375 0.895833 0.1625 0.1875
0 0.0421875 0.685417 0.084375 0.220833
0 0.065625 0.505208 0.13125 0.177083
0 0.364844 0.697917 0.160938 0.2
0 0.654688 0.147917 0.165625 0.208333
0 0.821875 0.0635417 0.1375 0.127083
0 0.546094 0.179167 0.151562 0.195833
0 0.291406 0.498958 0.145313 0.210417
0 0.801562 0.222917 0.153125 0.2125
0 0.825781 0.9375 0.167187 0.125
1 0.330469 0.10625 0.251563 0.208333
0 0.604688 0.65625 0.1625 0.195833
