0 0.935156 0.947917 0.129688 0.104167
0 0.0984375 0.897917 0.175 0.1875
0 0.669531 0.21875 0.160938 0.229167
0 0.359375 0.665625 0.1625 0.210417
0 0.411719 0.977083 0.173438 0.0458333
0 0.551562 0.0354167 0.165625 0.0708333
0 0.0179687 0.588542 0.0359375 0.23125
0 0.921875 0.208333 0.15 0.241667
0 0.609375 0.641667 0.159375 0.258333
0 0.021875 0.316667 0.04375 0.195833
0 0.0664062 0.8375 0.129688 0.204167
0 0.495313 0.380208 0.165625 0.210417
0 0.328906 0.380208 0.160938 0.210417
0 0.389844 0.0614583 0.185937 0.122917
0 0.744531 0.95 0.182812 0.1
0 0.196875 0.0375 0.19375 0.075
0 0.0460938 0.04375 0.0921875 0.0875
0 0.884375 0.040625 0.171875 0.08125
0 0.964063 0.486458 0.071875 0.23125
0 0.594531 0.180208 0.164062 0.239583
0 0.877344 0.41875 0.157813 0.195833
0 0.784375 0.151042 0.13125 0.189583
0 0.0882813 0.461458 0.173438 0.24375
0 0.2125 0.786458 0.15625 0.202083
0 0.434375 0.201042 0.18125 0.210417
0 0.610156 0.410417 0.185937 0.2125
0 0.6125 0.897917 0.153125 0.204167
0 0.334375 0.877083 0.165625 0.208333
0 0.0960938 0.198958 0.160938 0.21875
1 0.853125 0.758333 0.29375 0.4
0 0.263281 0.478125 0.189063 0.222917
