0 0.158594 0.417708 0.167187 0.20625
0 0.778125 0.220833 0.15625 0.225
0 0.203906 0.119792 0.160938 0.197917
0 0.98125 0.315625 0.0375 0.335417
0 0.9125 0.1 0.175 0.2
0 0.765625 0.964583 0.178125 0.0708333
0 0.689844 0.651042 0.173438 0.189583
0 0.489062 0.791667 0.171875 0.191667
0 0.7125 0.588542 0.18125 0.23125
0 0.223438 0.509375 0.18125 0.24375
0 0.540625 0.657292 0.15625 0.214583
0 0.028125 0.586458 0.053125 0.222917
0 0.13125 0.0395833 0.175 0.0791667
0 0.352344 0.115625 0.145313 0.202083
0 0.0953125 0.271875 0.165625 0.202083
0 0.601562 0.953125 0.165625 0.0895833
0 0.346875 0.679167 0.1625 0.191667
0 0.684375 0.204167 0.15625 0.233333
0 0.0382813 0.207292 0.0765625 0.210417
0 0.907812 0.885417 0.171875 0.229167
0 0.442969 0.939583 0.151562 0.120833
1 0.441406 0.398958 0.339063 0.43125
0 0.0945313 0.689583 0.148438 0.1875
0 0.138281 0.872917 0.151562 0.2
0 0.913281 0.532292 0.173438 0.197917
