0 0.946875 0.14375 0.10625 0.266667
0 0.116406 0.034375 0.151562 0.06875
0 0.053125 0.45 0.10625 0.208333
0 0.935938 0.9625 0.128125 0.075
0 0.059375 0.879167 0.11875 0.191667
0 0.292969 0.954167 0.170312 0.0916667
0 0.353125 0.0479167 0.16875 0.0958333
0 0.0710938 0.647917 0.142188 0.233333
1 0.536719 0.755208 0.407813 0.489583
0 0.0546875 0.223958 0.109375 0.21875
0 0.349219 0.50625 0.182812 0.195833
0 0.249219 0.747917 0.173438 0.245833
0 0.782812 0.303125 0.184375 0.247917
0 0.801562 0.714583 0.165625 0.225
0 0.929688 0.791667 0.140625 0.195833
0 0.432813 0.307292 0.175 0.24375
0 0.649219 0.104167 0.170312 0.204167
0 0.6125 0.38125 0.16875 0.208333
