0 0.846094 0.925 0.148438 0.15
0 0.895312 0.35 0.153125 0.2
0 0.0304688 0.261458 0.0609375 0.19375
0 0.0585938 0.858333 0.117188 0.195833
0 0.0304688 0.415625 0.0578125 0.189583
0 0.228125 0.0791667 0.18125 0.154167
0 0.9625 0.744792 0.075 0.227083
0 0.0804688 0.610417 0.145313 0.2125
0 0.482812 0.319792 0.171875 0.16875
0 0.665625 0.952083 0.171875 0.0958333
0 0.616406 0.844792 0.179688 0.210417
0 0.420312 0.205208 0.159375 0.20625
0 0.0828125 0.766667 0.15625 0.204167
0 0.415625 0.0864583 0.121875 0.16875
0 0.954687 0.111458 0.090625 0.210417
0 0.557813 0.0791667 0.159375 0.154167
0 0.702344 0.23125 0.164062 0.266667
0 0.395312 0.854167 0.159375 0.225
1 0.495313 0.596875 0.353125 0.44375
0 0.0617188 0.0895833 0.123438 0.175
0 0.239844 0.882292 0.167187 0.235417
0 0.879687 0.253125 0.15625 0.185417
0 0.2875 0.663542 0.15625 0.202083
0 0.3 0.465625 0.159375 0.20625
0 0.811719 0.0947917 0.167187 0.189583
0 0.895312 0.507292 0.175 0.222917
0 0.779688 0.829167 0.165625 0.208333
