0 0.360938 0.246875 0.184375 0.222917
0 0.642187 0.786458 0.16875 0.239583
0 0.451562 0.752083 0.2 0.2125
0 0.23125 0.558333 0.1 0.141667
0 0.957812 0.201042 0.084375 0.19375
0 0.566406 0.922917 0.198437 0.154167
0 0.841406 0.954167 0.207813 0.0916667
0 0.11875 0.0229167 0.159375 0.0458333
0 0.308594 0.120833 0.189063 0.195833
0 0.958594 0.328125 0.0828125 0.202083
0 0.090625 0.748958 0.153125 0.15625
0 0.302344 0.947917 0.167187 0.104167
0 0.50625 0.103125 0.196875 0.20625
0 0.969531 0.582292 0.0609375 0.21875
0 0.824219 0.551042 0.164062 0.222917
0 0.0703125 0.429167 0.140625 0.2125
0 0.534375 0.301042 0.16875 0.227083
0 0.93125 0.0635417 0.1375 0.127083
0 0.935938 0.7875 0.128125 0.225
1 0.434375 0.522917 0.2 0.279167
0 0.253125 0.788542 0.215625 0.260417
0 0.635938 0.464583 0.159375 0.1875
0 0.167187 0.241667 0.190625 0.220833
