0 0.953125 0.498798 0.09375 0.194712
1 0.0865385 0.949519 0.168269 0.100962
1 0.628606 0.825721 0.165865 0.213942
1 0.0853365 0.765625 0.170673 0.237981
1 0.856971 0.746394 0.161058 0.223558
0 0.135817 0.0817308 0.161058 0.158654
0 0.314904 0.173077 0.1875 0.168269
1 0.138221 0.0805288 0.165865 0.161058
1 0.0324519 0.274038 0.0649038 0.254808
1 0.424279 0.975962 0.185096 0.0480769
0 0.233173 0.0360577 0.0721154 0.0673077
1 0.314904 0.174279 0.182692 0.170673
1 0.954327 0.789663 0.0913462 0.223558
1 0.331731 0.861779 0.1875 0.247596
1 0.121394 0.504808 0.161058 0.192308
1 0.207933 0.473558 0.165865 0.221154
1 0.769231 0.920673 0.163462 0.158654
0 0.0865385 0.951923 0.163462 0.0961538
1 0.240385 0.699519 0.168269 0.230769
1 0.629808 0.598558 0.158654 0.211538
1 0.382212 0.106971 0.177885 0.209135
1 0.379808 0.322115 0.168269 0.216346
1 0.336538 0.542067 0.158654 0.209135
1 0.894231 0.329327 0.163462 0.206731
1 0.507212 0.825721 0.158654 0.21875
1 0.799279 0.524038 0.185096 0.225962
2 0.646635 0.234375 0.341346 0.420673
1 0.507212 0.507212 0.149038 0.201923
