0 0.663281 0.633333 0.179688 0.220833
0 0.984375 0.528125 0.03125 0.24375
0 0.100781 0.642708 0.117188 0.14375
0 0.946094 0.789583 0.107813 0.204167
0 0.832031 0.0479167 0.217187 0.0958333
0 0.853906 0.726042 0.164062 0.202083
0 0.925 0.954167 0.15 0.0916667
0 0.0539063 0.295833 0.107813 0.225
0 0.955469 0.173958 0.0890625 0.210417
0 0.242188 0.08125 0.175 0.1625
0 0.845312 0.84375 0.140625 0.216667
0 0.173438 0.947917 0.125 0.104167
0 0.0523437 0.944792 0.104687 0.110417
0 0.848437 0.28125 0.19375 0.2125
0 0.657812 0.896875 0.196875 0.20625
0 0.497656 0.925 0.164062 0.15
0 0.257031 0.276042 0.151562 0.189583
0 0.304688 0.923958 0.146875 0.152083
0 0.674219 0.698958 0.151562 0.18125
0 0.416406 0.084375 0.179688 0.16875
0 0.878906 0.503125 0.145313 0.20625
0 0.6375 0.0791667 0.1625 0.158333
0 0.440625 0.685417 0.1875 0.220833
0 0.144531 0.445833 0.135937 0.2125
0 0.745313 0.444792 0.171875 0.210417
1 0.467969 0.355208 0.295312 0.389583
