0 0.852344 0.860417 0.173438 0.2125
0 0.953125 0.269792 0.09375 0.210417
0 0.0296875 0.338542 0.059375 0.24375
0 0.273438 0.938542 0.146875 0.122917
0 0.534375 0.166667 0.175 0.208333
0 0.277344 0.767708 0.157813 0.19375
0 0.94375 0.7375 0.1125 0.216667
0 0.507031 0.333333 0.185937 0.241667
0 0.66875 0.0822917 0.175 0.164583
0 0.540625 0.557292 0.1875 0.19375
0 0.765625 0.804167 0.15 0.208333
0 0.0828125 0.889583 0.165625 0.220833
0 0.238281 0.15625 0.176563 0.254167
0 0.197656 0.39375 0.142188 0.191667
0 0.0820312 0.107292 0.164062 0.214583
0 0.849219 0.104167 0.185937 0.208333
1 0.507812 0.8125 0.353125 0.375
0 0.317187 0.5375 0.171875 0.225
0 0.7375 0.504167 0.175 0.2125
0 0.109375 0.642708 0.190625 0.227083
