0 0.960337 0.286058 0.0793269 0.240385
1 0.165865 0.969952 0.163462 0.0600962
1 0.515625 0.552885 0.165865 0.197115
1 0.598558 0.417067 0.192308 0.146635
1 0.262019 0.046875 0.153846 0.09375
1 0.260817 0.420673 0.194712 0.177885
0 0.165865 0.969952 0.168269 0.0600962
1 0.0757212 0.727163 0.151442 0.185096
0 0.870192 0.930288 0.182692 0.139423
1 0.692308 0.891827 0.149038 0.216346
1 0.413462 0.0360577 0.168269 0.0721154
1 0.0805288 0.311298 0.161058 0.237981
2 0.461538 0.804087 0.355769 0.391827
1 0.473558 0.299279 0.139423 0.199519
