0 0.542969 0.028125 0.170312 0.05625
0 0.213281 0.455208 0.160938 0.214583
0 0.889063 0.920833 0.153125 0.158333
0 0.815625 0.272917 0.15 0.183333
0 0.0296875 0.352083 0.059375 0.270833
0 0.0257812 0.0822917 0.0515625 0.164583
0 0.921875 0.795833 0.153125 0.216667
0 0.778125 0.716667 0.18125 0.245833
1 0.408594 0.204167 0.367188 0.3875
0 0.9625 0.554167 0.075 0.233333
0 0.119531 0.496875 0.173438 0.202083
0 0.296875 0.657292 0.1625 0.222917
0 0.314063 0.94375 0.165625 0.1125
0 0.780469 0.0854167 0.142188 0.170833
0 0.714844 0.289583 0.148438 0.2
0 0.152344 0.273958 0.167187 0.214583
0 0.460938 0.735417 0.175 0.2
0 0.615625 0.586458 0.19375 0.222917
0 0.93125 0.0916667 0.1375 0.183333
0 0.2 0.0802083 0.16875 0.160417
0 0.466406 0.904167 0.176563 0.191667
0 0.65625 0.821875 0.2 0.23125
0 0.802344 0.485417 0.182812 0.204167
0 0.197656 0.771875 0.173438 0.222917
