0 0.375 0.0541667 0.2 0.108333
0 0.0273438 0.305208 0.0515625 0.197917
0 0.929688 0.851042 0.140625 0.235417
0 0.861719 0.9625 0.176563 0.075
0 0.028125 0.114583 0.053125 0.195833
0 0.0398437 0.921875 0.0796875 0.152083
0 0.109375 0.0625 0.134375 0.125
0 0.119531 0.91875 0.154687 0.1625
0 0.859375 0.0677083 0.15625 0.135417
0 0.945312 0.236458 0.109375 0.197917
0 0.617188 0.964583 0.159375 0.0708333
0 0.790625 0.253125 0.16875 0.235417
0 0.254687 0.0895833 0.178125 0.175
0 0.217187 0.920833 0.153125 0.158333
0 0.0710938 0.560417 0.139062 0.204167
0 0.635938 0.827083 0.15625 0.195833
0 0.723437 0.601042 0.153125 0.202083
0 0.570312 0.0666667 0.14375 0.133333
0 0.185937 0.738542 0.153125 0.23125
0 0.124219 0.227083 0.167187 0.220833
0 0.739844 0.0864583 0.179688 0.172917
0 0.778125 0.875 0.15625 0.191667
0 0.671094 0.388542 0.167187 0.21875
0 0.619531 0.601042 0.154687 0.210417
1 0.382812 0.682292 0.309375 0.39375
0 0.319531 0.398958 0.154687 0.214583
0 0.508594 0.370833 0.173438 0.225
