0 0.071875 0.932292 0.1375 0.135417
0 0.0679687 0.71875 0.135937 0.195833
0 0.05 0.239583 0.1 0.191667
0 0.265625 0.090625 0.1875 0.18125
0 0.305469 0.933333 0.160938 0.133333
0 0.722656 0.0833333 0.167187 0.166667
0 0.321875 0.396875 0.1875 0.24375
0 0.60625 0.913542 0.175 0.16875
0 0.764063 0.94375 0.209375 0.1125
0 0.967188 0.553125 0.065625 0.235417
0 0.64375 0.341667 0.175 0.254167
0 0.0835937 0.390625 0.154687 0.239583
0 0.271875 0.586458 0.165625 0.19375
0 0.914062 0.209375 0.171875 0.235417
0 0.134375 0.101042 0.171875 0.202083
0 0.442187 0.867708 0.171875 0.18125
1 0.49375 0.613542 0.203125 0.297917
0 0.746875 0.547917 0.178125 0.2375
