0 0.639063 0.0208333 0.165625 0.0416667
0 0.0398437 0.820833 0.0796875 0.225
0 0.132812 0.304167 0.134375 0.195833
0 0.0890625 0.976042 0.178125 0.0479167
0 0.210938 0.939583 0.1375 0.120833
0 0.619531 0.96875 0.151562 0.0625
0 0.875 0.821875 0.18125 0.18125
0 0.900781 0.951042 0.189063 0.09375
0 0.260938 0.0552083 0.178125 0.110417
0 0.0429688 0.525 0.0859375 0.1875
0 0.613281 0.479167 0.135937 0.233333
0 0.059375 0.308333 0.11875 0.216667
0 0.964063 0.35 0.071875 0.233333
0 0.875 0.38125 0.14375 0.204167
0 0.734375 0.416667 0.15 0.233333
0 0.917188 0.109375 0.165625 0.21875
0 0.271094 0.221875 0.167187 0.21875
0 0.755469 0.64375 0.148438 0.195833
0 0.932813 0.610417 0.134375 0.2375
0 0.685938 0.848958 0.153125 0.197917
0 0.41875 0.0927083 0.16875 0.185417
0 0.552344 0.646875 0.164062 0.19375
0 0.704687 0.159375 0.165625 0.222917
0 0.525781 0.877083 0.167187 0.233333
1 0.189063 0.685417 0.303125 0.4375
0 0.55 0.236458 0.1625 0.19375
