0 0.867188 0.658333 0.184375 0.241667
0 0.675 0.14375 0.1625 0.179167
0 0.675781 0.932292 0.164062 0.135417
0 0.970312 0.494792 0.05625 0.21875
0 0.657812 0.0791667 0.165625 0.158333
0 0.0195312 0.311458 0.0390625 0.21875
0 0.7625 0.303125 0.1625 0.19375
0 0.846875 0.0447917 0.16875 0.0895833
0 0.021875 0.883333 0.04375 0.225
0 0.960938 0.847917 0.078125 0.2
0 0.358594 0.547917 0.192188 0.2375
0 0.261719 0.408333 0.139062 0.166667
0 0.94375 0.63125 0.1125 0.195833
0 0.825 0.13125 0.165625 0.195833
0 0.957812 0.0947917 0.084375 0.185417
0 0.657812 0.838542 0.153125 0.20625
0 0.679688 0.341667 0.15625 0.183333
0 0.0757812 0.405208 0.135937 0.202083
0 0.927344 0.272917 0.145313 0.195833
0 0.565625 0.73125 0.15625 0.2125
0 0.835156 0.877083 0.157813 0.2
0 0.104687 0.125 0.1875 0.220833
0 0.158594 0.313542 0.170312 0.214583
0 0.567969 0.441667 0.157813 0.225
0 0.109375 0.747917 0.171875 0.229167
0 0.810938 0.602083 0.146875 0.216667
0 0.6375 0.621875 0.1625 0.202083
1 0.265625 0.835417 0.34375 0.329167
1 0.409375 0.233333 0.3 0.3875
