0 0.970312 0.93125 0.059375 0.1375
0 0.446094 0.873958 0.164062 0.235417
0 0.813281 0.873958 0.160938 0.160417
0 0.782812 0.0489583 0.184375 0.0979167
0 0.978125 0.0833333 0.04375 0.166667
0 0.114844 0.6625 0.189063 0.241667
0 0.946875 0.845833 0.10625 0.216667
0 0.078125 0.320833 0.153125 0.2
0 0.679688 0.0979167 0.165625 0.195833
0 0.191406 0.305208 0.160938 0.197917
0 0.414062 0.120833 0.1875 0.241667
0 0.6625 0.40625 0.18125 0.2125
1 0.633594 0.773958 0.217187 0.289583
0 0.526563 0.45625 0.178125 0.220833
0 0.894531 0.332292 0.170312 0.20625
0 0.244531 0.830208 0.182812 0.247917
