0 0.966406 0.0395833 0.0671875 0.0791667
0 0.98125 0.457292 0.0375 0.18125
0 0.315625 0.946875 0.165625 0.10625
0 0.147656 0.933333 0.157813 0.133333
0 0.796094 0.0375 0.176563 0.075
0 0.965625 0.197917 0.06875 0.220833
0 0.0679687 0.0739583 0.135937 0.147917
0 0.0257812 0.4375 0.0515625 0.216667
0 0.03125 0.225 0.0625 0.208333
0 0.503906 0.94375 0.173438 0.1125
0 0.0554687 0.894792 0.110937 0.197917
0 0.66875 0.864583 0.171875 0.233333
0 0.409375 0.261458 0.13125 0.20625
0 0.161719 0.736458 0.189063 0.239583
0 0.579687 0.0885417 0.178125 0.177083
0 0.810938 0.18125 0.19375 0.191667
0 0.422656 0.08125 0.164062 0.1625
0 0.403125 0.476042 0.175 0.214583
0 0.571875 0.39375 0.1625 0.204167
1 0.788281 0.4875 0.370313 0.55
0 0.159375 0.1625 0.16875 0.220833
0 0.554688 0.626042 0.171875 0.20625
0 0.266406 0.336458 0.185937 0.235417
0 0.1125 0.583333 0.16875 0.216667
0 0.382812 0.691667 0.159375 0.2
0 0.892187 0.854167 0.2 0.25
