0 0.390625 0.903125 0.196875 0.185417
0 0.827344 0.071875 0.235938 0.14375
0 0.208594 0.942708 0.173438 0.114583
0 0.68125 0.953125 0.175 0.09375
0 0.948438 0.0916667 0.103125 0.175
0 0.9625 0.717708 0.075 0.25625
0 0.640625 0.0354167 0.175 0.0708333
0 0.31875 0.589583 0.1875 0.254167
0 0.432813 0.70625 0.146875 0.175
0 0.878125 0.947917 0.19375 0.104167
0 0.529688 0.70625 0.140625 0.183333
0 0.134375 0.439583 0.16875 0.154167
0 0.660156 0.677083 0.173438 0.225
0 0.117969 0.913542 0.151562 0.16875
0 0.513281 0.847917 0.139062 0.179167
1 0.08125 0.592708 0.159375 0.28125
0 0.846875 0.579167 0.1875 0.258333
0 0.451562 0.158333 0.190625 0.216667
0 0.682031 0.398958 0.167187 0.202083
