1 0.61899 0.323317 0.228365 0.213942
0 0.96875 0.471154 0.0576923 0.0865385
1 0.03125 0.608173 0.0625 0.3125
0 0.710337 0.157452 0.194712 0.199519
1 0.889423 0.0240385 0.134615 0.0480769
1 0.716346 0.157452 0.206731 0.213942
0 0.960337 0.659856 0.0745192 0.237981
1 0.935096 0.251202 0.125 0.242788
1 0.817308 0.927885 0.144231 0.144231
1 0.960337 0.66226 0.0793269 0.247596
1 0.543269 0.0288462 0.177885 0.0576923
1 0.680288 0.948317 0.139423 0.103365
1 0.174279 0.709135 0.137019 0.216346
1 0.814904 0.0733173 0.177885 0.146635
1 0.924279 0.94351 0.137019 0.112981
0 0.0685096 0.240385 0.137019 0.192308
1 0.704327 0.802885 0.158654 0.216346
0 0.204327 0.25 0.1875 0.1875
1 0.128606 0.628606 0.151442 0.228365
1 0.4375 0.901442 0.163462 0.192308
1 0.123798 0.832933 0.165865 0.209135
1 0.205529 0.248798 0.180288 0.189904
1 0.28726 0.427885 0.141827 0.1875
1 0.811298 0.365385 0.146635 0.177885
1 0.396635 0.0877404 0.182692 0.175481
1 0.237981 0.0685096 0.153846 0.137019
1 0.405048 0.340144 0.165865 0.233173
1 0.0685096 0.237981 0.137019 0.192308
1 0.290865 0.80649 0.163462 0.194712
2 0.521635 0.633413 0.341346 0.372596
