0 0.742188 0.347917 0.178125 0.225
0 0.969531 0.230208 0.0609375 0.23125
0 0.0226563 0.480208 0.0453125 0.20625
0 0.0195312 0.763542 0.0390625 0.19375
0 0.979688 0.725 0.040625 0.233333
0 0.677344 0.94375 0.160938 0.1125
0 0.05625 0.104167 0.1125 0.208333
0 0.597656 0.821875 0.154687 0.160417
0 0.324219 0.445833 0.154687 0.25
0 0.9625 0.491667 0.075 0.254167
0 0.09375 0.311458 0.1875 0.210417
0 0.197656 0.925 0.145313 0.15
0 0.711719 0.270833 0.148438 0.191667
0 0.928906 0.909375 0.142188 0.18125
0 0.452344 0.913542 0.157813 0.16875
1 0.803125 0.6625 0.34375 0.445833
0 0.420312 0.128125 0.171875 0.24375
0 0.478125 0.570833 0.175 0.2
0 0.075 0.630208 0.1375 0.19375
0 0.700781 0.0791667 0.192188 0.158333
0 0.313281 0.1125 0.170312 0.208333
0 0.325781 0.704167 0.151562 0.229167
0 0.219531 0.488542 0.173438 0.235417
0 0.508594 0.717708 0.185937 0.189583
0 0.914062 0.135417 0.171875 0.208333
