0 0.982031 0.530208 0.0359375 0.189583
0 0.534375 0.313542 0.13125 0.21875
0 0.964844 0.922917 0.0703125 0.154167
0 0.940625 0.648958 0.11875 0.227083
0 0.948438 0.257292 0.103125 0.222917
0 0.0710938 0.916667 0.142188 0.166667
0 0.666406 0.175 0.179688 0.2375
1 0.420312 0.040625 0.16875 0.08125
0 0.73125 0.802083 0.2 0.225
0 0.688281 0.428125 0.164062 0.197917
0 0.959375 0.09375 0.08125 0.179167
0 0.0664062 0.754167 0.126563 0.225
0 0.826563 0.385417 0.165625 0.229167
1 0.342187 0.317708 0.253125 0.264583
0 0.467187 0.554167 0.178125 0.25
0 0.0828125 0.428125 0.15 0.202083
