0 0.015625 0.8625 0.03125 0.2
0 0.928125 0.240625 0.14375 0.252083
0 0.292969 0.15 0.160938 0.2375
0 0.361719 0.492708 0.201562 0.210417
0 0.0195312 0.486458 0.0390625 0.252083
0 0.784375 0.25 0.1875 0.270833
0 0.578125 0.594792 0.165625 0.185417
0 0.165625 0.558333 0.171875 0.241667
0 0.266406 0.326042 0.170312 0.239583
0 0.704687 0.908333 0.159375 0.175
0 0.084375 0.913542 0.1375 0.16875
0 0.969531 0.0572917 0.0609375 0.114583
0 0.848437 0.110417 0.178125 0.208333
0 0.380469 0.294792 0.151562 0.214583
0 0.885938 0.423958 0.1625 0.21875
0 0.926562 0.667708 0.146875 0.28125
0 0.95 0.928125 0.1 0.14375
0 0.564844 0.482292 0.189063 0.222917
0 0.729688 0.610417 0.190625 0.25
1 0.111719 0.158333 0.189063 0.279167
0 0.582812 0.878125 0.146875 0.21875
0 0.83125 0.913542 0.1375 0.16875
0 0.210156 0.719792 0.160938 0.197917
