0 0.0125 0.221875 0.025 0.222917
0 0.630469 0.0145833 0.145313 0.0291667
0 0.848437 0.904167 0.146875 0.191667
0 0.24375 0.975 0.1625 0.05
0 0.425 0.675 0.153125 0.225
0 0.95625 0.727083 0.0875 0.2
1 0.410937 0.13125 0.340625 0.2625
0 0.286719 0.519792 0.170312 0.189583
0 0.877344 0.0645833 0.195312 0.129167
0 0.676562 0.935417 0.178125 0.129167
0 0.0445312 0.904167 0.0890625 0.191667
0 0.084375 0.0895833 0.165625 0.179167
0 0.213281 0.822917 0.192188 0.233333
0 0.615625 0.63125 0.19375 0.2125
0 0.7375 0.776042 0.15625 0.19375
0 0.521094 0.889583 0.151562 0.208333
0 0.325781 0.3125 0.167187 0.208333
0 0.921875 0.545833 0.15625 0.216667
0 0.917969 0.316667 0.164062 0.204167
0 0.129688 0.3375 0.178125 0.2375
0 0.0875 0.6 0.175 0.2375
0 0.483594 0.4125 0.154687 0.275
