0 0.982813 0.314583 0.034375 0.270833
0 0.90625 0.0885417 0.16875 0.177083
0 0.353125 0.113542 0.14375 0.19375
0 0.201562 0.119792 0.15625 0.19375
0 0.760938 0.969792 0.171875 0.0604167
0 0.54375 0.655208 0.159375 0.235417
0 0.0257812 0.588542 0.0515625 0.222917
0 0.223438 0.516667 0.178125 0.225
0 0.15625 0.416667 0.1625 0.2
0 0.490625 0.795833 0.16875 0.183333
0 0.682031 0.205208 0.154687 0.239583
0 0.691406 0.647917 0.173438 0.191667
0 0.0914062 0.270833 0.164062 0.204167
0 0.128125 0.0385417 0.1875 0.0770833
0 0.346875 0.679167 0.15625 0.191667
0 0.905469 0.882292 0.170312 0.222917
0 0.6 0.955208 0.15625 0.0895833
0 0.0375 0.20625 0.075 0.220833
0 0.440625 0.938542 0.15625 0.122917
0 0.09375 0.690625 0.15 0.19375
0 0.138281 0.870833 0.148438 0.2
0 0.914062 0.530208 0.171875 0.202083
1 0.442187 0.4 0.34375 0.425
