1 0.0649038 0.460337 0.125 0.266827
1 0.253606 0.834135 0.151442 0.1875
1 0.375 0.0432692 0.173077 0.0865385
1 0.0841346 0.0240385 0.158654 0.0480769
1 0.501202 0.947115 0.146635 0.105769
1 0.454327 0.795673 0.149038 0.211538
1 0.877404 0.350962 0.139423 0.197115
1 0.0697115 0.591346 0.139423 0.201923
1 0.411058 0.114183 0.149038 0.199519
1 0.390625 0.933894 0.146635 0.132212
1 0.302885 0.733173 0.163462 0.1875
1 0.0576923 0.292067 0.115385 0.213942
1 0.651442 0.353365 0.129808 0.182692
1 0.919471 0.0757212 0.161058 0.151442
1 0.209135 0.602163 0.168269 0.209135
1 0.1875 0.0889423 0.139423 0.173077
1 0.78726 0.269231 0.15625 0.211538
1 0.524038 0.741587 0.216346 0.165865
1 0.173077 0.454327 0.110577 0.245192
0 0.233173 0.241587 0.0625 0.0889423
0 0.713942 0.86899 0.0769231 0.108173
1 0.956731 0.611779 0.0865385 0.242788
1 0.783654 0.0757212 0.163462 0.151442
1 0.514423 0.21274 0.201923 0.204327
1 0.111779 0.930288 0.180288 0.139423
1 0.545673 0.0709135 0.153846 0.141827
1 0.667067 0.540865 0.194712 0.221154
2 0.372596 0.433894 0.360577 0.46875
1 0.83774 0.86899 0.170673 0.247596
