0 0.188281 0.319792 0.154687 0.210417
0 0.05 0.0291667 0.1 0.0583333
0 0.6125 0.65 0.1625 0.229167
0 0.0328125 0.905208 0.065625 0.189583
0 0.794531 0.960417 0.167187 0.0791667
0 0.734375 0.0447917 0.175 0.0895833
0 0.226562 0.444792 0.128125 0.247917
0 0.232812 0.222917 0.159375 0.204167
0 0.566406 0.0520833 0.154687 0.104167
0 0.645312 0.904167 0.184375 0.191667
0 0.0890625 0.709375 0.140625 0.247917
0 0.819531 0.1375 0.185937 0.220833
0 0.441406 0.544792 0.154687 0.18125
1 0.296094 0.80625 0.357812 0.3875
0 0.33125 0.0729167 0.171875 0.145833
0 0.595312 0.404167 0.171875 0.225
0 0.350781 0.382292 0.154687 0.185417
0 0.796875 0.608333 0.18125 0.208333
0 0.461719 0.247917 0.173438 0.1875
0 0.728125 0.378125 0.15625 0.214583
