0 0.103906 0.471875 0.151562 0.185417
0 0.0210938 0.457292 0.0421875 0.177083
0 0.961719 0.234375 0.0765625 0.222917
0 0.825 0.0385417 0.175 0.0770833
0 0.960938 0.927083 0.078125 0.141667
0 0.652344 0.110417 0.170312 0.208333
0 0.046875 0.601042 0.09375 0.172917
0 0.207813 0.40625 0.19375 0.191667
0 0.375 0.28125 0.1875 0.229167
0 0.429688 0.722917 0.184375 0.229167
0 0.929688 0.0739583 0.140625 0.147917
0 0.407813 0.89375 0.190625 0.2125
0 0.489844 0.332292 0.145313 0.210417
0 0.54375 0.886458 0.16875 0.210417
0 0.241406 0.565625 0.173438 0.222917
0 0.0851562 0.844792 0.167187 0.28125
0 0.95 0.65625 0.1 0.216667
0 0.64375 0.764583 0.159375 0.204167
1 0.117969 0.103125 0.223438 0.20625
0 0.8125 0.53125 0.1875 0.2125
0 0.765625 0.165625 0.175 0.210417
