1 0.355769 0.932692 0.225962 0.134615
0 0.239183 0.0480769 0.185096 0.0961538
1 0.711538 0.115385 0.173077 0.230769
1 0.241587 0.0504808 0.180288 0.100962
1 0.0985577 0.745192 0.163462 0.211538
1 0.03125 0.563702 0.0625 0.252404
1 0.417067 0.33774 0.180288 0.242788
1 0.830529 0.465144 0.180288 0.180288
1 0.0456731 0.778846 0.0913462 0.206731
1 0.969952 0.161058 0.0600962 0.173077
1 0.771635 0.340144 0.173077 0.228365
1 0.826923 0.0504808 0.139423 0.100962
1 0.215144 0.429087 0.180288 0.194712
1 0.71274 0.456731 0.141827 0.201923
1 0.902644 0.804087 0.189904 0.223558
1 0.920673 0.0456731 0.153846 0.0913462
1 0.204327 0.165865 0.197115 0.168269
1 0.882212 0.209135 0.153846 0.206731
1 0.0444712 0.0661058 0.0889423 0.132212
1 0.939904 0.626202 0.120192 0.242788
1 0.753606 0.920673 0.204327 0.158654
1 0.078125 0.217548 0.15625 0.194712
1 0.580529 0.307692 0.189904 0.240385
2 0.420673 0.727163 0.370192 0.449519
1 0.158654 0.894231 0.168269 0.201923
