1 0.897837 0.299279 0.165865 0.209135
1 0.0408654 0.558894 0.0817308 0.199519
1 0.413462 0.263221 0.182692 0.223558
1 0.965144 0.0769231 0.0697115 0.153846
1 0.692308 0.757212 0.134615 0.182692
1 0.590144 0.895433 0.161058 0.180288
1 0.376202 0.403846 0.151442 0.192308
1 0.96875 0.206731 0.0625 0.240385
1 0.939904 0.686298 0.120192 0.194712
1 0.966346 0.835337 0.0673077 0.213942
1 0.817308 0.716346 0.149038 0.158654
0 0.841346 0.824519 0.0576923 0.0865385
1 0.510817 0.356971 0.137019 0.213942
1 0.254808 0.876202 0.149038 0.223558
0 0.901442 0.802885 0.0576923 0.0769231
1 0.86899 0.152644 0.151442 0.209135
1 0.0625 0.769231 0.125 0.25
1 0.159856 0.411058 0.170673 0.197115
2 0.0985577 0.206731 0.192308 0.225962
1 0.890625 0.938702 0.175481 0.122596
1 0.173077 0.707933 0.129808 0.185096
1 0.555288 0.16226 0.168269 0.213942
2 0.424279 0.699519 0.247596 0.317308
1 0.722356 0.213942 0.15625 0.221154
1 0.870192 0.460337 0.158654 0.21875
