0 0.972656 0.6875 0.0515625 0.191667
0 0.971094 0.0479167 0.0578125 0.0916667
0 0.207031 0.811458 0.170312 0.235417
0 0.829687 0.979167 0.153125 0.0416667
0 0.194531 0.034375 0.192188 0.06875
0 0.669531 0.186458 0.185937 0.24375
0 0.309375 0.951042 0.15625 0.09375
0 0.814062 0.344792 0.159375 0.202083
0 0.0929687 0.971875 0.154687 0.05625
0 0.860156 0.65 0.167187 0.216667
0 0.574219 0.03125 0.170312 0.0625
0 0.478906 0.946875 0.173438 0.102083
0 0.914062 0.169792 0.171875 0.23125
0 0.870313 0.763542 0.140625 0.185417
0 0.0320312 0.4875 0.0640625 0.183333
0 0.110937 0.817708 0.175 0.247917
0 0.0773437 0.283333 0.154687 0.208333
0 0.942187 0.521875 0.115625 0.20625
0 0.9625 0.905208 0.075 0.189583
0 0.385156 0.059375 0.167187 0.11875
0 0.347656 0.444792 0.126563 0.289583
0 0.0820312 0.071875 0.151562 0.14375
0 0.207813 0.403125 0.14375 0.19375
0 0.167969 0.58125 0.164062 0.204167
0 0.617188 0.411458 0.178125 0.210417
0 0.486719 0.535417 0.164062 0.216667
0 0.410937 0.76875 0.175 0.225
0 0.292188 0.19375 0.18125 0.2
1 0.642969 0.770833 0.351562 0.425
