0 0.473437 0.954167 0.175 0.0916667
0 0.554688 0.725 0.1875 0.2375
0 0.491406 0.025 0.185937 0.05
0 0.0625 0.973958 0.125 0.0520833
0 0.0203125 0.592708 0.040625 0.222917
0 0.960938 0.935417 0.078125 0.129167
0 0.85 0.451042 0.15 0.23125
0 0.06875 0.795833 0.1375 0.275
0 0.710156 0.960417 0.182812 0.0791667
0 0.0632813 0.35625 0.126563 0.2875
0 0.967188 0.746875 0.065625 0.247917
0 0.960938 0.527083 0.078125 0.2125
0 0.848437 0.0614583 0.178125 0.122917
0 0.142188 0.125 0.14375 0.2375
0 0.665625 0.109375 0.1875 0.214583
0 0.647656 0.528125 0.164062 0.210417
0 0.700781 0.322917 0.189063 0.220833
0 0.421875 0.783333 0.16875 0.2125
0 0.271875 0.7 0.15 0.208333
0 0.432813 0.561458 0.190625 0.20625
1 0.353125 0.253125 0.36875 0.452083
0 0.1875 0.908333 0.1625 0.183333
0 0.825781 0.858333 0.179688 0.216667
