1 0.902644 0.981971 0.165865 0.0360577
0 0.84976 0.106971 0.180288 0.213942
1 0.855769 0.859375 0.182692 0.223558
0 0.38101 0.0552885 0.0841346 0.100962
1 0.848558 0.103365 0.182692 0.206731
1 0.0324519 0.33774 0.0649038 0.242788
0 0.335337 0.236779 0.0793269 0.0985577
0 0.0288462 0.748798 0.0528846 0.09375
1 0.534856 0.165865 0.185096 0.206731
1 0.953125 0.269231 0.09375 0.211538
1 0.27524 0.769231 0.161058 0.197115
1 0.540865 0.55649 0.1875 0.194712
1 0.272837 0.938702 0.151442 0.122596
1 0.508413 0.329327 0.194712 0.25
1 0.765625 0.802885 0.15625 0.221154
1 0.942308 0.737981 0.115385 0.221154
1 0.667067 0.0805288 0.175481 0.161058
1 0.199519 0.395433 0.139423 0.199519
1 0.0793269 0.106971 0.158654 0.213942
1 0.0805288 0.888221 0.161058 0.213942
1 0.237981 0.15625 0.168269 0.25
1 0.736779 0.503606 0.175481 0.213942
1 0.314904 0.53726 0.168269 0.21875
1 0.106971 0.643029 0.189904 0.223558
2 0.503606 0.814904 0.362981 0.370192
