1 0.90024 0.0384615 0.141827 0.0721154
1 0.0432692 0.0288462 0.0865385 0.0576923
1 0.24399 0.96875 0.132212 0.0625
1 0.96274 0.927885 0.0745192 0.144231
1 0.956731 0.632212 0.0865385 0.230769
1 0.188702 0.28726 0.161058 0.213942
1 0.552885 0.0889423 0.163462 0.177885
1 0.798077 0.0444712 0.177885 0.0889423
1 0.25601 0.198317 0.165865 0.189904
0 0.0168269 0.789663 0.0336538 0.0745192
1 0.361779 0.0612981 0.204327 0.122596
0 0.96274 0.324519 0.0745192 0.105769
1 0.277644 0.769231 0.15625 0.225962
1 0.100962 0.814904 0.182692 0.225962
1 0.0853365 0.456731 0.170673 0.197115
0 0.580529 0.885817 0.0745192 0.108173
1 0.697115 0.165865 0.168269 0.158654
1 0.689904 0.706731 0.153846 0.168269
1 0.963942 0.102163 0.0721154 0.204327
1 0.854567 0.18149 0.15625 0.262019
1 0.451923 0.927885 0.168269 0.144231
1 0.88101 0.617788 0.189904 0.201923
1 0.460337 0.352163 0.15625 0.242788
1 0.104567 0.627404 0.185096 0.206731
1 0.176683 0.0877404 0.151442 0.175481
1 0.078125 0.266827 0.15625 0.197115
1 0.72476 0.890625 0.194712 0.199519
1 0.336538 0.397837 0.177885 0.223558
1 0.507212 0.722356 0.158654 0.262019
2 0.658654 0.426683 0.341346 0.411058
