1 0.0877404 0.290865 0.175481 0.341346
1 0.938702 0.865385 0.122596 0.1875
1 0.512019 0.100962 0.206731 0.201923
1 0.262019 0.600962 0.168269 0.230769
1 0.734375 0.126202 0.223558 0.247596
1 0.842548 0.0673077 0.170673 0.134615
1 0.50601 0.950721 0.189904 0.0985577
1 0.945913 0.419471 0.108173 0.242788
1 0.0288462 0.0853365 0.0576923 0.170673
1 0.546875 0.801683 0.199519 0.21875
1 0.889423 0.695913 0.177885 0.257212
2 0.502404 0.560096 0.225962 0.278846
0 0.0336538 0.971154 0.0576923 0.0576923
0 0.963942 0.591346 0.0721154 0.105769
