0 0.985937 0.155208 0.028125 0.21875
0 0.329688 0.130208 0.171875 0.210417
0 0.876562 0.405208 0.165625 0.210417
0 0.940625 0.819792 0.115625 0.26875
0 0.219531 0.0354167 0.179688 0.0708333
0 0.382031 0.96875 0.182812 0.0625
0 0.434375 0.0364583 0.184375 0.0729167
0 0.404687 0.604167 0.1625 0.175
0 0.555469 0.958333 0.167187 0.0833333
0 0.622656 0.109375 0.148438 0.189583
0 0.0359375 0.210417 0.071875 0.233333
0 0.127344 0.889583 0.182812 0.2125
0 0.729688 0.2625 0.209375 0.208333
0 0.820312 0.071875 0.153125 0.14375
0 0.6 0.563542 0.14375 0.20625
0 0.785156 0.651042 0.195312 0.23125
1 0.45 0.31875 0.34375 0.445833
0 0.0742188 0.658333 0.148438 0.241667
0 0.536719 0.753125 0.195312 0.202083
0 0.203906 0.347917 0.170312 0.245833
0 0.357031 0.828125 0.189063 0.227083
0 0.795313 0.883333 0.178125 0.216667
