0 0.759375 0.01875 0.159375 0.0375
0 0.413281 0.923958 0.173438 0.152083
0 0.642969 0.353125 0.160938 0.189583
0 0.28125 0.144792 0.1875 0.18125
0 0.467187 0.152083 0.134375 0.195833
0 0.661719 0.873958 0.160938 0.235417
0 0.185156 0.615625 0.139062 0.185417
0 0.133594 0.0208333 0.164062 0.0416667
0 0.533594 0.204167 0.157813 0.208333
0 0.288281 0.0552083 0.154687 0.110417
0 0.0648438 0.596875 0.126563 0.222917
0 0.304688 0.816667 0.15625 0.191667
0 0.0765625 0.0895833 0.153125 0.179167
0 0.053125 0.295833 0.10625 0.225
0 0.7625 0.232292 0.1625 0.235417
0 0.800781 0.875 0.198437 0.225
0 0.964063 0.89375 0.071875 0.204167
0 0.932813 0.0729167 0.134375 0.145833
0 0.211719 0.95625 0.170312 0.0875
0 0.569531 0.0510417 0.145313 0.102083
0 0.902344 0.419792 0.170312 0.21875
0 0.194531 0.289583 0.135937 0.2125
0 0.492188 0.707292 0.178125 0.227083
1 0.367969 0.466667 0.304688 0.425
0 0.0679687 0.890625 0.135937 0.20625
0 0.641406 0.635417 0.189063 0.216667
