0 0.740625 0.25625 0.18125 0.195833
0 0.442969 0.0375 0.148438 0.075
0 0.778906 0.488542 0.167187 0.260417
0 0.73125 0.0708333 0.1875 0.141667
0 0.405469 0.214583 0.154687 0.1875
0 0.959375 0.0479167 0.08125 0.0958333
0 0.040625 0.236458 0.078125 0.19375
0 0.0476562 0.104167 0.0953125 0.1875
0 0.436719 0.892708 0.192188 0.210417
0 0.0289063 0.80625 0.0578125 0.220833
0 0.0296875 0.59375 0.059375 0.195833
0 0.90625 0.6 0.1625 0.191667
0 0.282813 0.913542 0.15 0.172917
0 0.541406 0.0854167 0.167187 0.170833
0 0.608594 0.363542 0.189063 0.202083
0 0.907812 0.929167 0.165625 0.141667
0 0.389062 0.409375 0.159375 0.214583
1 0.566406 0.636458 0.345313 0.435417
0 0.164844 0.254167 0.157813 0.2125
0 0.302344 0.68125 0.151562 0.195833
0 0.144531 0.630208 0.160938 0.23125
0 0.790625 0.773958 0.175 0.227083
