1 0.0492788 0.423077 0.0985577 0.201923
1 0.0276442 0.804087 0.0552885 0.199519
0 0.873798 0.0300481 0.0745192 0.0600962
1 0.0216346 0.15625 0.0432692 0.235577
1 0.43149 0.359375 0.15625 0.247596
1 0.0709135 0.951923 0.141827 0.0961538
1 0.277644 0.921875 0.141827 0.15625
1 0.930288 0.944712 0.139423 0.110577
1 0.424279 0.143029 0.15625 0.213942
1 0.538462 0.0709135 0.173077 0.137019
1 0.429087 0.579327 0.161058 0.192308
1 0.8125 0.546875 0.120192 0.161058
1 0.731971 0.159856 0.141827 0.185096
1 0.677885 0.685096 0.177885 0.206731
1 0.295673 0.0649038 0.158654 0.129808
1 0.271635 0.245192 0.144231 0.182692
1 0.646635 0.479567 0.168269 0.204327
1 0.111779 0.254808 0.161058 0.211538
2 0.168269 0.653846 0.336538 0.461538
1 0.927885 0.207933 0.144231 0.257212
1 0.604567 0.882212 0.15625 0.221154
1 0.888221 0.700721 0.175481 0.209135
1 0.588942 0.271635 0.153846 0.25
1 0.433894 0.846154 0.175481 0.221154
