0 0.0648438 0.977083 0.107813 0.0458333
0 0.821094 0.065625 0.160938 0.13125
0 0.185156 0.941667 0.154687 0.116667
0 0.0296875 0.0822917 0.05625 0.164583
0 0.761719 0.104167 0.170312 0.208333
0 0.271094 0.065625 0.167187 0.13125
0 0.714063 0.288542 0.15625 0.18125
0 0.246875 0.158333 0.159375 0.204167
0 0.859375 0.813542 0.159375 0.222917
0 0.90625 0.370833 0.16875 0.208333
0 0.932813 0.5875 0.134375 0.233333
0 0.775781 0.523958 0.167187 0.214583
0 0.703125 0.746875 0.153125 0.227083
0 0.464844 0.314583 0.176563 0.2375
1 0.175 0.5125 0.34375 0.483333
1 0.446094 0.783333 0.339063 0.391667
