0 0.834375 0.921875 0.16875 0.152083
0 0.964063 0.741667 0.071875 0.245833
0 0.214062 0.0625 0.165625 0.120833
0 0.0304688 0.255208 0.0609375 0.18125
0 0.892969 0.351042 0.151562 0.202083
0 0.0585938 0.85625 0.117188 0.191667
0 0.0789063 0.611458 0.148438 0.214583
0 0.421094 0.205208 0.157813 0.197917
0 0.4125 0.0927083 0.125 0.18125
0 0.0328125 0.409375 0.0625 0.18125
0 0.615625 0.84375 0.175 0.2125
0 0.0804688 0.765625 0.151562 0.214583
0 0.561719 0.0760417 0.154687 0.152083
0 0.659375 0.951042 0.175 0.0979167
0 0.482812 0.319792 0.165625 0.177083
0 0.394531 0.85 0.160938 0.233333
0 0.954687 0.115625 0.090625 0.21875
0 0.700781 0.233333 0.160938 0.275
0 0.875781 0.251042 0.151562 0.189583
0 0.3 0.467708 0.15625 0.20625
0 0.285156 0.663542 0.154687 0.210417
0 0.239063 0.879167 0.16875 0.241667
1 0.49375 0.598958 0.35625 0.44375
0 0.813281 0.0927083 0.167187 0.185417
0 0.780469 0.825 0.154687 0.195833
0 0.0625 0.0885417 0.125 0.172917
0 0.89375 0.507292 0.171875 0.214583
