0 0.647656 0.98125 0.167187 0.0375
0 0.973437 0.977083 0.053125 0.0458333
0 0.433594 0.767708 0.139062 0.18125
0 0.654688 0.290625 0.165625 0.21875
0 0.889063 0.110417 0.165625 0.179167
0 0.520312 0.0958333 0.196875 0.191667
0 0.625 0.765625 0.20625 0.264583
0 0.940625 0.0291667 0.11875 0.0583333
0 0.539844 0.952083 0.142188 0.0958333
0 0.121875 0.371875 0.175 0.214583
0 0.0242187 0.151042 0.0484375 0.16875
0 0.378125 0.211458 0.18125 0.227083
0 0.276563 0.797917 0.146875 0.208333
0 0.892187 0.192708 0.178125 0.235417
0 0.467187 0.948958 0.15 0.102083
0 0.858594 0.49375 0.170312 0.2625
0 0.196875 0.889583 0.184375 0.220833
0 0.346875 0.69375 0.159375 0.245833
0 0.857031 0.732292 0.167187 0.214583
0 0.921094 0.889583 0.157813 0.2125
0 0.122656 0.720833 0.189063 0.216667
1 0.471875 0.39375 0.328125 0.408333
