0 0.710337 0.729567 0.0793269 0.0985577
0 0.157452 0.0408654 0.185096 0.0817308
1 0.0504808 0.509615 0.100962 0.1875
1 0.276442 0.740385 0.168269 0.197115
1 0.0805288 0.322115 0.161058 0.240385
1 0.532452 0.855769 0.185096 0.264423
1 0.602163 0.296875 0.199519 0.189904
1 0.794471 0.408654 0.199519 0.211538
1 0.600962 0.0961538 0.192308 0.192308
1 0.621394 0.507212 0.146635 0.206731
1 0.385817 0.254808 0.165865 0.182692
1 0.153846 0.933894 0.177885 0.132212
1 0.765625 0.907452 0.165865 0.185096
1 0.834135 0.612981 0.197115 0.225962
1 0.332933 0.914663 0.165865 0.170673
2 0.423077 0.552885 0.317308 0.461538
1 0.0865385 0.757212 0.173077 0.254808
1 0.763221 0.173077 0.15625 0.230769
1 0.917067 0.16226 0.165865 0.252404
