0 0.639063 0.979167 0.1875 0.0416667
0 0.233594 0.0197917 0.170312 0.0395833
0 0.0570313 0.0572917 0.114063 0.114583
0 0.954687 0.9375 0.090625 0.125
0 0.626562 0.109375 0.15625 0.20625
0 0.407031 0.0760417 0.185937 0.152083
0 0.910937 0.777083 0.16875 0.229167
0 0.407813 0.929167 0.171875 0.141667
0 0.2125 0.960417 0.16875 0.0791667
0 0.949219 0.189583 0.0984375 0.2375
0 0.302344 0.269792 0.164062 0.21875
0 0.655469 0.846875 0.157813 0.20625
0 0.783594 0.627083 0.192188 0.229167
0 0.177344 0.66875 0.151562 0.195833
1 0.122656 0.377083 0.245312 0.4375
0 0.629687 0.376042 0.1875 0.222917
0 0.284375 0.825 0.153125 0.1875
0 0.175781 0.117708 0.132812 0.160417
0 0.817187 0.260417 0.146875 0.191667
0 0.598437 0.64375 0.16875 0.220833
0 0.303125 0.617708 0.159375 0.197917
0 0.917188 0.460417 0.165625 0.245833
