0 0.382812 0.352083 0.165625 0.216667
0 0.753125 0.126042 0.18125 0.23125
0 0.834375 0.739583 0.14375 0.2125
0 0.985937 0.653125 0.028125 0.197917
0 0.4875 0.342708 0.1375 0.21875
0 0.1625 0.388542 0.190625 0.24375
0 0.910937 0.751042 0.140625 0.185417
0 0.15 0.925 0.14375 0.15
0 0.253906 0.927083 0.157813 0.141667
1 0.95625 0.1125 0.0875 0.220833
0 0.0414063 0.908333 0.0828125 0.175
0 0.785156 0.846875 0.164062 0.210417
0 0.776563 0.452083 0.171875 0.195833
0 0.738281 0.577083 0.179688 0.216667
0 0.0273438 0.640625 0.0546875 0.19375
0 0.0617188 0.14375 0.123438 0.225
0 0.585938 0.361458 0.159375 0.210417
0 0.210938 0.103125 0.175 0.20625
0 0.489844 0.140625 0.185937 0.214583
0 0.842188 0.314583 0.171875 0.220833
1 0.540625 0.614583 0.259375 0.304167
