0 0.124219 0.0333333 0.173438 0.0666667
0 0.469531 0.021875 0.167187 0.04375
0 0.285937 0.84375 0.15 0.220833
0 0.282813 0.930208 0.171875 0.139583
0 0.0898438 0.9375 0.170312 0.125
0 0.177344 0.0895833 0.179688 0.179167
0 0.603906 0.960417 0.232812 0.0791667
0 0.790625 0.625 0.1875 0.208333
0 0.178125 0.310417 0.19375 0.2375
0 0.0273438 0.55 0.0546875 0.208333
0 0.826563 0.922917 0.203125 0.154167
0 0.659375 0.810417 0.16875 0.2375
0 0.911719 0.0541667 0.157813 0.108333
0 0.8125 0.496875 0.178125 0.210417
0 0.748438 0.0895833 0.178125 0.179167
0 0.126563 0.426042 0.15625 0.227083
0 0.0328125 0.0927083 0.065625 0.177083
0 0.63125 0.571875 0.159375 0.189583
0 0.967188 0.415625 0.065625 0.20625
0 0.453125 0.572917 0.18125 0.225
0 0.265625 0.565625 0.178125 0.24375
0 0.111719 0.825 0.176563 0.233333
0 0.361719 0.10625 0.154687 0.2
0 0.942187 0.685417 0.109375 0.225
1 0.561719 0.291667 0.342187 0.45
