1 0.0661058 0.307692 0.132212 0.216346
1 0.236779 0.879808 0.189904 0.211538
1 0.126202 0.0504808 0.146635 0.100962
1 0.0793269 0.629808 0.158654 0.235577
1 0.528846 0.933894 0.211538 0.132212
1 0.467548 0.43149 0.213942 0.228365
0 0.0204327 0.544471 0.0408654 0.0793269
0 0.448317 0.145433 0.0408654 0.0600962
1 0.272837 0.915865 0.122596 0.149038
1 0.753606 0.945913 0.15625 0.103365
1 0.0360577 0.0564904 0.0721154 0.108173
1 0.199519 0.216346 0.201923 0.259615
1 0.770433 0.465144 0.194712 0.21875
1 0.96274 0.217548 0.0745192 0.194712
1 0.890625 0.115385 0.161058 0.197115
1 0.21274 0.0456731 0.146635 0.0913462
1 0.610577 0.09375 0.173077 0.1875
1 0.847356 0.719952 0.185096 0.242788
1 0.94351 0.498798 0.112981 0.21875
1 0.75 0.233173 0.177885 0.221154
1 0.135817 0.411058 0.175481 0.235577
2 0.538462 0.711538 0.240385 0.355769
1 0.540865 0.21274 0.163462 0.209135
1 0.298077 0.512019 0.149038 0.177885
1 0.0853365 0.879808 0.161058 0.216346
