0 0.204688 0.0354167 0.165625 0.0708333
0 0.0703125 0.98125 0.140625 0.0375
0 0.375 0.833333 0.15 0.233333
0 0.978125 0.914583 0.04375 0.1625
0 0.985156 0.2125 0.0296875 0.2375
0 0.0414063 0.298958 0.0828125 0.23125
0 0.457031 0.953125 0.173438 0.09375
0 0.0578125 0.652083 0.115625 0.195833
0 0.509375 0.169792 0.1875 0.210417
0 0.173438 0.211458 0.146875 0.24375
0 0.546094 0.854167 0.139062 0.195833
0 0.367969 0.046875 0.157813 0.09375
0 0.840625 0.95625 0.1625 0.0875
0 0.0320312 0.8625 0.0640625 0.183333
0 0.735156 0.239583 0.167187 0.220833
0 0.660937 0.425 0.153125 0.2125
0 0.721094 0.929167 0.182812 0.141667
0 0.111719 0.40625 0.135937 0.1875
0 0.170312 0.646875 0.1375 0.172917
0 0.876562 0.0958333 0.18125 0.1875
0 0.417969 0.809375 0.139062 0.19375
0 0.685938 0.0541667 0.159375 0.108333
0 0.857813 0.225 0.171875 0.216667
0 0.914062 0.45 0.165625 0.2125
0 0.232812 0.5625 0.1375 0.208333
0 0.071875 0.0770833 0.140625 0.154167
0 0.669531 0.688542 0.173438 0.21875
1 0.421875 0.465625 0.2875 0.372917
