0 0.978125 0.4875 0.04375 0.191667
0 0.441406 0.441667 0.145313 0.204167
0 0.557031 0.942708 0.201562 0.114583
0 0.199219 0.46875 0.157813 0.204167
0 0.814062 0.977083 0.165625 0.0458333
0 0.973437 0.809375 0.053125 0.327083
0 0.267969 0.453125 0.145313 0.185417
0 0.01875 0.235417 0.0375 0.2125
0 0.707031 0.820833 0.154687 0.233333
0 0.190625 0.0541667 0.14375 0.108333
0 0.9625 0.140625 0.075 0.177083
0 0.0570313 0.06875 0.110937 0.1375
0 0.9625 0.339583 0.075 0.2
0 0.259375 0.667708 0.19375 0.210417
0 0.567969 0.046875 0.198437 0.09375
0 0.0398437 0.467708 0.0796875 0.264583
0 0.0320312 0.788542 0.0640625 0.202083
0 0.535937 0.434375 0.159375 0.202083
0 0.103125 0.270833 0.146875 0.2625
0 0.0773437 0.690625 0.151562 0.214583
0 0.692187 0.545833 0.175 0.208333
0 0.508594 0.770833 0.145313 0.191667
1 0.170312 0.894792 0.334375 0.210417
0 0.586719 0.640625 0.189063 0.19375
0 0.358594 0.103125 0.198437 0.20625
0 0.854688 0.440625 0.184375 0.24375
0 0.514844 0.21875 0.164062 0.204167
0 0.298438 0.280208 0.1625 0.185417
0 0.385156 0.865625 0.160938 0.20625
0 0.754687 0.152083 0.165625 0.191667
0 0.874219 0.740625 0.160938 0.214583
