1 0.961538 0.445913 0.0769231 0.204327
1 0.917067 0.34976 0.15625 0.199519
1 0.921875 0.926683 0.151442 0.141827
1 0.699519 0.0709135 0.144231 0.141827
1 0.527644 0.830529 0.127404 0.223558
1 0.625 0.266827 0.182692 0.206731
1 0.0540865 0.441106 0.108173 0.262019
1 0.0228365 0.157452 0.0456731 0.233173
1 0.444712 0.627404 0.201923 0.197115
1 0.69351 0.816106 0.165865 0.194712
1 0.914663 0.09375 0.165865 0.182692
0 0.353365 0.0192308 0.0817308 0.0384615
1 0.439904 0.497596 0.192308 0.216346
1 0.09375 0.963942 0.144231 0.0721154
1 0.75601 0.496394 0.185096 0.199519
1 0.28726 0.688702 0.199519 0.228365
1 0.294471 0.435096 0.204327 0.254808
1 0.264423 0.155048 0.182692 0.257212
1 0.418269 0.253606 0.182692 0.228365
1 0.246394 0.894231 0.194712 0.182692
1 0.887019 0.737981 0.173077 0.221154
2 0.0673077 0.769231 0.134615 0.360577
