0 0.0867188 0.0770833 0.139062 0.15
0 0.05625 0.0479167 0.1125 0.0958333
0 0.491406 0.823958 0.142188 0.214583
0 0.867188 0.975 0.165625 0.05
0 0.0335938 0.220833 0.0640625 0.208333
0 0.340625 0.0291667 0.153125 0.0583333
0 0.491406 0.967708 0.223438 0.0645833
0 0.167187 0.954167 0.115625 0.0916667
0 0.233594 0.820833 0.170312 0.241667
0 0.135156 0.317708 0.182812 0.222917
0 0.0515625 0.947917 0.1 0.104167
0 0.046875 0.65 0.090625 0.233333
0 0.142969 0.516667 0.139062 0.1875
0 0.652344 0.3875 0.145313 0.170833
0 0.9375 0.0572917 0.125 0.110417
0 0.0515625 0.484375 0.1 0.202083
0 0.369531 0.148958 0.151562 0.19375
0 0.936719 0.311458 0.126563 0.210417
0 0.240625 0.132292 0.159375 0.21875
0 0.413281 0.83125 0.173438 0.1875
0 0.8 0.0916667 0.15 0.183333
0 0.714844 0.884375 0.151562 0.214583
0 0.817969 0.447917 0.160938 0.229167
0 0.796875 0.7 0.184375 0.208333
0 0.91875 0.860417 0.1625 0.2125
0 0.653906 0.19375 0.167187 0.2125
1 0.371094 0.519792 0.385938 0.485417
