0 0.553906 0.885417 0.157813 0.2
0 0.95625 0.505208 0.0875 0.185417
0 0.849219 0.975 0.189063 0.05
0 0.182031 0.665625 0.145313 0.210417
0 0.530469 0.028125 0.139062 0.05625
0 0.970312 0.133333 0.059375 0.233333
0 0.0335938 0.620833 0.0671875 0.158333
0 0.263281 0.975 0.129688 0.05
0 0.259375 0.627083 0.1625 0.254167
0 0.957812 0.815625 0.084375 0.202083
0 0.589844 0.925 0.160938 0.15
0 0.305469 0.176042 0.139062 0.21875
0 0.711719 0.433333 0.164062 0.208333
0 0.336719 0.319792 0.176563 0.252083
0 0.685938 0.0666667 0.16875 0.129167
0 0.746875 0.752083 0.175 0.208333
0 0.889063 0.5 0.146875 0.216667
0 0.536719 0.319792 0.201562 0.177083
0 0.35625 0.592708 0.16875 0.185417
0 0.183594 0.109375 0.151562 0.19375
0 0.553125 0.632292 0.16875 0.222917
0 0.707031 0.5625 0.157813 0.191667
0 0.0601562 0.876042 0.120312 0.189583
0 0.460156 0.142708 0.157813 0.185417
0 0.392188 0.80625 0.165625 0.208333
0 0.901563 0.322917 0.159375 0.2125
1 0.133594 0.38125 0.267188 0.404167
