0 0.407031 0.538542 0.101562 0.189583
0 0.235156 0.98125 0.164062 0.0375
0 0.984375 0.557292 0.03125 0.197917
0 0.96875 0.80625 0.0625 0.2375
1 0.860937 0.891667 0.259375 0.216667
0 0.211719 0.0541667 0.160938 0.108333
0 0.265625 0.51875 0.184375 0.2625
0 0.936719 0.119792 0.126563 0.214583
0 0.450781 0.664583 0.160938 0.220833
0 0.970312 0.340625 0.059375 0.202083
0 0.271094 0.13125 0.170312 0.204167
0 0.716406 0.0552083 0.142188 0.110417
0 0.65625 0.935417 0.16875 0.129167
0 0.3 0.777083 0.153125 0.220833
0 0.046875 0.0895833 0.09375 0.179167
0 0.0359375 0.869792 0.071875 0.247917
0 0.0351562 0.625 0.0703125 0.208333
0 0.395312 0.914583 0.178125 0.170833
0 0.148438 0.514583 0.184375 0.2125
1 0.735937 0.629167 0.43125 0.5
0 0.871875 0.4 0.1625 0.241667
0 0.616406 0.34375 0.214062 0.208333
0 0.154687 0.838542 0.171875 0.23125
0 0.145313 0.296875 0.175 0.214583
0 0.582031 0.136458 0.170312 0.20625
