0 0.946875 0.98125 0.10625 0.0375
0 0.964844 0.0395833 0.0671875 0.0791667
0 0.0140625 0.683333 0.028125 0.233333
0 0.313281 0.946875 0.167187 0.10625
0 0.142969 0.934375 0.160938 0.127083
0 0.79375 0.0385417 0.16875 0.0770833
0 0.984375 0.459375 0.03125 0.164583
0 0.964063 0.207292 0.071875 0.210417
0 0.0265625 0.4375 0.053125 0.216667
0 0.05625 0.896875 0.109375 0.202083
0 0.667969 0.863542 0.173438 0.239583
0 0.5 0.942708 0.175 0.114583
0 0.03125 0.227083 0.0625 0.191667
0 0.164062 0.736458 0.190625 0.239583
0 0.58125 0.0885417 0.18125 0.177083
0 0.0648438 0.0739583 0.129688 0.147917
0 0.813281 0.180208 0.192188 0.189583
0 0.410937 0.259375 0.128125 0.197917
0 0.1125 0.585417 0.1625 0.2125
0 0.419531 0.08125 0.157813 0.1625
0 0.567187 0.395833 0.1625 0.208333
0 0.383594 0.691667 0.154687 0.2
0 0.553125 0.625 0.165625 0.208333
0 0.4 0.476042 0.175 0.227083
0 0.890625 0.855208 0.2 0.247917
0 0.266406 0.338542 0.182812 0.23125
0 0.159375 0.163542 0.1625 0.222917
1 0.789062 0.494792 0.378125 0.539583
