0 0.827344 0.897917 0.160938 0.2
0 0.0164062 0.7375 0.0328125 0.225
0 0.829687 0.11875 0.1375 0.216667
0 0.875 0.847917 0.15625 0.2125
0 0.98125 0.754167 0.0375 0.233333
0 0.945312 0.975 0.103125 0.05
0 0.564062 0.972917 0.15 0.0541667
0 0.696875 0.0479167 0.125 0.0958333
0 0.453906 0.283333 0.170312 0.216667
0 0.197656 0.851042 0.160938 0.185417
0 0.9375 0.328125 0.125 0.160417
0 0.710938 0.939583 0.146875 0.120833
0 0.59375 0.046875 0.128125 0.09375
0 0.567969 0.328125 0.145313 0.177083
0 0.266406 0.078125 0.167187 0.15625
0 0.632031 0.436458 0.189063 0.210417
0 0.0460938 0.395833 0.0921875 0.225
0 0.0960938 0.678125 0.164062 0.20625
0 0.525781 0.702083 0.120312 0.220833
0 0.404687 0.113542 0.159375 0.214583
0 0.0898438 0.870833 0.151562 0.191667
0 0.409375 0.81875 0.175 0.2125
0 0.0679687 0.139583 0.135937 0.220833
0 0.80625 0.510417 0.2 0.220833
1 0.284375 0.561458 0.34375 0.40625
