0 0.728906 0.0770833 0.192188 0.154167
0 0.53125 0.264583 0.15 0.216667
0 0.551562 0.090625 0.165625 0.18125
0 0.134375 0.123958 0.203125 0.202083
0 0.360938 0.907292 0.159375 0.172917
0 0.908594 0.0489583 0.176563 0.0979167
0 0.160938 0.046875 0.19375 0.09375
0 0.467969 0.922917 0.154687 0.154167
0 0.383594 0.739583 0.160938 0.191667
0 0.03125 0.921875 0.059375 0.15625
0 0.920313 0.177083 0.159375 0.204167
0 0.802344 0.742708 0.123438 0.20625
0 0.703906 0.54375 0.157813 0.216667
0 0.188281 0.151042 0.135937 0.202083
0 0.641406 0.264583 0.176563 0.245833
0 0.028125 0.452083 0.05625 0.195833
0 0.95 0.288542 0.1 0.202083
0 0.544531 0.628125 0.151562 0.252083
0 0.392969 0.0864583 0.148438 0.172917
0 0.783594 0.567708 0.164062 0.222917
0 0.946875 0.786458 0.103125 0.23125
0 0.221094 0.579167 0.151562 0.208333
1 0.330469 0.372917 0.260938 0.283333
