0 0.0179687 0.65625 0.0359375 0.1875
0 0.0703125 0.510417 0.1375 0.220833
0 0.314063 0.755208 0.15625 0.185417
0 0.0265625 0.171875 0.053125 0.18125
0 0.576563 0.872917 0.1875 0.241667
0 0.207031 0.05 0.176563 0.1
0 0.195312 0.94375 0.178125 0.1125
0 0.646875 0.3125 0.1875 0.1875
0 0.840625 0.428125 0.19375 0.210417
0 0.660937 0.522917 0.146875 0.204167
0 0.939062 0.183333 0.121875 0.2625
0 0.375781 0.923958 0.164062 0.152083
0 0.103125 0.340625 0.196875 0.24375
0 0.875781 0.633333 0.192188 0.225
1 0.466406 0.576042 0.320312 0.485417
0 0.121875 0.776042 0.184375 0.252083
0 0.80625 0.916667 0.1625 0.166667
0 0.807813 0.189583 0.146875 0.220833
0 0.428125 0.273958 0.165625 0.197917
0 0.644531 0.105208 0.185937 0.210417
