0 0.935156 0.20625 0.129688 0.2
0 0.686719 0.0958333 0.154687 0.183333
0 0.441406 0.796875 0.182812 0.21875
0 0.260938 0.809375 0.146875 0.19375
0 0.0296875 0.569792 0.059375 0.177083
0 0.632031 0.414583 0.151562 0.2125
0 0.0367187 0.446875 0.0734375 0.185417
0 0.939062 0.334375 0.121875 0.239583
0 0.0992187 0.654167 0.185937 0.216667
0 0.132812 0.936458 0.146875 0.122917
0 0.578125 0.251042 0.18125 0.214583
0 0.536719 0.0583333 0.164062 0.1125
0 0.300781 0.904167 0.145313 0.175
0 0.0453125 0.854167 0.090625 0.179167
0 0.0492188 0.217708 0.0984375 0.227083
0 0.954687 0.694792 0.090625 0.24375
0 0.604688 0.939583 0.165625 0.120833
0 0.71875 0.629167 0.19375 0.241667
0 0.364844 0.68125 0.157813 0.204167
0 0.721875 0.8875 0.1625 0.216667
0 0.796875 0.303125 0.16875 0.222917
1 0.307813 0.219792 0.3875 0.435417
