0 0.914062 0.970833 0.165625 0.0583333
0 0.723437 0.345833 0.165625 0.183333
0 0.596094 0.609375 0.154687 0.214583
0 0.01875 0.708333 0.0375 0.308333
0 0.0585938 0.238542 0.114063 0.277083
0 0.329688 0.529167 0.190625 0.220833
0 0.960156 0.0395833 0.0796875 0.0791667
0 0.757812 0.676042 0.203125 0.202083
0 0.403125 0.95625 0.20625 0.0875
0 0.065625 0.0822917 0.128125 0.160417
0 0.30625 0.779167 0.225 0.266667
0 0.194531 0.154167 0.173438 0.220833
0 0.159375 0.441667 0.18125 0.258333
0 0.93125 0.827083 0.1375 0.204167
0 0.111719 0.709375 0.160938 0.210417
0 0.0835937 0.907292 0.151562 0.185417
0 0.907812 0.514583 0.178125 0.2625
0 0.846094 0.184375 0.189063 0.247917
0 0.713281 0.0802083 0.173438 0.160417
0 0.557031 0.827083 0.189063 0.233333
1 0.4875 0.1875 0.35625 0.370833
