0 0.95 0.0354167 0.1 0.0708333
0 0.025 0.566667 0.05 0.241667
0 0.9625 0.602083 0.075 0.195833
0 0.692969 0.945833 0.164062 0.108333
0 0.909375 0.4875 0.175 0.179167
0 0.38125 0.5375 0.15625 0.204167
0 0.885156 0.273958 0.173438 0.227083
0 0.297656 0.347917 0.173438 0.233333
0 0.203906 0.517708 0.160938 0.20625
0 0.81875 0.172917 0.1625 0.2125
0 0.332031 0.9 0.179688 0.2
0 0.133594 0.6875 0.173438 0.208333
0 0.60625 0.0916667 0.19375 0.183333
0 0.817187 0.64375 0.165625 0.170833
1 0.514844 0.76875 0.351562 0.454167
0 0.71875 0.371875 0.15625 0.20625
0 0.557813 0.314583 0.159375 0.208333
0 0.361719 0.114583 0.170312 0.220833
0 0.171094 0.0864583 0.145313 0.172917
