0 0.461719 0.961458 0.151562 0.0770833
0 0.13125 0.221875 0.140625 0.18125
0 0.260938 0.179167 0.134375 0.241667
0 0.70625 0.14375 0.171875 0.2625
0 0.267188 0.93125 0.165625 0.1375
0 0.469531 0.660417 0.170312 0.195833
0 0.751562 0.90625 0.153125 0.183333
0 0.6 0.802083 0.140625 0.241667
0 0.661719 0.497917 0.160938 0.208333
0 0.0664062 0.921875 0.129688 0.15625
0 0.189063 0.865625 0.171875 0.18125
0 0.523438 0.880208 0.184375 0.227083
0 0.0414063 0.259375 0.0796875 0.227083
0 0.496875 0.536458 0.175 0.20625
0 0.896875 0.127083 0.1625 0.233333
0 0.13125 0.108333 0.1625 0.2
0 0.250781 0.436458 0.182812 0.24375
0 0.757812 0.683333 0.184375 0.258333
0 0.898438 0.908333 0.140625 0.183333
0 0.91875 0.728125 0.1625 0.214583
0 0.850781 0.520833 0.198437 0.225
1 0.455469 0.159375 0.376563 0.31875
