0 0.577344 0.352083 0.160938 0.220833
0 0.340625 0.855208 0.15 0.197917
0 0.859375 0.9125 0.19375 0.175
0 0.229687 0.377083 0.165625 0.245833
0 0.807813 0.06875 0.209375 0.1375
0 0.95 0.34375 0.1 0.241667
0 0.310937 0.9625 0.184375 0.075
0 0.0328125 0.18125 0.065625 0.295833
0 0.0664062 0.930208 0.129688 0.135417
0 0.146875 0.93125 0.15625 0.1375
0 0.961719 0.846875 0.0765625 0.222917
0 0.667969 0.217708 0.151562 0.197917
0 0.392188 0.71875 0.165625 0.220833
0 0.128125 0.0729167 0.16875 0.145833
0 0.4 0.515625 0.15625 0.214583
0 0.5625 0.040625 0.178125 0.08125
0 0.164844 0.255208 0.201562 0.24375
0 0.2625 0.08125 0.153125 0.1625
0 0.371875 0.292708 0.190625 0.214583
0 0.765625 0.386458 0.18125 0.23125
1 0.672656 0.748958 0.201562 0.247917
0 0.0976562 0.497917 0.167187 0.25
0 0.921094 0.590625 0.157813 0.21875
