1 0.889423 0.169471 0.120192 0.180288
0 0.608173 0.173077 0.0625 0.0817308
1 0.320913 0.879808 0.132212 0.163462
1 0.0240385 0.888221 0.0480769 0.204327
1 0.31851 0.0432692 0.151442 0.0865385
1 0.236779 0.59375 0.141827 0.201923
1 0.737981 0.948317 0.139423 0.103365
1 0.957933 0.0492788 0.0841346 0.0985577
1 0.481971 0.480769 0.161058 0.221154
1 0.276442 0.133413 0.153846 0.194712
1 0.93149 0.801683 0.137019 0.204327
1 0.641827 0.424279 0.163462 0.242788
1 0.591346 0.963942 0.177885 0.0721154
1 0.11899 0.411058 0.170673 0.225962
1 0.0805288 0.655048 0.146635 0.204327
1 0.830529 0.16226 0.170673 0.233173
1 0.157452 0.0877404 0.194712 0.175481
1 0.813702 0.563702 0.141827 0.204327
1 0.326923 0.609375 0.163462 0.189904
1 0.0913462 0.263221 0.139423 0.204327
1 0.680288 0.139423 0.144231 0.221154
1 0.370192 0.342548 0.168269 0.242788
1 0.227163 0.902644 0.15625 0.189904
1 0.938702 0.52524 0.122596 0.189904
1 0.373798 0.741587 0.185096 0.242788
0 0.242788 0.284856 0.0673077 0.0889423
1 0.100962 0.764423 0.139423 0.206731
2 0.754808 0.747596 0.1875 0.245192
1 0.508413 0.27524 0.15625 0.194712
1 0.914663 0.393029 0.170673 0.233173
