1 0.978365 0.527644 0.0432692 0.194712
1 0.290865 0.0637019 0.197115 0.127404
1 0.0300481 0.610577 0.0600962 0.3125
1 0.387019 0.942308 0.192308 0.115385
1 0.679087 0.889423 0.146635 0.173077
1 0.22476 0.69351 0.161058 0.209135
1 0.401442 0.867788 0.240385 0.264423
1 0.96274 0.210337 0.0745192 0.233173
1 0.643029 0.705529 0.194712 0.252404
1 0.959135 0.683894 0.0817308 0.194712
1 0.890625 0.840144 0.15625 0.209135
1 0.234375 0.19351 0.127404 0.194712
1 0.622596 0.957933 0.139423 0.0841346
1 0.451923 0.0829327 0.1875 0.165865
1 0.195913 0.420673 0.204327 0.254808
1 0.455529 0.598558 0.199519 0.216346
2 0.402644 0.313702 0.247596 0.310096
1 0.746394 0.502404 0.175481 0.211538
