0 0.279687 0.03125 0.184375 0.0625
0 0.949219 0.953125 0.0984375 0.09375
0 0.480469 0.444792 0.189063 0.239583
0 0.538281 0.980208 0.164062 0.0395833
0 0.384375 0.454167 0.140625 0.229167
0 0.810156 0.483333 0.154687 0.170833
0 0.140625 0.127083 0.16875 0.204167
0 0.742969 0.419792 0.154687 0.185417
0 0.923437 0.414583 0.153125 0.216667
0 0.36875 0.978125 0.165625 0.04375
0 0.0453125 0.835417 0.090625 0.204167
0 0.909375 0.172917 0.1625 0.2125
0 0.879687 0.873958 0.18125 0.19375
0 0.028125 0.155208 0.05625 0.20625
0 0.802344 0.255208 0.160938 0.189583
0 0.0882813 0.330208 0.151562 0.20625
0 0.349219 0.715625 0.151562 0.20625
0 0.144531 0.882292 0.167187 0.197917
0 0.90625 0.675 0.1625 0.225
0 0.476562 0.71875 0.1625 0.208333
0 0.602344 0.508333 0.160938 0.216667
0 0.754687 0.715625 0.171875 0.202083
0 0.245312 0.348958 0.178125 0.23125
0 0.201562 0.614583 0.165625 0.195833
1 0.491406 0.172917 0.342187 0.345833
