0 0.984375 0.88125 0.03125 0.2375
0 0.582031 0.371875 0.179688 0.172917
0 0.9625 0.40625 0.075 0.225
0 0.053125 0.947917 0.10625 0.104167
0 0.78125 0.580208 0.140625 0.235417
0 0.813281 0.846875 0.148438 0.210417
0 0.985156 0.227083 0.0296875 0.158333
0 0.639063 0.0229167 0.203125 0.0458333
0 0.9125 0.198958 0.14375 0.19375
0 0.154687 0.7125 0.15 0.175
0 0.0914062 0.046875 0.176563 0.09375
0 0.040625 0.395833 0.08125 0.266667
0 0.571094 0.535417 0.201562 0.233333
0 0.895312 0.81875 0.153125 0.229167
0 0.265625 0.0979167 0.19375 0.195833
0 0.671875 0.4 0.153125 0.1875
0 0.129688 0.464583 0.1375 0.216667
0 0.446875 0.919792 0.15 0.160417
0 0.720312 0.779167 0.159375 0.2
1 0.319531 0.390625 0.282813 0.360417
