0 0.440625 0.025 0.1625 0.05
0 0.107813 0.0770833 0.15 0.154167
0 0.571875 0.585417 0.1625 0.145833
0 0.0476562 0.235417 0.0953125 0.216667
0 0.907812 0.684375 0.165625 0.222917
0 0.201562 0.813542 0.184375 0.235417
0 0.804688 0.544792 0.178125 0.227083
0 0.450781 0.486458 0.151562 0.185417
0 0.277344 0.892708 0.182812 0.19375
0 0.1375 0.951042 0.125 0.0979167
0 0.953125 0.84375 0.09375 0.204167
0 0.708594 0.721875 0.170312 0.239583
0 0.409375 0.06875 0.1625 0.1375
0 0.186719 0.479167 0.142188 0.175
0 0.810156 0.319792 0.167187 0.202083
0 0.364844 0.80625 0.135937 0.1625
0 0.133594 0.228125 0.148438 0.21875
0 0.553125 0.436458 0.1625 0.189583
0 0.951563 0.488542 0.096875 0.210417
0 0.0703125 0.573958 0.140625 0.272917
0 0.71875 0.922917 0.165625 0.154167
0 0.5125 0.945833 0.140625 0.108333
0 0.375 0.304167 0.16875 0.195833
0 0.94375 0.2625 0.1125 0.204167
0 0.286719 0.170833 0.157813 0.208333
1 0.617188 0.16875 0.271875 0.320833
