0 0.984375 0.0645833 0.03125 0.120833
0 0.8375 0.447917 0.134375 0.245833
0 0.179688 0.0802083 0.153125 0.15625
0 0.0726563 0.907292 0.145313 0.18125
0 0.96875 0.49375 0.0625 0.220833
0 0.259375 0.929167 0.20625 0.141667
0 0.328125 0.0416667 0.165625 0.0833333
0 0.933594 0.838542 0.132812 0.21875
0 0.0335938 0.216667 0.0671875 0.245833
0 0.0273438 0.503125 0.0546875 0.214583
0 0.935938 0.120833 0.128125 0.216667
0 0.760938 0.45 0.165625 0.216667
1 0.557031 0.86875 0.314063 0.2625
0 0.0882813 0.075 0.142188 0.15
0 0.257812 0.765625 0.134375 0.19375
0 0.557813 0.075 0.178125 0.15
0 0.346094 0.570833 0.182812 0.216667
0 0.567187 0.623958 0.184375 0.222917
0 0.463281 0.432292 0.160938 0.21875
0 0.173438 0.315625 0.175 0.235417
0 0.189063 0.525 0.15 0.216667
0 0.328125 0.223958 0.165625 0.222917
0 0.719531 0.205208 0.179688 0.23125
