0 0.309375 0.6 0.1375 0.204167
0 0.767969 0.459375 0.223438 0.222917
0 0.0148437 0.346875 0.0296875 0.227083
0 0.285937 0.966667 0.140625 0.0666667
0 0.479688 0.958333 0.146875 0.0833333
0 0.0203125 0.844792 0.040625 0.202083
0 0.873438 0.639583 0.165625 0.2
0 0.725781 0.078125 0.179688 0.15625
0 0.348437 0.263542 0.171875 0.239583
0 0.192969 0.530208 0.157813 0.227083
0 0.454688 0.770833 0.178125 0.179167
0 0.06875 0.0541667 0.1375 0.108333
0 0.917969 0.748958 0.151562 0.185417
0 0.136719 0.888542 0.189063 0.214583
0 0.942187 0.43125 0.115625 0.2125
0 0.0929687 0.583333 0.182812 0.241667
0 0.221094 0.0875 0.157813 0.175
0 0.116406 0.184375 0.185937 0.24375
0 0.842969 0.934375 0.167187 0.13125
0 0.907812 0.101042 0.184375 0.185417
0 0.321094 0.807292 0.189063 0.23125
0 0.394531 0.096875 0.167187 0.19375
0 0.564844 0.176042 0.167187 0.23125
1 0.492969 0.478125 0.382812 0.427083
0 0.789844 0.247917 0.192188 0.229167
0 0.665625 0.676042 0.16875 0.20625
0 0.666406 0.891667 0.176563 0.2125
