0 0.985937 0.172917 0.028125 0.1875
0 0.0164062 0.1375 0.0328125 0.208333
0 0.20625 0.0635417 0.16875 0.127083
0 0.317969 0.432292 0.157813 0.20625
0 0.971875 0.897917 0.053125 0.2
0 0.952344 0.245833 0.0953125 0.220833
0 0.235938 0.940625 0.196875 0.114583
0 0.809375 0.934375 0.184375 0.13125
0 0.772656 0.811458 0.170312 0.172917
0 0.617969 0.0583333 0.167187 0.116667
0 0.0632813 0.952083 0.123438 0.0958333
0 0.939062 0.690625 0.11875 0.177083
0 0.864062 0.516667 0.18125 0.179167
0 0.786719 0.633333 0.170312 0.208333
0 0.851562 0.120833 0.178125 0.241667
0 0.31875 0.821875 0.1875 0.18125
0 0.8375 0.346875 0.178125 0.177083
0 0.354688 0.307292 0.190625 0.247917
0 0.592188 0.196875 0.171875 0.197917
0 0.466406 0.814583 0.185937 0.216667
0 0.646094 0.847917 0.164062 0.208333
0 0.114063 0.246875 0.184375 0.214583
0 0.130469 0.78125 0.167187 0.208333
0 0.123438 0.448958 0.15625 0.185417
0 0.2375 0.63125 0.165625 0.220833
1 0.557031 0.49375 0.370313 0.429167
