0 0.0324519 0.858173 0.0649038 0.216346
1 0.454327 0.0697115 0.168269 0.139423
1 0.417067 0.192308 0.199519 0.211538
1 0.966346 0.0396635 0.0673077 0.0793269
1 0.436298 0.754808 0.151442 0.221154
0 0.536058 0.0264423 0.192308 0.0528846
1 0.492788 0.710337 0.163462 0.175481
1 0.299279 0.371394 0.170673 0.257212
1 0.53726 0.0276442 0.180288 0.0552885
0 0.967548 0.0372596 0.0649038 0.0745192
1 0.0721154 0.96875 0.139423 0.0625
1 0.733173 0.635817 0.168269 0.247596
1 0.241587 0.951923 0.15625 0.0961538
1 0.0877404 0.0216346 0.137019 0.0432692
0 0.841346 0.0168269 0.153846 0.0336538
1 0.949519 0.424279 0.100962 0.204327
1 0.314904 0.0805288 0.182692 0.161058
1 0.961538 0.191106 0.0769231 0.185096
1 0.420673 0.93149 0.153846 0.137019
1 0.914663 0.560096 0.170673 0.168269
1 0.924279 0.790865 0.151442 0.201923
1 0.847356 0.84375 0.194712 0.254808
1 0.165865 0.127404 0.1875 0.235577
1 0.793269 0.956731 0.206731 0.0865385
1 0.316106 0.554087 0.170673 0.237981
1 0.0673077 0.47476 0.134615 0.223558
1 0.65024 0.8125 0.161058 0.201923
2 0.548077 0.46274 0.384615 0.478365
