0 0.161719 0.040625 0.192188 0.08125
0 0.0492188 0.510417 0.0984375 0.1875
0 0.275 0.740625 0.1625 0.189583
0 0.604688 0.295833 0.196875 0.191667
0 0.796094 0.410417 0.192188 0.204167
0 0.153125 0.935417 0.171875 0.129167
0 0.535937 0.858333 0.190625 0.25
0 0.078125 0.323958 0.15625 0.23125
0 0.621875 0.50625 0.14375 0.204167
1 0.424219 0.554167 0.323438 0.475
0 0.332031 0.914583 0.164062 0.170833
0 0.764063 0.907292 0.159375 0.185417
0 0.6 0.096875 0.18125 0.19375
0 0.3875 0.25625 0.1625 0.1875
0 0.83125 0.613542 0.19375 0.227083
0 0.915625 0.166667 0.16875 0.254167
0 0.0875 0.758333 0.175 0.25
0 0.763281 0.176042 0.145313 0.21875
