0 0.853906 0.722917 0.164062 0.191667
0 0.985937 0.522917 0.028125 0.229167
0 0.779688 0.046875 0.121875 0.09375
0 0.925 0.957292 0.14375 0.0854167
0 0.84375 0.842708 0.1375 0.21875
0 0.0515625 0.294792 0.103125 0.227083
0 0.238281 0.0833333 0.167187 0.1625
0 0.260156 0.272917 0.154687 0.1875
0 0.173438 0.946875 0.121875 0.10625
0 0.65625 0.896875 0.196875 0.20625
0 0.49375 0.923958 0.15625 0.152083
0 0.959375 0.172917 0.08125 0.208333
0 0.849219 0.28125 0.195312 0.2125
0 0.674219 0.694792 0.151562 0.189583
0 0.414844 0.0822917 0.176563 0.164583
0 0.303906 0.921875 0.145313 0.15625
0 0.0523437 0.942708 0.104687 0.114583
0 0.879687 0.501042 0.146875 0.20625
0 0.440625 0.685417 0.18125 0.220833
0 0.639063 0.0770833 0.159375 0.154167
0 0.742969 0.445833 0.164062 0.208333
0 0.144531 0.446875 0.139062 0.227083
1 0.467969 0.35625 0.301562 0.391667
