0 0.0460938 0.780208 0.0921875 0.20625
0 0.409375 0.9625 0.190625 0.075
0 0.0992187 0.746875 0.160938 0.20625
0 0.826563 0.05 0.134375 0.1
0 0.882812 0.203125 0.146875 0.19375
0 0.96875 0.158333 0.0625 0.1625
0 0.900781 0.805208 0.176563 0.21875
0 0.0296875 0.557292 0.059375 0.222917
0 0.921875 0.046875 0.15 0.09375
0 0.238281 0.0489583 0.179688 0.09375
0 0.7125 0.458333 0.1375 0.195833
0 0.0421875 0.0645833 0.084375 0.129167
0 0.202344 0.43125 0.151562 0.191667
0 0.940625 0.625 0.11875 0.241667
0 0.207031 0.163542 0.185937 0.172917
0 0.0773437 0.216667 0.151562 0.195833
0 0.753906 0.920833 0.198437 0.158333
0 0.578125 0.310417 0.18125 0.241667
1 0.417188 0.721875 0.384375 0.447917
0 0.158594 0.894792 0.164062 0.19375
