0 0.227344 0.309375 0.164062 0.19375
0 0.403906 0.979167 0.148438 0.0416667
0 0.749219 0.0666667 0.142188 0.133333
0 0.228125 0.9625 0.16875 0.075
0 0.960938 0.121875 0.078125 0.177083
0 0.963281 0.898958 0.0734375 0.18125
0 0.970312 0.773958 0.059375 0.189583
0 0.678125 0.289583 0.2125 0.208333
0 0.842188 0.115625 0.146875 0.19375
0 0.789062 0.835417 0.165625 0.208333
0 0.853906 0.722917 0.164062 0.2125
0 0.435937 0.105208 0.153125 0.197917
0 0.0421875 0.839583 0.084375 0.2625
0 0.028125 0.0854167 0.053125 0.1625
0 0.965625 0.513542 0.06875 0.222917
0 0.577344 0.936458 0.135937 0.127083
0 0.735937 0.933333 0.153125 0.133333
0 0.0820312 0.504167 0.157813 0.191667
0 0.673437 0.491667 0.190625 0.183333
0 0.274219 0.105208 0.154687 0.20625
0 0.159375 0.838542 0.15 0.210417
0 0.592188 0.08125 0.178125 0.1625
0 0.392188 0.345833 0.146875 0.2
0 0.529688 0.761458 0.178125 0.23125
0 0.122656 0.120833 0.148438 0.2
1 0.321094 0.689583 0.251563 0.329167
0 0.8625 0.433333 0.16875 0.225
