0 0.350781 0.0229167 0.110937 0.0458333
0 0.9875 0.296875 0.025 0.189583
0 0.921875 0.0239583 0.15625 0.0479167
0 0.954687 0.772917 0.090625 0.220833
0 0.472656 0.2 0.148438 0.191667
0 0.0226563 0.939583 0.0453125 0.116667
0 0.857813 0.910417 0.165625 0.179167
0 0.161719 0.9375 0.179688 0.125
0 0.180469 0.752083 0.179688 0.2125
0 0.522656 0.24375 0.164062 0.191667
0 0.798437 0.0927083 0.125 0.18125
0 0.674219 0.385417 0.192188 0.1625
0 0.3875 0.616667 0.171875 0.291667
0 0.953125 0.513542 0.09375 0.210417
0 0.351562 0.95 0.184375 0.1
0 0.6125 0.945833 0.16875 0.108333
0 0.0476562 0.261458 0.0953125 0.189583
0 0.932813 0.142708 0.134375 0.210417
0 0.608594 0.08125 0.173438 0.1625
0 0.502344 0.819792 0.167187 0.23125
0 0.1375 0.394792 0.18125 0.227083
0 0.732031 0.188542 0.123438 0.16875
0 0.192969 0.61875 0.176563 0.216667
0 0.519531 0.471875 0.157813 0.227083
0 0.200781 0.170833 0.198437 0.241667
0 0.848437 0.316667 0.165625 0.208333
1 0.707031 0.677083 0.376563 0.4375
