0 0.354688 0.669792 0.159375 0.214583
0 0.984375 0.06875 0.03125 0.1375
0 0.671094 0.220833 0.157813 0.225
0 0.6125 0.639583 0.165625 0.2625
0 0.921875 0.203125 0.14375 0.222917
0 0.410937 0.979167 0.16875 0.0416667
0 0.329688 0.380208 0.159375 0.20625
0 0.01875 0.585417 0.0375 0.229167
0 0.0460938 0.04375 0.0921875 0.0875
0 0.595312 0.179167 0.1625 0.241667
0 0.386719 0.0614583 0.185937 0.122917
0 0.9625 0.484375 0.075 0.23125
0 0.552344 0.0333333 0.164062 0.0666667
0 0.0203125 0.311458 0.040625 0.18125
0 0.496094 0.38125 0.160938 0.204167
0 0.194531 0.0364583 0.189063 0.0729167
0 0.882812 0.0375 0.171875 0.075
0 0.0890625 0.460417 0.175 0.245833
0 0.785156 0.153125 0.126563 0.189583
0 0.065625 0.834375 0.128125 0.19375
0 0.745313 0.95 0.171875 0.1
0 0.435937 0.202083 0.178125 0.208333
0 0.607813 0.411458 0.184375 0.214583
0 0.214844 0.7875 0.151562 0.204167
0 0.875781 0.419792 0.157813 0.189583
0 0.264062 0.479167 0.178125 0.220833
0 0.610937 0.895833 0.153125 0.208333
0 0.334375 0.876042 0.159375 0.202083
0 0.0953125 0.2 0.165625 0.220833
1 0.855469 0.755208 0.289062 0.385417
