0 0.129688 0.305208 0.1375 0.202083
0 0.0414063 0.752083 0.0828125 0.229167
0 0.084375 0.979167 0.165625 0.0416667
0 0.217187 0.9375 0.140625 0.116667
0 0.619531 0.969792 0.145313 0.0604167
0 0.878125 0.821875 0.18125 0.172917
0 0.611719 0.479167 0.129688 0.225
0 0.04375 0.522917 0.0875 0.191667
0 0.898438 0.952083 0.1875 0.0958333
0 0.917188 0.108333 0.165625 0.216667
0 0.260938 0.0552083 0.175 0.10625
0 0.0601562 0.307292 0.120312 0.21875
0 0.964844 0.348958 0.0703125 0.222917
0 0.732813 0.4125 0.15 0.2375
0 0.932813 0.611458 0.134375 0.24375
0 0.757031 0.639583 0.151562 0.195833
0 0.269531 0.220833 0.160938 0.2125
0 0.874219 0.382292 0.145313 0.20625
0 0.551562 0.646875 0.165625 0.19375
0 0.686719 0.844792 0.151562 0.19375
0 0.417969 0.0916667 0.170312 0.183333
0 0.523438 0.875 0.165625 0.229167
0 0.705469 0.161458 0.167187 0.23125
0 0.547656 0.2375 0.164062 0.2
1 0.192188 0.683333 0.30625 0.420833
