1 0.622596 0.948317 0.158654 0.103365
1 0.316106 0.344952 0.257212 0.242788
1 0.0264423 0.950721 0.0528846 0.0985577
1 0.0901442 0.768029 0.151442 0.185096
1 0.96274 0.165865 0.0745192 0.153846
1 0.133413 0.951923 0.199519 0.0961538
0 0.429087 0.924279 0.0600962 0.0649038
1 0.5625 0.6875 0.206731 0.259615
1 0.941106 0.515625 0.117788 0.209135
0 0.959135 0.167067 0.0769231 0.151442
1 0.65625 0.909856 0.163462 0.170673
1 0.046875 0.402644 0.09375 0.21875
1 0.0516827 0.046875 0.103365 0.09375
1 0.34375 0.152644 0.173077 0.180288
1 0.0805288 0.251202 0.137019 0.233173
1 0.515625 0.0408654 0.15625 0.0817308
1 0.65625 0.439904 0.192308 0.254808
1 0.939904 0.0745192 0.115385 0.149038
1 0.838942 0.448317 0.144231 0.170673
1 0.963942 0.889423 0.0721154 0.192308
1 0.21875 0.84375 0.158654 0.177885
1 0.489183 0.417067 0.165865 0.213942
2 0.235577 0.580529 0.25 0.319712
1 0.913462 0.709135 0.173077 0.225962
