0 0.677344 0.0552083 0.135937 0.110417
0 0.767969 0.736458 0.185937 0.189583
0 0.610937 0.85625 0.165625 0.245833
0 0.0140625 0.0864583 0.028125 0.160417
0 0.978906 0.0947917 0.0421875 0.18125
0 0.165625 0.404167 0.20625 0.166667
0 0.03125 0.775 0.0625 0.216667
0 0.0359375 0.492708 0.071875 0.239583
0 0.435937 0.03125 0.140625 0.0625
0 0.853906 0.090625 0.176563 0.177083
0 0.289844 0.0427083 0.154687 0.0854167
0 0.297656 0.208333 0.164062 0.233333
0 0.964063 0.442708 0.071875 0.21875
0 0.778906 0.841667 0.173438 0.195833
0 0.935938 0.844792 0.128125 0.214583
0 0.590625 0.0791667 0.178125 0.158333
0 0.299219 0.526042 0.170312 0.214583
0 0.101562 0.859375 0.15625 0.21875
0 0.739844 0.628125 0.195312 0.21875
0 0.417188 0.188542 0.15 0.20625
0 0.584375 0.45 0.190625 0.258333
0 0.514844 0.319792 0.145313 0.185417
0 0.864844 0.327083 0.195312 0.25
0 0.703906 0.239583 0.151562 0.204167
1 0.426562 0.780208 0.384375 0.43125
0 0.121094 0.0854167 0.151562 0.170833
