0 0.589063 0.68125 0.159375 0.229167
0 0.367188 0.0197917 0.184375 0.0395833
0 0.942187 0.025 0.115625 0.05
0 0.670313 0.964583 0.16875 0.0708333
0 0.971875 0.888542 0.05625 0.210417
0 0.971094 0.275 0.0578125 0.204167
0 0.914062 0.115625 0.121875 0.177083
0 0.323438 0.628125 0.221875 0.25625
0 0.0429688 0.666667 0.0859375 0.225
0 0.49375 0.120833 0.1875 0.208333
0 0.257031 0.954167 0.164062 0.0916667
0 0.0296875 0.122917 0.059375 0.220833
0 0.651563 0.15625 0.184375 0.254167
0 0.510938 0.911458 0.1625 0.177083
0 0.0625 0.8875 0.121875 0.220833
1 0.489062 0.414583 0.340625 0.45
0 0.710156 0.740625 0.195312 0.26875
0 0.253906 0.369792 0.176563 0.222917
0 0.0992187 0.488542 0.182812 0.202083
0 0.288281 0.14375 0.185937 0.233333
