0 0.653125 0.95 0.15 0.1
0 0.389844 0.405208 0.151562 0.18125
0 0.0140625 0.38125 0.028125 0.195833
0 0.794531 0.3375 0.145313 0.1875
0 0.0179687 0.146875 0.0359375 0.260417
0 0.348437 0.34375 0.184375 0.229167
0 0.0179687 0.851042 0.0359375 0.235417
0 0.191406 0.025 0.179688 0.05
0 0.0742188 0.965625 0.148438 0.06875
0 0.50625 0.675 0.1625 0.220833
0 0.873438 0.304167 0.165625 0.216667
0 0.419531 0.965625 0.170312 0.06875
0 0.951563 0.1375 0.096875 0.208333
0 0.963281 0.417708 0.0734375 0.19375
0 0.633594 0.705208 0.164062 0.18125
0 0.330469 0.630208 0.195312 0.25625
0 0.70625 0.38125 0.175 0.204167
0 0.910156 0.547917 0.167187 0.1875
0 0.723437 0.084375 0.2125 0.164583
0 0.464844 0.821875 0.164062 0.214583
0 0.128125 0.838542 0.175 0.210417
0 0.3625 0.10625 0.1875 0.2125
0 0.100781 0.167708 0.160938 0.214583
0 0.261719 0.773958 0.151562 0.21875
0 0.135156 0.447917 0.170312 0.195833
1 0.8625 0.8 0.26875 0.4
0 0.616406 0.228125 0.195312 0.21875
