0 0.0351562 0.240625 0.0703125 0.214583
0 0.8625 0.689583 0.171875 0.204167
0 0.600781 0.594792 0.173438 0.222917
0 0.0382813 0.85 0.0765625 0.233333
0 0.853906 0.784375 0.157813 0.202083
0 0.978125 0.74375 0.04375 0.2125
0 0.478906 0.0354167 0.157813 0.0708333
0 0.827344 0.452083 0.167187 0.2125
0 0.959375 0.51875 0.08125 0.195833
0 0.310937 0.209375 0.175 0.15625
0 0.314844 0.0635417 0.157813 0.122917
0 0.349219 0.370833 0.179688 0.191667
0 0.815625 0.046875 0.15625 0.09375
0 0.735937 0.494792 0.159375 0.24375
0 0.667188 0.7125 0.159375 0.2
0 0.946875 0.0802083 0.10625 0.152083
0 0.282031 0.576042 0.164062 0.20625
0 0.464844 0.246875 0.157813 0.210417
0 0.945312 0.916667 0.10625 0.166667
0 0.142188 0.0833333 0.18125 0.166667
0 0.0632813 0.339583 0.126563 0.204167
0 0.490625 0.460417 0.15625 0.1875
0 0.632812 0.0802083 0.178125 0.160417
0 0.183594 0.875 0.176563 0.220833
0 0.176563 0.347917 0.153125 0.220833
0 0.817187 0.223958 0.196875 0.227083
0 0.119531 0.560417 0.160938 0.2125
1 0.435937 0.801042 0.34375 0.39375
