0 0.766406 0.358333 0.154687 0.208333
0 0.0226563 0.0739583 0.0453125 0.14375
0 0.908594 0.222917 0.167187 0.1875
0 0.185937 0.122917 0.209375 0.154167
0 0.979688 0.494792 0.040625 0.177083
0 0.667188 0.385417 0.184375 0.216667
0 0.378906 0.114583 0.185937 0.220833
0 0.232812 0.26875 0.140625 0.1875
0 0.405469 0.944792 0.167187 0.110417
0 0.925 0.347917 0.15 0.195833
0 0.96875 0.934375 0.0625 0.13125
0 0.489062 0.053125 0.171875 0.10625
0 0.947656 0.704167 0.101562 0.220833
0 0.174219 0.926042 0.167187 0.147917
0 0.85625 0.065625 0.153125 0.13125
0 0.0726563 0.841667 0.142188 0.225
0 0.0570313 0.272917 0.114063 0.225
0 0.6625 0.05625 0.15625 0.1125
0 0.378906 0.353125 0.173438 0.247917
0 0.69375 0.5375 0.165625 0.216667
0 0.390625 0.727083 0.175 0.204167
0 0.829687 0.854167 0.165625 0.225
0 0.563281 0.204167 0.176563 0.208333
1 0.1625 0.544792 0.325 0.427083
0 0.671875 0.753125 0.1625 0.214583
0 0.548437 0.889583 0.14375 0.195833
