0 0.0578125 0.5625 0.115625 0.229167
0 0.942187 0.445833 0.115625 0.2625
0 0.680469 0.308333 0.142188 0.191667
0 0.492188 0.572917 0.190625 0.195833
0 0.0609375 0.80625 0.11875 0.1875
0 0.154687 0.309375 0.115625 0.16875
0 0.284375 0.0229167 0.15625 0.0458333
0 0.0304688 0.360417 0.0609375 0.183333
0 0.430469 0.330208 0.160938 0.20625
0 0.225 0.922917 0.18125 0.154167
0 0.507812 0.3625 0.153125 0.208333
0 0.9375 0.742708 0.125 0.185417
0 0.739844 0.234375 0.154687 0.202083
0 0.571875 0.942708 0.20625 0.114583
0 0.796875 0.463542 0.16875 0.23125
0 0.257812 0.7375 0.159375 0.208333
0 0.0609375 0.0354167 0.121875 0.0708333
0 0.928906 0.877083 0.139062 0.229167
0 0.195312 0.205208 0.15625 0.222917
0 0.928125 0.582292 0.1375 0.210417
0 0.758594 0.577083 0.160938 0.220833
0 0.111719 0.617708 0.176563 0.24375
0 0.0539063 0.238542 0.107813 0.214583
0 0.9375 0.275 0.125 0.233333
0 0.592969 0.0927083 0.164062 0.185417
0 0.773438 0.834375 0.159375 0.222917
0 0.776563 0.071875 0.159375 0.14375
0 0.917969 0.075 0.160938 0.15
0 0.06875 0.904167 0.1375 0.191667
0 0.357812 0.725 0.16875 0.216667
1 0.623438 0.773958 0.253125 0.327083
0 0.260938 0.509375 0.171875 0.214583
0 0.385156 0.107292 0.182812 0.214583
