0 0.365625 0.122917 0.140625 0.183333
0 0.0664062 0.721875 0.132812 0.197917
0 0.296875 0.936458 0.1375 0.127083
0 0.0507812 0.236458 0.101562 0.177083
0 0.324219 0.391667 0.189063 0.241667
0 0.671875 0.0802083 0.14375 0.160417
0 0.75625 0.944792 0.19375 0.110417
0 0.644531 0.341667 0.167187 0.25
0 0.967969 0.552083 0.0640625 0.204167
0 0.270312 0.578125 0.171875 0.197917
0 0.0820312 0.3875 0.154687 0.241667
0 0.914062 0.210417 0.171875 0.233333
0 0.440625 0.875 0.1625 0.175
0 0.132812 0.103125 0.16875 0.20625
0 0.74375 0.548958 0.175 0.239583
1 0.49375 0.61875 0.2 0.304167
