1 0.258413 0.509615 0.21875 0.211538
1 0.311298 0.453125 0.165865 0.223558
1 0.760817 0.0757212 0.189904 0.151442
1 0.305288 0.895433 0.197115 0.209135
1 0.104567 0.907452 0.209135 0.185096
1 0.777644 0.875 0.194712 0.221154
1 0.360577 0.24399 0.158654 0.189904
1 0.0216346 0.311298 0.0432692 0.276442
1 0.0805288 0.665865 0.161058 0.25
1 0.96274 0.896635 0.0745192 0.197115
1 0.602163 0.705529 0.185096 0.257212
1 0.346154 0.106971 0.158654 0.209135
1 0.186298 0.245192 0.180288 0.211538
1 0.355769 0.697115 0.168269 0.211538
1 0.0444712 0.100962 0.0889423 0.197115
1 0.165865 0.0661058 0.158654 0.132212
1 0.569712 0.925481 0.173077 0.149038
1 0.917067 0.324519 0.165865 0.221154
1 0.776442 0.647837 0.177885 0.228365
2 0.580529 0.360577 0.372596 0.490385
1 0.455529 0.830529 0.15625 0.21875
1 0.919471 0.543269 0.161058 0.225962
