1 0.0180288 0.259615 0.0360577 0.269231
0 0.544471 0.352163 0.0600962 0.0697115
1 0.955529 0.737981 0.0889423 0.201923
1 0.149038 0.77524 0.134615 0.194712
1 0.865385 0.639423 0.192308 0.206731
1 0.926683 0.645433 0.146635 0.194712
1 0.548077 0.13101 0.163462 0.204327
1 0.584135 0.939904 0.1875 0.120192
1 0.894231 0.981971 0.173077 0.0360577
1 0.442308 0.854567 0.192308 0.209135
1 0.727163 0.646635 0.15625 0.221154
0 0.629808 0.170673 0.0673077 0.0817308
1 0.551683 0.0396635 0.185096 0.0793269
1 0.302885 0.824519 0.173077 0.225962
1 0.271635 0.567308 0.168269 0.245192
1 0.0420673 0.585337 0.0841346 0.21875
1 0.313702 0.417067 0.175481 0.189904
1 0.192308 0.955529 0.149038 0.0889423
1 0.915865 0.0805288 0.163462 0.161058
1 0.128606 0.0817308 0.180288 0.163462
1 0.879808 0.373798 0.192308 0.242788
1 0.673077 0.512019 0.173077 0.259615
1 0.688702 0.919471 0.189904 0.161058
1 0.921875 0.864183 0.15625 0.204327
1 0.757212 0.137019 0.173077 0.216346
2 0.46875 0.597356 0.254808 0.252404
