0 0.774219 0.711458 0.167187 0.222917
0 0.807031 0.0614583 0.157813 0.122917
0 0.984375 0.480208 0.03125 0.189583
0 0.938281 0.886458 0.123438 0.210417
0 0.0679687 0.0489583 0.132812 0.0979167
0 0.524219 0.926042 0.160938 0.147917
0 0.867188 0.765625 0.153125 0.197917
0 0.021875 0.904167 0.04375 0.191667
0 0.0210938 0.65625 0.0421875 0.220833
0 0.357031 0.034375 0.173438 0.06875
0 0.970312 0.282292 0.059375 0.189583
0 0.628906 0.813542 0.167187 0.210417
0 0.9375 0.096875 0.125 0.19375
0 0.392969 0.917708 0.154687 0.164583
0 0.165625 0.898958 0.165625 0.202083
0 0.182031 0.678125 0.192188 0.214583
0 0.617969 0.101042 0.198437 0.202083
0 0.320312 0.772917 0.159375 0.204167
0 0.305469 0.49375 0.148438 0.220833
0 0.171875 0.192708 0.146875 0.19375
0 0.482031 0.732292 0.151562 0.210417
0 0.14375 0.394792 0.18125 0.23125
1 0.720312 0.403125 0.346875 0.502083
