0 0.725 0.438542 0.140625 0.164583
0 0.479688 0.264583 0.153125 0.204167
0 0.0140625 0.507292 0.028125 0.210417
0 0.255469 0.747917 0.154687 0.179167
0 0.611719 0.20625 0.148438 0.195833
0 0.0203125 0.790625 0.040625 0.21875
0 0.872656 0.0385417 0.160938 0.0770833
0 0.369531 0.803125 0.179688 0.210417
0 0.698438 0.707292 0.171875 0.235417
0 0.0960938 0.927083 0.167187 0.145833
0 0.0695312 0.255208 0.139062 0.23125
0 0.255469 0.101042 0.151562 0.19375
0 0.965625 0.191667 0.06875 0.2125
0 0.965625 0.741667 0.06875 0.170833
0 0.585156 0.269792 0.179688 0.21875
0 0.424219 0.127083 0.154687 0.225
0 0.228125 0.891667 0.190625 0.2
0 0.472656 0.940625 0.129688 0.114583
0 0.827344 0.597917 0.173438 0.208333
0 0.645312 0.491667 0.153125 0.179167
0 0.114063 0.730208 0.153125 0.227083
1 0.310937 0.476042 0.3375 0.460417
