0 0.846875 0.185417 0.196875 0.216667
0 0.03125 0.50625 0.0625 0.216667
0 0.964063 0.0614583 0.071875 0.122917
0 0.0625 0.332292 0.125 0.20625
0 0.028125 0.275 0.05625 0.2
0 0.302344 0.0447917 0.170312 0.0895833
0 0.222656 0.197917 0.148438 0.25
0 0.964844 0.165625 0.0703125 0.197917
0 0.900781 0.947917 0.160938 0.104167
0 0.126563 0.902083 0.165625 0.175
0 0.317969 0.188542 0.151562 0.19375
0 0.0335938 0.652083 0.0671875 0.1875
0 0.321875 0.411458 0.146875 0.21875
0 0.854688 0.0885417 0.159375 0.172917
0 0.95625 0.525 0.0875 0.183333
0 0.428125 0.935417 0.146875 0.129167
0 0.945312 0.735417 0.109375 0.2125
0 0.139062 0.740625 0.140625 0.189583
0 0.09375 0.0875 0.134375 0.175
0 0.28125 0.69375 0.18125 0.254167
0 0.849219 0.639583 0.129688 0.1875
0 0.815625 0.829167 0.1625 0.2
0 0.786719 0.433333 0.145313 0.183333
1 0.53125 0.314583 0.375 0.420833
