0 0.784375 0.191667 0.209375 0.220833
0 0.348437 0.891667 0.16875 0.2
0 0.370313 0.639583 0.165625 0.208333
0 0.450781 0.09375 0.179688 0.183333
0 0.0460938 0.0458333 0.0921875 0.0916667
0 0.735937 0.716667 0.159375 0.208333
0 0.348437 0.084375 0.184375 0.16875
0 0.860156 0.873958 0.182812 0.247917
0 0.0398437 0.234375 0.0796875 0.214583
0 0.182812 0.382292 0.14375 0.189583
0 0.461719 0.95 0.157813 0.1
0 0.842188 0.0375 0.184375 0.075
0 0.954687 0.752083 0.090625 0.2
0 0.473437 0.794792 0.128125 0.19375
0 0.0546875 0.895833 0.109375 0.208333
0 0.649219 0.0583333 0.179688 0.116667
0 0.503906 0.470833 0.204688 0.254167
0 0.895312 0.311458 0.153125 0.20625
0 0.129688 0.1375 0.1625 0.2125
0 0.660156 0.309375 0.185937 0.260417
1 0.109375 0.56875 0.21875 0.4375
