0 0.517187 0.979167 0.190625 0.0416667
0 0.669531 0.880208 0.148438 0.210417
0 0.934375 0.380208 0.13125 0.214583
0 0.960156 0.936458 0.0796875 0.127083
0 0.98125 0.54375 0.0375 0.2
0 0.940625 0.658333 0.11875 0.225
0 0.421875 0.0354167 0.178125 0.0708333
0 0.958594 0.0927083 0.0828125 0.164583
0 0.03125 0.725 0.0625 0.2
0 0.680469 0.429167 0.151562 0.2
0 0.732813 0.796875 0.1875 0.214583
0 0.0703125 0.908333 0.140625 0.183333
0 0.66875 0.167708 0.19375 0.24375
0 0.946875 0.257292 0.10625 0.222917
0 0.065625 0.75 0.13125 0.225
0 0.826563 0.385417 0.165625 0.225
0 0.467969 0.55 0.176563 0.258333
1 0.34375 0.320833 0.25625 0.25
0 0.0804688 0.426042 0.151562 0.197917
