0 0.623438 0.975 0.103125 0.05
0 0.0171875 0.591667 0.034375 0.208333
0 0.269531 0.596875 0.189063 0.185417
0 0.98125 0.390625 0.0375 0.202083
0 0.517187 0.69375 0.2125 0.216667
0 0.176563 0.0520833 0.190625 0.104167
0 0.382031 0.0822917 0.176563 0.164583
0 0.096875 0.414583 0.19375 0.266667
0 0.532812 0.866667 0.171875 0.208333
0 0.540625 0.146875 0.15625 0.210417
0 0.926562 0.561458 0.146875 0.222917
1 0.389062 0.386458 0.4125 0.485417
0 0.3125 0.820833 0.221875 0.2625
0 0.725781 0.0729167 0.160938 0.145833
0 0.103906 0.227083 0.179688 0.225
0 0.683594 0.376042 0.195312 0.239583
0 0.713281 0.877083 0.167187 0.229167
0 0.880469 0.286458 0.170312 0.247917
0 0.871875 0.786458 0.175 0.227083
