0 0.329688 0.98125 0.146875 0.0375
0 0.0921875 0.0416667 0.159375 0.0833333
0 0.420312 0.0197917 0.153125 0.0395833
0 0.625781 0.957292 0.170312 0.0854167
0 0.219531 0.704167 0.157813 0.2
0 0.652344 0.505208 0.185937 0.272917
0 0.195312 0.446875 0.153125 0.239583
0 0.466406 0.678125 0.139062 0.135417
0 0.760156 0.283333 0.157813 0.191667
0 0.105469 0.422917 0.151562 0.195833
0 0.6125 0.379167 0.128125 0.175
0 0.0507812 0.255208 0.0984375 0.197917
0 0.178906 0.239583 0.148438 0.229167
0 0.0976562 0.914583 0.167187 0.166667
0 0.910937 0.930208 0.165625 0.139583
0 0.945312 0.397917 0.109375 0.220833
0 0.495313 0.922917 0.171875 0.154167
0 0.758594 0.0708333 0.157813 0.141667
0 0.466406 0.525 0.176563 0.2
0 0.739062 0.848958 0.159375 0.197917
0 0.925781 0.189583 0.145313 0.195833
0 0.0757812 0.678125 0.151562 0.21875
1 0.413281 0.245833 0.354688 0.4625
0 0.624219 0.133333 0.145313 0.2125
