0 0.954687 0.960417 0.090625 0.0791667
0 0.946094 0.838542 0.104687 0.197917
0 0.0945313 0.385417 0.182812 0.229167
0 0.985156 0.653125 0.0296875 0.185417
0 0.579687 0.944792 0.203125 0.110417
0 0.0585938 0.76875 0.114063 0.254167
0 0.289062 0.0322917 0.175 0.0645833
0 0.327344 0.198958 0.223438 0.252083
0 0.38125 0.927083 0.18125 0.141667
0 0.13125 0.123958 0.2 0.222917
0 0.490625 0.196875 0.16875 0.222917
0 0.685156 0.161458 0.195312 0.252083
0 0.449219 0.686458 0.167187 0.252083
0 0.371094 0.440625 0.179688 0.252083
0 0.203906 0.9 0.170312 0.2
1 0.192188 0.616667 0.234375 0.333333
