0 0.303906 0.402083 0.176563 0.233333
0 0.415625 0.917708 0.153125 0.164583
0 0.759375 0.0208333 0.16875 0.0416667
0 0.165625 0.920833 0.16875 0.154167
0 0.327344 0.90625 0.170312 0.1875
0 0.196094 0.347917 0.154687 0.216667
0 0.5125 0.901042 0.16875 0.185417
0 0.554688 0.025 0.184375 0.05
0 0.889844 0.0666667 0.189063 0.133333
0 0.567187 0.701042 0.134375 0.189583
0 0.653125 0.447917 0.15 0.204167
0 0.05625 0.620833 0.109375 0.270833
0 0.0335938 0.865625 0.0640625 0.21875
0 0.94375 0.223958 0.1125 0.197917
0 0.917188 0.445833 0.165625 0.233333
0 0.0429688 0.0895833 0.0828125 0.179167
0 0.201562 0.121875 0.15 0.202083
0 0.505469 0.511458 0.145313 0.210417
0 0.344531 0.716667 0.164062 0.216667
0 0.50625 0.239583 0.18125 0.2125
1 0.759375 0.790625 0.36875 0.41875
0 0.791406 0.26875 0.167187 0.2125
