0 0.889063 0.685417 0.153125 0.208333
0 0.497656 0.935417 0.164062 0.129167
0 0.102344 0.613542 0.170312 0.222917
0 0.2625 0.0385417 0.171875 0.0770833
0 0.575 0.0197917 0.13125 0.0395833
0 0.276563 0.939583 0.1625 0.120833
0 0.423438 0.936458 0.14375 0.122917
0 0.960938 0.0291667 0.078125 0.0583333
0 0.264062 0.3375 0.165625 0.2125
0 0.967969 0.932292 0.0640625 0.135417
0 0.167187 0.51875 0.1875 0.2
0 0.0679687 0.111458 0.135937 0.202083
0 0.785156 0.0270833 0.167187 0.0541667
0 0.980469 0.60625 0.0390625 0.1875
0 0.645312 0.83125 0.171875 0.229167
0 0.104687 0.932292 0.153125 0.135417
0 0.0257812 0.589583 0.0515625 0.204167
0 0.790625 0.25625 0.15 0.2375
0 0.107813 0.760417 0.14375 0.195833
0 0.439063 0.0645833 0.171875 0.129167
0 0.715625 0.441667 0.18125 0.220833
0 0.244531 0.719792 0.164062 0.272917
0 0.589063 0.296875 0.184375 0.24375
1 0.430469 0.702083 0.257812 0.3375
