1 0.951923 0.408654 0.0961538 0.225962
0 0.34375 0.0132212 0.0576923 0.0264423
1 0.88101 0.436298 0.189904 0.204327
1 0.717548 0.332933 0.213942 0.21875
1 0.277644 0.864183 0.170673 0.199519
1 0.0408654 0.632212 0.0817308 0.288462
1 0.0288462 0.179087 0.0576923 0.247596
1 0.3125 0.177885 0.168269 0.1875
1 0.27524 0.94351 0.161058 0.112981
0 0.159856 0.141827 0.0600962 0.0769231
1 0.463942 0.0817308 0.182692 0.163462
1 0.694712 0.504808 0.182692 0.278846
1 0.143029 0.490385 0.199519 0.235577
1 0.263221 0.700721 0.165865 0.247596
1 0.354567 0.445913 0.170673 0.237981
1 0.0865385 0.0625 0.173077 0.125
1 0.46875 0.947115 0.177885 0.105769
1 0.651442 0.105769 0.177885 0.211538
1 0.858173 0.94351 0.1875 0.108173
1 0.512019 0.301683 0.173077 0.21875
0 0.481971 0.729567 0.0504808 0.0745192
1 0.935096 0.22476 0.129808 0.237981
1 0.103365 0.831731 0.1875 0.235577
2 0.625 0.826923 0.293269 0.346154
