0 0.911719 0.98125 0.160938 0.0375
0 0.0304688 0.338542 0.0609375 0.227083
0 0.765625 0.803125 0.15 0.210417
0 0.954687 0.269792 0.090625 0.210417
0 0.274219 0.939583 0.148438 0.120833
0 0.510156 0.333333 0.189063 0.25
0 0.277344 0.76875 0.154687 0.195833
0 0.534375 0.165625 0.178125 0.202083
0 0.945312 0.736458 0.109375 0.222917
0 0.541406 0.558333 0.189063 0.191667
0 0.08125 0.889583 0.1625 0.216667
0 0.666406 0.08125 0.167187 0.1625
0 0.198437 0.395833 0.140625 0.195833
0 0.238281 0.158333 0.176563 0.254167
0 0.08125 0.107292 0.1625 0.214583
0 0.846094 0.10625 0.176563 0.2125
0 0.314844 0.538542 0.167187 0.222917
0 0.109375 0.64375 0.1875 0.225
0 0.738281 0.505208 0.170312 0.210417
1 0.50625 0.816667 0.353125 0.366667
