0 0.54375 0.351042 0.15625 0.185417
0 0.015625 0.161458 0.028125 0.19375
0 0.44375 0.717708 0.1375 0.210417
0 0.0375 0.929167 0.071875 0.141667
0 0.832031 0.586458 0.179688 0.227083
0 0.0390625 0.334375 0.078125 0.235417
0 0.172656 0.333333 0.176563 0.258333
0 0.198437 0.794792 0.1625 0.227083
0 0.117188 0.104167 0.15 0.2
0 0.21875 0.0916667 0.178125 0.179167
0 0.732813 0.616667 0.159375 0.2
0 0.0578125 0.551042 0.115625 0.189583
0 0.61875 0.922917 0.19375 0.154167
0 0.476562 0.475 0.159375 0.241667
0 0.366406 0.727083 0.151562 0.204167
0 0.110156 0.876042 0.160938 0.23125
0 0.321875 0.523958 0.175 0.202083
0 0.628125 0.427083 0.15625 0.208333
0 0.145313 0.590625 0.159375 0.210417
0 0.864844 0.927083 0.157813 0.145833
0 0.94375 0.721875 0.1125 0.210417
0 0.921094 0.514583 0.154687 0.1625
0 0.877344 0.341667 0.148438 0.183333
1 0.682813 0.171875 0.371875 0.339583
0 0.357812 0.308333 0.1375 0.2
