0 0.21875 0.94375 0.11875 0.1125
0 0.267188 0.0291667 0.20625 0.0583333
0 0.0210938 0.720833 0.0421875 0.225
0 0.973437 0.6125 0.053125 0.1875
0 0.321094 0.559375 0.142188 0.202083
0 0.619531 0.9 0.154687 0.2
0 0.928906 0.395833 0.142188 0.229167
0 0.925 0.880208 0.15 0.239583
0 0.152344 0.533333 0.179688 0.195833
0 0.195312 0.767708 0.153125 0.214583
0 0.430469 0.38125 0.217187 0.291667
0 0.614062 0.623958 0.153125 0.222917
0 0.8625 0.223958 0.190625 0.247917
0 0.624219 0.277083 0.182812 0.270833
0 0.06875 0.898958 0.1375 0.202083
1 0.396094 0.815625 0.348437 0.36875
