0 0.520312 0.785417 0.165625 0.2625
0 0.24375 0.0427083 0.11875 0.0854167
0 0.560938 0.973958 0.140625 0.0520833
1 0.517187 0.788542 0.165625 0.260417
0 0.0203125 0.640625 0.040625 0.222917
0 0.959375 0.870833 0.08125 0.233333
0 0.63125 0.0822917 0.1625 0.164583
0 0.658594 0.627083 0.189063 0.229167
0 0.971875 0.157292 0.05625 0.19375
0 0.0445312 0.266667 0.0890625 0.25
0 0.379687 0.932292 0.140625 0.135417
1 0.425 0.232292 0.3875 0.460417
0 0.675 0.775 0.1625 0.233333
0 0.357031 0.544792 0.185937 0.227083
0 0.104687 0.0708333 0.171875 0.1375
0 0.652344 0.342708 0.154687 0.260417
0 0.951563 0.590625 0.096875 0.19375
0 0.0625 0.896875 0.125 0.202083
0 0.224219 0.939583 0.129688 0.120833
0 0.215625 0.740625 0.2 0.222917
0 0.784375 0.096875 0.1625 0.19375
0 0.885938 0.339583 0.159375 0.204167
0 0.10625 0.517708 0.165625 0.235417
