0 0.783594 0.685417 0.148438 0.204167
0 0.660937 0.141667 0.203125 0.2625
0 0.722656 0.652083 0.142188 0.204167
0 0.221875 0.03125 0.121875 0.0625
0 0.882812 0.735417 0.178125 0.204167
0 0.810156 0.925 0.210938 0.15
0 0.396094 0.316667 0.148438 0.1625
0 0.0171875 0.821875 0.034375 0.197917
0 0.285156 0.970833 0.135937 0.0583333
0 0.920313 0.0979167 0.153125 0.179167
0 0.900781 0.447917 0.173438 0.208333
0 0.0320312 0.5875 0.0640625 0.25
0 0.084375 0.0270833 0.146875 0.0541667
0 0.963281 0.9125 0.0734375 0.175
0 0.748438 0.3875 0.15625 0.208333
0 0.473437 0.538542 0.1875 0.21875
0 0.565625 0.81875 0.175 0.229167
0 0.350781 0.702083 0.167187 0.170833
0 0.310156 0.464583 0.135937 0.183333
0 0.663281 0.376042 0.145313 0.18125
0 0.24375 0.194792 0.146875 0.19375
0 0.409375 0.895833 0.1875 0.208333
0 0.146875 0.534375 0.16875 0.247917
0 0.914844 0.228125 0.170312 0.20625
0 0.125781 0.248958 0.160938 0.202083
0 0.153125 0.901042 0.175 0.197917
1 0.4375 0.121875 0.325 0.24375
