0 0.558594 0.9375 0.198437 0.125
0 0.364844 0.252083 0.173438 0.216667
0 0.640625 0.788542 0.175 0.239583
0 0.310156 0.119792 0.192188 0.19375
0 0.826563 0.95625 0.171875 0.0875
0 0.504687 0.0989583 0.190625 0.19375
0 0.117969 0.021875 0.182812 0.04375
0 0.0929687 0.75 0.151562 0.154167
0 0.934375 0.791667 0.13125 0.233333
0 0.957812 0.330208 0.084375 0.19375
0 0.970312 0.575 0.059375 0.2
0 0.957812 0.201042 0.084375 0.185417
0 0.825781 0.547917 0.154687 0.220833
0 0.0710938 0.428125 0.142188 0.210417
0 0.300781 0.947917 0.182812 0.104167
0 0.932813 0.0635417 0.134375 0.127083
0 0.635938 0.4625 0.153125 0.183333
1 0.428125 0.528125 0.20625 0.28125
0 0.255469 0.788542 0.207813 0.25625
0 0.535937 0.302083 0.165625 0.229167
0 0.167187 0.245833 0.19375 0.216667
