1 0.570913 0.427885 0.180288 0.240385
1 0.170673 0.269231 0.168269 0.235577
1 0.497596 0.143029 0.192308 0.262019
1 0.492788 0.0336538 0.173077 0.0673077
1 0.78125 0.959135 0.134615 0.0817308
1 0.0288462 0.938702 0.0528846 0.122596
1 0.856971 0.0360577 0.175481 0.0721154
1 0.43149 0.600962 0.161058 0.201923
1 0.956731 0.102163 0.0865385 0.199519
0 0.292067 0.903846 0.112981 0.139423
1 0.102163 0.778846 0.204327 0.206731
1 0.257212 0.199519 0.177885 0.25
1 0.961538 0.356971 0.0769231 0.242788
1 0.0588942 0.0661058 0.112981 0.132212
1 0.597356 0.644231 0.165865 0.235577
1 0.0360577 0.43149 0.0721154 0.209135
1 0.885817 0.889423 0.161058 0.216346
2 0.490385 0.865385 0.197115 0.254808
0 0.168269 0.456731 0.0528846 0.0769231
1 0.36899 0.471154 0.194712 0.182692
1 0.227163 0.591346 0.194712 0.211538
1 0.694712 0.816106 0.153846 0.185096
1 0.695913 0.231971 0.170673 0.21875
