0 0.676562 0.08125 0.171875 0.1625
0 0.50625 0.741667 0.1375 0.191667
0 0.492188 0.970833 0.1625 0.0583333
0 0.0164062 0.49375 0.0328125 0.2375
0 0.574219 0.783333 0.160938 0.216667
0 0.949219 0.214583 0.101562 0.229167
0 0.354688 0.902083 0.1625 0.191667
0 0.971875 0.776042 0.05625 0.21875
0 0.0796875 0.141667 0.153125 0.275
0 0.524219 0.430208 0.148438 0.19375
0 0.839063 0.0916667 0.175 0.183333
0 0.785156 0.725 0.167187 0.225
0 0.830469 0.9375 0.189063 0.125
0 0.275781 0.448958 0.167187 0.210417
0 0.178125 0.767708 0.15 0.202083
0 0.592188 0.25625 0.165625 0.2125
0 0.0664062 0.671875 0.132812 0.172917
0 0.800781 0.35 0.189063 0.216667
1 0.300781 0.177083 0.317187 0.35
