0 0.279687 0.85 0.165625 0.220833
0 0.01875 0.633333 0.0375 0.2
0 0.871094 0.290625 0.157813 0.222917
0 0.0632813 0.296875 0.126563 0.189583
0 0.0804688 0.789583 0.154687 0.2125
0 0.0414063 0.835417 0.0828125 0.204167
0 0.938281 0.204167 0.123438 0.2375
0 0.149219 0.0635417 0.179688 0.127083
0 0.211719 0.679167 0.170312 0.2
0 0.145313 0.458333 0.171875 0.225
0 0.405469 0.954167 0.170312 0.0916667
0 0.138281 0.954167 0.173438 0.0916667
0 0.801562 0.059375 0.171875 0.11875
0 0.0679687 0.564583 0.135937 0.220833
0 0.564062 0.878125 0.171875 0.235417
0 0.948438 0.633333 0.103125 0.1875
0 0.51875 0.458333 0.18125 0.208333
0 0.353125 0.25625 0.15 0.2125
0 0.676562 0.7 0.15625 0.2
0 0.683594 0.398958 0.151562 0.185417
1 0.80625 0.839583 0.35625 0.3125
0 0.790625 0.220833 0.190625 0.225
0 0.541406 0.14375 0.182812 0.229167
0 0.421875 0.673958 0.196875 0.252083
0 0.811719 0.616667 0.145313 0.183333
0 0.184375 0.211458 0.184375 0.24375
