0 0.985937 0.382292 0.028125 0.214583
0 0.595312 0.975 0.134375 0.05
0 0.727344 0.33125 0.154687 0.208333
0 0.804688 0.416667 0.115625 0.158333
0 0.946875 0.894792 0.10625 0.197917
0 0.0195312 0.177083 0.0390625 0.2
0 0.0273438 0.639583 0.0546875 0.220833
0 0.821875 0.0635417 0.1625 0.122917
0 0.0546875 0.0458333 0.10625 0.0916667
0 0.878906 0.940625 0.145313 0.11875
0 0.965625 0.697917 0.06875 0.191667
0 0.885156 0.25625 0.179688 0.195833
0 0.648438 0.0458333 0.16875 0.0916667
0 0.382031 0.533333 0.176563 0.191667
0 0.0328125 0.916667 0.065625 0.166667
0 0.714063 0.955208 0.159375 0.0854167
0 0.941406 0.0645833 0.117188 0.129167
0 0.3 0.120833 0.15 0.195833
0 0.383594 0.929167 0.167187 0.141667
0 0.207031 0.472917 0.157813 0.216667
0 0.9125 0.511458 0.15625 0.202083
0 0.0625 0.410417 0.125 0.220833
0 0.592969 0.19375 0.189063 0.216667
0 0.38125 0.764583 0.20625 0.220833
0 0.41875 0.288542 0.18125 0.24375
1 0.621094 0.640625 0.382812 0.514583
0 0.140625 0.203125 0.184375 0.222917
0 0.164844 0.810417 0.179688 0.245833
