1 0.872596 0.93149 0.1875 0.137019
1 0.0216346 0.534856 0.0432692 0.266827
1 0.657452 0.307692 0.151442 0.192308
1 0.0192308 0.127404 0.0384615 0.163462
1 0.609375 0.413462 0.21875 0.158654
1 0.260817 0.424279 0.185096 0.185096
1 0.513221 0.551683 0.161058 0.189904
1 0.168269 0.969952 0.163462 0.0600962
1 0.259615 0.046875 0.139423 0.09375
1 0.411058 0.0360577 0.173077 0.0721154
1 0.691106 0.888221 0.15625 0.21875
1 0.0757212 0.722356 0.151442 0.185096
2 0.459135 0.801683 0.355769 0.396635
1 0.0805288 0.308894 0.15625 0.247596
1 0.472356 0.300481 0.141827 0.206731
