0 0.970312 0.233333 0.059375 0.208333
0 0.015625 0.117708 0.03125 0.197917
0 0.0203125 0.76875 0.040625 0.191667
0 0.021875 0.478125 0.04375 0.18125
0 0.980469 0.722917 0.0390625 0.204167
0 0.928906 0.910417 0.142188 0.179167
0 0.05625 0.104167 0.1125 0.208333
0 0.677344 0.944792 0.154687 0.10625
0 0.325781 0.448958 0.154687 0.247917
0 0.960938 0.490625 0.078125 0.247917
0 0.0671875 0.316667 0.134375 0.191667
0 0.599219 0.819792 0.145313 0.152083
0 0.199219 0.921875 0.142188 0.152083
0 0.477344 0.567708 0.173438 0.202083
0 0.417969 0.127083 0.173438 0.229167
0 0.711719 0.270833 0.145313 0.191667
0 0.451562 0.9125 0.159375 0.175
0 0.314063 0.1125 0.16875 0.208333
1 0.801562 0.6625 0.346875 0.441667
0 0.508594 0.716667 0.179688 0.195833
0 0.0726563 0.629167 0.139062 0.195833
0 0.703906 0.0770833 0.189063 0.154167
0 0.217187 0.4875 0.175 0.233333
0 0.324219 0.708333 0.154687 0.233333
0 0.913281 0.135417 0.167187 0.204167
