0 0.0445312 0.0260417 0.0890625 0.0520833
0 0.114063 0.96875 0.15625 0.0625
0 0.959375 0.634375 0.08125 0.222917
0 0.25625 0.196875 0.159375 0.185417
0 0.24375 0.970833 0.134375 0.0583333
0 0.360938 0.0604167 0.2 0.120833
0 0.796094 0.0479167 0.173438 0.0958333
0 0.549219 0.0875 0.154687 0.175
0 0.694531 0.165625 0.164062 0.160417
0 0.0851562 0.459375 0.167187 0.202083
0 0.965625 0.1 0.06875 0.2
0 0.0984375 0.8125 0.184375 0.229167
0 0.964063 0.927083 0.071875 0.141667
0 0.853125 0.184375 0.153125 0.247917
0 0.453125 0.927083 0.159375 0.145833
0 0.0773437 0.267708 0.151562 0.202083
0 0.279687 0.769792 0.15625 0.21875
0 0.689062 0.709375 0.15 0.164583
0 0.882812 0.61875 0.1875 0.208333
0 0.461719 0.355208 0.164062 0.239583
0 0.725 0.890625 0.1875 0.197917
0 0.177344 0.0864583 0.148438 0.172917
0 0.103906 0.628125 0.179688 0.202083
0 0.336719 0.397917 0.176563 0.220833
0 0.504687 0.722917 0.159375 0.254167
1 0.660156 0.43125 0.339063 0.4125
