0 0.884375 0.05 0.175 0.1
0 0.2375 0.977083 0.121875 0.0458333
0 0.328125 0.498958 0.1625 0.20625
0 0.380469 0.0260417 0.189063 0.0520833
0 0.96875 0.0854167 0.0625 0.166667
0 0.93125 0.625 0.1375 0.208333
0 0.707031 0.553125 0.148438 0.172917
0 0.0773437 0.7875 0.151562 0.225
0 0.560938 0.135417 0.196875 0.266667
0 0.722656 0.0552083 0.145313 0.110417
0 0.860937 0.213542 0.1875 0.26875
0 0.209375 0.598958 0.16875 0.272917
0 0.122656 0.110417 0.189063 0.220833
0 0.748438 0.934375 0.14375 0.13125
0 0.0828125 0.317708 0.153125 0.210417
0 0.0335938 0.455208 0.0671875 0.239583
0 0.471094 0.504167 0.160938 0.225
0 0.842188 0.59375 0.171875 0.1875
0 0.309375 0.260417 0.175 0.204167
1 0.30625 0.855208 0.2 0.28125
0 0.926562 0.385417 0.146875 0.2125
