0 0.885156 0.836458 0.198437 0.18125
0 0.817969 0.935417 0.176563 0.129167
0 0.6125 0.977083 0.14375 0.0458333
0 0.0367187 0.0916667 0.0734375 0.179167
0 0.0382813 0.477083 0.0765625 0.1875
0 0.110156 0.9375 0.173438 0.125
0 0.334375 0.944792 0.19375 0.110417
0 0.921875 0.245833 0.15625 0.208333
0 0.514063 0.23125 0.159375 0.2625
0 0.180469 0.672917 0.176563 0.245833
0 0.0898438 0.280208 0.179688 0.239583
0 0.783594 0.544792 0.142188 0.210417
0 0.925 0.641667 0.15 0.225
0 0.880469 0.417708 0.154687 0.20625
0 0.185156 0.09375 0.173438 0.1875
0 0.759375 0.164583 0.171875 0.270833
0 0.336719 0.434375 0.201562 0.214583
1 0.482812 0.745833 0.35625 0.475
