0 0.545313 0.0270833 0.165625 0.0541667
0 0.211719 0.452083 0.164062 0.208333
0 0.886719 0.91875 0.154687 0.1625
0 0.8125 0.269792 0.15 0.185417
0 0.922656 0.8 0.154687 0.220833
0 0.0273438 0.0822917 0.0546875 0.160417
0 0.0304688 0.352083 0.0609375 0.254167
0 0.775781 0.71875 0.195312 0.241667
0 0.963281 0.55 0.0734375 0.233333
0 0.311719 0.942708 0.173438 0.114583
0 0.467187 0.902083 0.16875 0.195833
0 0.460938 0.736458 0.178125 0.210417
0 0.119531 0.492708 0.179688 0.202083
0 0.716406 0.285417 0.151562 0.204167
0 0.296094 0.652083 0.160938 0.216667
0 0.614844 0.585417 0.195312 0.220833
0 0.153906 0.273958 0.160938 0.214583
0 0.780469 0.084375 0.145313 0.164583
0 0.803906 0.483333 0.173438 0.2
1 0.409375 0.20625 0.38125 0.3875
0 0.653906 0.81875 0.192188 0.229167
0 0.929688 0.0916667 0.140625 0.183333
0 0.201562 0.0770833 0.1625 0.154167
0 0.196875 0.771875 0.171875 0.23125
