1 0.117788 0.0348558 0.163462 0.0697115
1 0.132212 0.983173 0.125 0.0336538
1 0.945913 0.133413 0.108173 0.257212
0 0.447115 0.55649 0.0432692 0.0504808
1 0.0516827 0.454327 0.103365 0.206731
1 0.933894 0.963942 0.132212 0.0721154
1 0.350962 0.046875 0.168269 0.09375
2 0.551683 0.742788 0.449519 0.514423
1 0.288462 0.954327 0.173077 0.0913462
1 0.0600962 0.876202 0.120192 0.204327
1 0.251202 0.746394 0.170673 0.247596
1 0.801683 0.71274 0.170673 0.237981
1 0.0709135 0.644231 0.141827 0.240385
1 0.930288 0.792067 0.139423 0.199519
1 0.0552885 0.22476 0.110577 0.223558
1 0.782452 0.301683 0.185096 0.262019
1 0.34976 0.50601 0.194712 0.204327
1 0.612981 0.376202 0.173077 0.209135
1 0.432692 0.305288 0.168269 0.245192
1 0.647837 0.106971 0.165865 0.209135
