0 0.94375 0.591667 0.1125 0.2
0 0.205469 0.829167 0.170312 0.191667
0 0.876562 0.0239583 0.159375 0.0479167
0 0.194531 0.972917 0.185937 0.0541667
0 0.95625 0.829167 0.084375 0.225
0 0.01875 0.707292 0.0375 0.18125
0 0.95625 0.386458 0.0875 0.197917
0 0.028125 0.215625 0.05625 0.26875
0 0.940625 0.921875 0.11875 0.15625
0 0.935938 0.28125 0.128125 0.2
0 0.39375 0.964583 0.146875 0.0708333
0 0.476562 0.489583 0.171875 0.2375
0 0.56875 0.492708 0.121875 0.239583
0 0.676562 0.929167 0.153125 0.141667
0 0.603906 0.0739583 0.173438 0.147917
0 0.326562 0.832292 0.184375 0.20625
0 0.834375 0.892708 0.15625 0.210417
0 0.3125 0.394792 0.196875 0.239583
0 0.726562 0.727083 0.165625 0.225
0 0.864062 0.557292 0.178125 0.235417
0 0.299219 0.63125 0.182812 0.229167
0 0.65 0.252083 0.178125 0.229167
1 0.379687 0.1625 0.340625 0.325
0 0.514063 0.865625 0.171875 0.235417
