0 0.122656 0.385417 0.139062 0.179167
0 0.891406 0.98125 0.170312 0.0375
0 0.957812 0.886458 0.084375 0.19375
0 0.183594 0.028125 0.201562 0.05625
0 0.0164062 0.235417 0.0328125 0.195833
0 0.167187 0.75 0.125 0.233333
0 0.749219 0.897917 0.154687 0.204167
0 0.366406 0.1375 0.185937 0.2
0 0.777344 0.333333 0.170312 0.191667
0 0.40625 0.0572917 0.1625 0.114583
0 0.096875 0.898958 0.16875 0.197917
0 0.15625 0.182292 0.190625 0.21875
0 0.401563 0.95625 0.171875 0.0875
0 0.59375 0.9625 0.153125 0.075
0 0.710156 0.659375 0.170312 0.227083
0 0.621875 0.0729167 0.15 0.145833
0 0.828125 0.440625 0.15625 0.222917
0 0.0335938 0.534375 0.0671875 0.227083
0 0.934375 0.2875 0.13125 0.208333
0 0.533594 0.242708 0.167187 0.227083
0 0.295312 0.842708 0.159375 0.210417
1 0.357812 0.522917 0.3375 0.445833
0 0.834375 0.128125 0.175 0.21875
