0 0.89375 0.0791667 0.171875 0.158333
0 0.183594 0.529167 0.145313 0.204167
0 0.39375 0.242708 0.175 0.214583
0 0.738281 0.578125 0.173438 0.185417
0 0.0859375 0.516667 0.1625 0.216667
0 0.949219 0.9375 0.101562 0.125
0 0.0203125 0.890625 0.0375 0.177083
0 0.2125 0.090625 0.15 0.177083
0 0.0375 0.676042 0.075 0.260417
0 0.0796875 0.328125 0.159375 0.210417
0 0.75625 0.340625 0.1875 0.24375
0 0.798437 0.103125 0.178125 0.20625
0 0.439844 0.05625 0.154687 0.1125
0 0.2875 0.3 0.153125 0.2125
0 0.654688 0.391667 0.159375 0.204167
0 0.517187 0.929167 0.184375 0.141667
0 0.960156 0.710417 0.0796875 0.229167
0 0.554688 0.192708 0.184375 0.239583
0 0.953906 0.235417 0.0921875 0.229167
0 0.69375 0.935417 0.14375 0.129167
0 0.820312 0.819792 0.153125 0.19375
0 0.423438 0.458333 0.16875 0.229167
0 0.405469 0.694792 0.167187 0.189583
0 0.91875 0.460417 0.1625 0.220833
0 0.571094 0.740625 0.154687 0.210417
1 0.186719 0.810417 0.335938 0.379167
