1 0.340144 0.55649 0.132212 0.209135
1 0.670673 0.894231 0.153846 0.211538
1 0.384615 0.80649 0.173077 0.194712
1 0.540865 0.545673 0.230769 0.269231
1 0.372596 0.384615 0.1875 0.211538
1 0.764423 0.0552885 0.1875 0.110577
0 0.165865 0.382212 0.0625 0.0769231
1 0.742788 0.4375 0.149038 0.25
1 0.0757212 0.885817 0.151442 0.228365
1 0.295673 0.9375 0.173077 0.125
1 0.44351 0.0420673 0.185096 0.0841346
1 0.0480769 0.383413 0.0961538 0.194712
1 0.52524 0.835337 0.175481 0.189904
1 0.913462 0.120192 0.168269 0.235577
1 0.953125 0.903846 0.09375 0.182692
1 0.771635 0.197115 0.149038 0.163462
1 0.0673077 0.665865 0.134615 0.206731
1 0.740385 0.739183 0.149038 0.199519
1 0.5625 0.294471 0.177885 0.185096
1 0.966346 0.709135 0.0673077 0.197115
1 0.0661058 0.164663 0.132212 0.233173
1 0.110577 0.513221 0.206731 0.252404
1 0.616587 0.0805288 0.223558 0.161058
1 0.961538 0.311298 0.0769231 0.223558
1 0.260817 0.632212 0.175481 0.211538
1 0.899038 0.532452 0.153846 0.185096
1 0.222356 0.859375 0.165865 0.223558
1 0.860577 0.878606 0.1875 0.228365
1 0.25 0.225962 0.182692 0.1875
1 0.414663 0.186298 0.175481 0.213942
2 0.539663 0.548077 0.228365 0.274038
