0 0.0132813 0.208333 0.0265625 0.208333
0 0.0242187 0.0479167 0.0484375 0.0958333
0 0.375 0.938542 0.1375 0.122917
0 0.164062 0.0322917 0.190625 0.0645833
0 0.533594 0.815625 0.142188 0.247917
0 0.978906 0.597917 0.0421875 0.2125
0 0.475781 0.597917 0.182812 0.208333
0 0.673437 0.403125 0.178125 0.214583
0 0.128125 0.975 0.140625 0.05
0 0.329688 0.795833 0.15625 0.25
0 0.0523437 0.539583 0.104687 0.2375
0 0.371094 0.548958 0.179688 0.21875
0 0.84375 0.960417 0.15 0.0791667
0 0.877344 0.529167 0.164062 0.2
0 0.247656 0.289583 0.173438 0.2375
0 0.453125 0.0854167 0.14375 0.170833
1 0.700781 0.7375 0.332812 0.433333
0 0.828125 0.321875 0.15625 0.214583
0 0.339844 0.352083 0.176563 0.225
0 0.307813 0.101042 0.153125 0.189583
0 0.173438 0.748958 0.1625 0.214583
