0 0.373437 0.046875 0.146875 0.09375
0 0.95625 0.692708 0.0875 0.197917
0 0.554688 0.733333 0.146875 0.2
0 0.295312 0.807292 0.178125 0.21875
0 0.274219 0.0552083 0.148438 0.10625
0 0.904688 0.910417 0.1875 0.175
0 0.234375 0.39375 0.13125 0.179167
0 0.302344 0.416667 0.129688 0.191667
0 0.0648438 0.532292 0.129688 0.264583
0 0.640625 0.0520833 0.171875 0.104167
0 0.844531 0.659375 0.154687 0.24375
0 0.317969 0.966667 0.154687 0.0666667
0 0.184375 0.817708 0.1625 0.210417
0 0.0617188 0.95625 0.117188 0.0875
0 0.721094 0.496875 0.176563 0.197917
0 0.128125 0.0479167 0.1625 0.0958333
0 0.046875 0.0604167 0.09375 0.116667
0 0.796875 0.422917 0.16875 0.225
0 0.69375 0.6875 0.18125 0.283333
0 0.90625 0.090625 0.1875 0.18125
0 0.484375 0.835417 0.178125 0.229167
0 0.0476562 0.286458 0.0921875 0.210417
0 0.2125 0.598958 0.171875 0.21875
1 0.457031 0.254167 0.279687 0.3875
