1 0.982031 0.288542 0.0359375 0.21875
1 0.329688 0.497917 0.171875 0.208333
1 0.239063 0.977083 0.109375 0.0458333
1 0.235156 0.430208 0.129688 0.139583
2 0.775 0.492708 0.05625 0.05625
1 0.183594 0.9125 0.114063 0.166667
1 0.647656 0.247917 0.135937 0.204167
1 0.705469 0.335417 0.167187 0.279167
1 0.364844 0.025 0.170312 0.05
1 0.116406 0.10625 0.154687 0.204167
1 0.113281 0.483333 0.104687 0.170833
1 0.153125 0.110417 0.13125 0.204167
1 0.596094 0.546875 0.151562 0.197917
1 0.934375 0.630208 0.13125 0.21875
1 0.0328125 0.454167 0.065625 0.245833
1 0.713281 0.564583 0.148438 0.1625
1 0.723437 0.0541667 0.1375 0.108333
1 0.967188 0.0875 0.065625 0.170833
1 0.078125 0.825 0.15625 0.316667
1 0.0835937 0.315625 0.142188 0.214583
1 0.861719 0.215625 0.182812 0.264583
1 0.471875 0.498958 0.15625 0.227083
1 0.560938 0.1375 0.203125 0.275
1 0.75 0.933333 0.14375 0.133333
1 0.842188 0.597917 0.178125 0.183333
1 0.210156 0.601042 0.164062 0.28125
1 0.927344 0.384375 0.145313 0.214583
1 0.310937 0.260417 0.16875 0.2
0 0.311719 0.854167 0.195312 0.2875
