1 0.267188 0.977083 0.146875 0.0458333
1 0.897656 0.0541667 0.145313 0.104167
1 0.753906 0.848958 0.129688 0.189583
1 0.655469 0.913542 0.157813 0.16875
1 0.371875 0.902083 0.18125 0.195833
1 0.735156 0.0854167 0.198437 0.170833
1 0.185156 0.15 0.132812 0.216667
1 0.551562 0.096875 0.175 0.19375
1 0.385938 0.732292 0.171875 0.21875
1 0.135937 0.139583 0.2 0.225
1 0.80625 0.739583 0.10625 0.195833
1 0.63125 0.278125 0.19375 0.247917
1 0.470313 0.922917 0.146875 0.154167
1 0.695312 0.535417 0.153125 0.229167
1 0.0273438 0.920833 0.0546875 0.158333
1 0.921875 0.182292 0.15625 0.214583
1 0.95 0.29375 0.1 0.2125
1 0.0273438 0.454167 0.0515625 0.195833
1 0.395312 0.09375 0.15625 0.1875
1 0.542969 0.63125 0.157813 0.2625
1 0.948438 0.782292 0.103125 0.24375
1 0.783594 0.563542 0.157813 0.214583
1 0.220313 0.580208 0.146875 0.202083
0 0.325781 0.371875 0.260938 0.29375
