0 0.535937 0.623958 0.140625 0.21875
0 0.286719 0.802083 0.154687 0.195833
0 0.371875 0.840625 0.1375 0.189583
0 0.345313 0.975 0.184375 0.05
0 0.572656 0.841667 0.139062 0.2
0 0.711719 0.480208 0.173438 0.21875
0 0.0351562 0.311458 0.0703125 0.189583
0 0.985156 0.839583 0.0296875 0.204167
0 0.189844 0.740625 0.145313 0.19375
0 0.335938 0.0697917 0.140625 0.139583
0 0.669531 0.977083 0.167187 0.0458333
0 0.0226563 0.542708 0.0453125 0.21875
0 0.957812 0.329167 0.084375 0.254167
0 0.61875 0.627083 0.14375 0.2125
0 0.138281 0.411458 0.154687 0.197917
0 0.621094 0.0677083 0.189063 0.135417
0 0.0320312 0.827083 0.0640625 0.245833
0 0.965625 0.111458 0.06875 0.20625
0 0.194531 0.877083 0.160938 0.204167
0 0.808594 0.08125 0.182812 0.1625
0 0.628125 0.844792 0.153125 0.20625
0 0.940625 0.680208 0.11875 0.20625
0 0.0414063 0.120833 0.0828125 0.195833
0 0.279687 0.534375 0.159375 0.222917
0 0.209375 0.178125 0.18125 0.24375
0 0.879687 0.495833 0.178125 0.216667
0 0.871875 0.829167 0.1875 0.241667
1 0.442187 0.327083 0.328125 0.416667
