0 0.13125 0.95 0.115625 0.1
0 0.0515625 0.0291667 0.103125 0.0583333
0 0.7875 0.959375 0.184375 0.08125
0 0.0320312 0.90625 0.0640625 0.1875
0 0.189063 0.31875 0.159375 0.208333
0 0.230469 0.445833 0.145313 0.233333
0 0.733594 0.0458333 0.164062 0.0916667
0 0.613281 0.6625 0.173438 0.258333
0 0.23125 0.223958 0.16875 0.20625
0 0.6 0.403125 0.175 0.227083
0 0.566406 0.0510417 0.148438 0.102083
0 0.819531 0.140625 0.182812 0.227083
0 0.333594 0.071875 0.167187 0.14375
0 0.090625 0.707292 0.14375 0.247917
1 0.3 0.804167 0.35625 0.391667
0 0.442187 0.546875 0.15625 0.18125
0 0.645312 0.903125 0.190625 0.19375
0 0.461719 0.246875 0.173438 0.202083
0 0.352344 0.383333 0.157813 0.191667
0 0.728906 0.379167 0.157813 0.220833
0 0.795313 0.609375 0.178125 0.214583
