0 0.107031 0.08125 0.154687 0.1625
0 0.575 0.5875 0.16875 0.15
0 0.796875 0.534375 0.1625 0.20625
0 0.282813 0.894792 0.175 0.202083
0 0.714063 0.727083 0.153125 0.229167
0 0.207031 0.810417 0.189063 0.229167
0 0.447656 0.629167 0.142188 0.195833
0 0.452344 0.491667 0.145313 0.183333
0 0.90625 0.686458 0.1625 0.222917
0 0.953125 0.847917 0.09375 0.208333
0 0.084375 0.577083 0.16875 0.2625
0 0.135937 0.952083 0.121875 0.0958333
0 0.367188 0.810417 0.134375 0.170833
0 0.411719 0.0697917 0.164062 0.139583
0 0.951563 0.482292 0.096875 0.222917
0 0.551562 0.435417 0.159375 0.1875
0 0.1875 0.477083 0.15625 0.179167
0 0.136719 0.228125 0.151562 0.227083
0 0.814844 0.316667 0.160938 0.195833
0 0.376563 0.304167 0.171875 0.2
0 0.717188 0.921875 0.165625 0.15625
0 0.944531 0.261458 0.110937 0.20625
0 0.513281 0.94375 0.135937 0.1125
0 0.288281 0.172917 0.151562 0.2125
1 0.622656 0.165625 0.267188 0.31875
