1 0.109375 0.918269 0.209135 0.158654
1 0.0204327 0.314904 0.0408654 0.283654
1 0.961538 0.889423 0.0769231 0.221154
0 0.961538 0.889423 0.0769231 0.221154
1 0.304087 0.895433 0.185096 0.199519
1 0.361779 0.245192 0.15625 0.1875
1 0.186298 0.245192 0.175481 0.211538
1 0.768029 0.873798 0.170673 0.21875
1 0.0805288 0.663462 0.161058 0.259615
1 0.169471 0.0685096 0.161058 0.137019
1 0.570913 0.923077 0.170673 0.153846
1 0.602163 0.706731 0.180288 0.245192
1 0.344952 0.104567 0.161058 0.204327
1 0.0444712 0.0997596 0.0889423 0.189904
1 0.355769 0.697115 0.163462 0.206731
1 0.918269 0.324519 0.163462 0.221154
1 0.778846 0.646635 0.177885 0.235577
1 0.919471 0.539663 0.15625 0.233173
2 0.576923 0.362981 0.375 0.490385
1 0.457933 0.830529 0.151442 0.223558
