0 0.546094 0.0270833 0.160938 0.0541667
0 0.214062 0.452083 0.15625 0.2125
0 0.0257812 0.0822917 0.0515625 0.164583
0 0.888281 0.920833 0.157813 0.158333
0 0.813281 0.26875 0.154687 0.179167
0 0.466406 0.904167 0.173438 0.191667
0 0.921875 0.798958 0.15625 0.23125
0 0.0296875 0.355208 0.059375 0.25625
0 0.964063 0.553125 0.071875 0.24375
0 0.775781 0.716667 0.189063 0.25
0 0.460156 0.7375 0.176563 0.2125
0 0.11875 0.491667 0.175 0.2
0 0.310937 0.942708 0.16875 0.110417
0 0.717188 0.288542 0.146875 0.20625
0 0.298438 0.652083 0.16875 0.220833
0 0.930469 0.0916667 0.139062 0.183333
0 0.153906 0.271875 0.160938 0.214583
0 0.2 0.0802083 0.165625 0.160417
0 0.779688 0.0854167 0.140625 0.170833
0 0.614062 0.5875 0.190625 0.220833
1 0.421875 0.201042 0.378125 0.39375
0 0.803906 0.482292 0.176563 0.197917
0 0.655469 0.822917 0.198437 0.2375
0 0.2 0.772917 0.18125 0.229167
