0 0.596875 0.973958 0.14375 0.0520833
0 0.820312 0.0604167 0.165625 0.120833
0 0.0523437 0.0447917 0.101562 0.0895833
0 0.0203125 0.179167 0.040625 0.2125
0 0.726562 0.328125 0.146875 0.185417
0 0.0296875 0.6375 0.059375 0.225
0 0.714844 0.95625 0.164062 0.0875
0 0.8875 0.258333 0.18125 0.1875
0 0.945312 0.895833 0.103125 0.191667
0 0.0328125 0.91875 0.065625 0.1625
0 0.965625 0.7 0.06875 0.191667
0 0.878906 0.941667 0.148438 0.116667
0 0.38125 0.53125 0.175 0.195833
0 0.651563 0.04375 0.1625 0.0875
0 0.299219 0.11875 0.151562 0.2
0 0.803906 0.429167 0.0984375 0.125
0 0.916406 0.513542 0.160938 0.214583
0 0.208594 0.472917 0.160938 0.216667
0 0.38125 0.7625 0.209375 0.225
0 0.942187 0.0635417 0.115625 0.127083
0 0.0625 0.411458 0.125 0.227083
0 0.592969 0.195833 0.189063 0.225
0 0.384375 0.93125 0.171875 0.1375
1 0.61875 0.646875 0.384375 0.51875
0 0.417188 0.289583 0.178125 0.25
0 0.166406 0.807292 0.173438 0.24375
0 0.141406 0.202083 0.182812 0.220833
