1 0.824519 0.0504808 0.139423 0.100962
1 0.770433 0.338942 0.170673 0.230769
0 0.227163 0.43149 0.213942 0.194712
1 0.240385 0.0600962 0.182692 0.115385
1 0.969952 0.15625 0.0600962 0.168269
0 0.241587 0.0564904 0.180288 0.112981
1 0.0480769 0.770433 0.0961538 0.233173
0 0.0444712 0.0697115 0.0889423 0.139423
1 0.217548 0.430288 0.189904 0.192308
1 0.0300481 0.566106 0.0600962 0.233173
0 0.0793269 0.217548 0.158654 0.199519
1 0.413462 0.338942 0.173077 0.25
1 0.920673 0.0456731 0.158654 0.0913462
0 0.203125 0.163462 0.194712 0.173077
1 0.90024 0.802885 0.180288 0.225962
1 0.0949519 0.753606 0.165865 0.228365
1 0.0444712 0.0697115 0.0889423 0.139423
1 0.713942 0.454327 0.139423 0.206731
1 0.941106 0.622596 0.117788 0.259615
1 0.0793269 0.219952 0.158654 0.199519
1 0.882212 0.205529 0.149038 0.204327
1 0.752404 0.919471 0.201923 0.161058
1 0.578125 0.308894 0.185096 0.242788
2 0.414663 0.727163 0.387019 0.454327
1 0.158654 0.896635 0.168269 0.197115
