0 0.555469 0.98125 0.145313 0.0375
0 0.953906 0.0291667 0.0921875 0.0583333
0 0.28125 0.130208 0.178125 0.24375
0 0.8625 0.870833 0.15625 0.225
0 0.525 0.622917 0.171875 0.204167
0 0.0132813 0.0895833 0.0265625 0.179167
0 0.0195312 0.7125 0.0390625 0.2625
0 0.0625 0.396875 0.125 0.23125
0 0.910937 0.830208 0.16875 0.227083
0 0.675 0.745833 0.165625 0.1875
0 0.783594 0.760417 0.157813 0.2
0 0.932813 0.151042 0.134375 0.222917
0 0.367188 0.969792 0.196875 0.0604167
0 0.075 0.540625 0.140625 0.210417
0 0.975 0.65 0.05 0.2
0 0.785156 0.0927083 0.173438 0.18125
0 0.804688 0.571875 0.153125 0.197917
0 0.225781 0.433333 0.192188 0.2375
0 0.267969 0.305208 0.139062 0.15625
0 0.399219 0.620833 0.148438 0.225
0 0.646094 0.54375 0.167187 0.225
0 0.329688 0.828125 0.184375 0.264583
1 0.492188 0.180208 0.271875 0.31875
