0 0.11875 0.96875 0.153125 0.0625
0 0.0429688 0.9625 0.0796875 0.075
0 0.3625 0.0614583 0.2 0.122917
0 0.959375 0.632292 0.08125 0.227083
0 0.242188 0.970833 0.128125 0.0583333
0 0.965625 0.926042 0.06875 0.147917
0 0.803125 0.0479167 0.175 0.0958333
0 0.695312 0.164583 0.159375 0.1625
0 0.25625 0.198958 0.1625 0.185417
0 0.0992187 0.8125 0.179688 0.229167
0 0.084375 0.460417 0.16875 0.204167
0 0.549219 0.084375 0.154687 0.16875
0 0.964063 0.103125 0.071875 0.20625
0 0.853906 0.18125 0.157813 0.254167
0 0.279687 0.769792 0.153125 0.227083
0 0.689844 0.708333 0.151562 0.166667
0 0.460938 0.355208 0.159375 0.239583
0 0.453125 0.928125 0.1625 0.14375
0 0.88125 0.620833 0.18125 0.208333
0 0.725 0.890625 0.1875 0.202083
0 0.178906 0.0864583 0.154687 0.172917
0 0.078125 0.26875 0.153125 0.2
0 0.50625 0.722917 0.159375 0.25
0 0.107031 0.629167 0.179688 0.2
0 0.336719 0.4 0.176563 0.220833
1 0.667188 0.428125 0.321875 0.41875
