0 0.492969 0.969792 0.176563 0.0604167
0 0.0164062 0.50625 0.0328125 0.233333
0 0.341406 0.904167 0.192188 0.183333
0 0.95 0.223958 0.1 0.247917
0 0.972656 0.78125 0.0546875 0.229167
0 0.521875 0.428125 0.14375 0.197917
0 0.505469 0.739583 0.135937 0.1875
0 0.575781 0.78125 0.164062 0.204167
0 0.0789063 0.142708 0.157813 0.28125
0 0.842188 0.090625 0.171875 0.18125
0 0.276563 0.448958 0.171875 0.214583
0 0.178125 0.770833 0.159375 0.208333
0 0.782812 0.726042 0.165625 0.23125
0 0.828125 0.939583 0.196875 0.120833
0 0.592188 0.252083 0.16875 0.216667
0 0.0664062 0.673958 0.132812 0.172917
0 0.801562 0.352083 0.1875 0.216667
1 0.3 0.177083 0.309375 0.35
