0 0.844531 0.909375 0.151562 0.18125
0 0.242188 0.975 0.175 0.05
0 0.424219 0.672917 0.154687 0.216667
1 0.407031 0.129167 0.360938 0.258333
0 0.95625 0.728125 0.0875 0.20625
0 0.2875 0.519792 0.16875 0.19375
0 0.878906 0.0625 0.198437 0.125
0 0.676562 0.9375 0.1875 0.125
0 0.0453125 0.903125 0.090625 0.185417
0 0.214062 0.822917 0.1875 0.229167
0 0.323438 0.314583 0.1625 0.204167
0 0.0835937 0.0916667 0.167187 0.183333
0 0.6125 0.63125 0.1875 0.225
0 0.519531 0.889583 0.148438 0.208333
0 0.7375 0.773958 0.1625 0.189583
0 0.921094 0.545833 0.154687 0.216667
0 0.485156 0.415625 0.154687 0.26875
0 0.917188 0.315625 0.159375 0.202083
0 0.129688 0.341667 0.184375 0.241667
0 0.0882813 0.6 0.176563 0.241667
