1 0.905048 0.0384615 0.141827 0.0769231
1 0.0444712 0.0324519 0.0841346 0.0649038
1 0.0420673 0.960337 0.0841346 0.0793269
1 0.360577 0.0612981 0.197115 0.122596
1 0.959135 0.633413 0.0817308 0.233173
0 0.961538 0.923077 0.0769231 0.153846
1 0.799279 0.0444712 0.170673 0.0889423
1 0.257212 0.198317 0.158654 0.185096
0 0.578125 0.884615 0.0745192 0.105769
1 0.242788 0.969952 0.125 0.0600962
1 0.692308 0.167067 0.163462 0.161058
1 0.963942 0.104567 0.0721154 0.204327
0 0.0180288 0.789663 0.0360577 0.0697115
1 0.0997596 0.816106 0.180288 0.223558
1 0.0865385 0.46274 0.173077 0.213942
0 0.96274 0.325721 0.0745192 0.108173
1 0.548077 0.0853365 0.158654 0.170673
1 0.688702 0.707933 0.151442 0.165865
1 0.278846 0.769231 0.153846 0.225962
1 0.88101 0.61899 0.185096 0.204327
1 0.460337 0.353365 0.161058 0.240385
1 0.854567 0.183894 0.15625 0.257212
1 0.176683 0.0877404 0.15625 0.175481
1 0.105769 0.629808 0.1875 0.197115
1 0.0769231 0.268029 0.153846 0.204327
1 0.72476 0.890625 0.189904 0.204327
1 0.336538 0.396635 0.173077 0.225962
1 0.453125 0.926683 0.161058 0.146635
1 0.50601 0.723558 0.15625 0.254808
2 0.663462 0.424279 0.317308 0.411058
