0 0.864062 0.0354167 0.2 0.0666667
0 0.053125 0.403125 0.10625 0.222917
0 0.532812 0.0291667 0.175 0.0583333
0 0.697656 0.960417 0.148438 0.075
0 0.053125 0.115625 0.10625 0.222917
0 0.040625 0.604167 0.08125 0.1625
0 0.942969 0.176042 0.114063 0.197917
0 0.715625 0.321875 0.1875 0.21875
0 0.304688 0.114583 0.171875 0.2125
0 0.403906 0.947917 0.123438 0.104167
0 0.801562 0.715625 0.178125 0.214583
0 0.935938 0.764583 0.128125 0.220833
0 0.549219 0.957292 0.154687 0.0854167
0 0.95625 0.517708 0.0875 0.20625
0 0.683594 0.619792 0.176563 0.210417
0 0.832031 0.91875 0.154687 0.1625
0 0.883594 0.313542 0.176563 0.20625
0 0.264062 0.615625 0.15625 0.202083
0 0.410937 0.683333 0.15625 0.208333
0 0.224219 0.384375 0.167187 0.214583
1 0.192188 0.852083 0.303125 0.295833
0 0.457031 0.432292 0.148438 0.214583
