0 0.0382813 0.973958 0.0765625 0.0520833
0 0.407031 0.941667 0.132812 0.116667
0 0.0140625 0.34375 0.028125 0.220833
0 0.917969 0.75625 0.157813 0.195833
0 0.480469 0.958333 0.148438 0.0833333
0 0.29375 0.963542 0.1625 0.0729167
0 0.0203125 0.839583 0.040625 0.183333
0 0.725 0.0791667 0.18125 0.158333
0 0.194531 0.532292 0.160938 0.227083
0 0.770312 0.458333 0.225 0.2125
0 0.349219 0.263542 0.170312 0.239583
0 0.842188 0.935417 0.171875 0.129167
0 0.459375 0.769792 0.175 0.185417
0 0.0703125 0.0541667 0.140625 0.108333
0 0.873438 0.642708 0.165625 0.210417
0 0.942187 0.426042 0.115625 0.222917
0 0.14375 0.888542 0.203125 0.222917
0 0.09375 0.586458 0.175 0.24375
0 0.119531 0.186458 0.185937 0.24375
0 0.395312 0.0958333 0.171875 0.191667
0 0.221875 0.090625 0.15625 0.18125
0 0.565625 0.175 0.1625 0.229167
1 0.497656 0.479167 0.376563 0.441667
0 0.321094 0.80625 0.185937 0.229167
0 0.792188 0.248958 0.190625 0.23125
0 0.666406 0.676042 0.167187 0.20625
0 0.667188 0.889583 0.178125 0.2125
0 0.909375 0.0979167 0.175 0.183333
