0 0.0859375 0.940625 0.15 0.11875
0 0.307813 0.121875 0.184375 0.202083
0 0.557813 0.939583 0.2 0.120833
0 0.834375 0.953125 0.1875 0.09375
0 0.957812 0.328125 0.084375 0.210417
0 0.95625 0.2 0.0875 0.204167
0 0.639844 0.788542 0.170312 0.235417
0 0.121094 0.0229167 0.179688 0.0458333
0 0.0898438 0.748958 0.157813 0.15625
0 0.96875 0.579167 0.0625 0.216667
0 0.827344 0.552083 0.157813 0.229167
0 0.0703125 0.433333 0.140625 0.216667
0 0.301562 0.947917 0.178125 0.104167
0 0.504687 0.103125 0.196875 0.202083
0 0.935938 0.790625 0.128125 0.23125
1 0.43125 0.526042 0.20625 0.277083
0 0.635938 0.463542 0.153125 0.189583
0 0.932813 0.0625 0.134375 0.125
0 0.254687 0.789583 0.2125 0.258333
0 0.5375 0.301042 0.16875 0.23125
0 0.167969 0.245833 0.189063 0.220833
