0 0.729688 0.0916667 0.171875 0.183333
0 0.902344 0.803125 0.173438 0.222917
0 0.413281 0.961458 0.179688 0.0770833
0 0.416406 0.336458 0.173438 0.235417
0 0.925 0.322917 0.15 0.2125
0 0.810938 0.6375 0.171875 0.183333
0 0.0296875 0.573958 0.05625 0.197917
0 0.923437 0.0458333 0.146875 0.0916667
0 0.203906 0.430208 0.148438 0.189583
0 0.7125 0.45625 0.1375 0.2
0 0.096875 0.747917 0.1625 0.2125
0 0.239844 0.0572917 0.173438 0.114583
0 0.939844 0.623958 0.120312 0.25625
0 0.882812 0.205208 0.15 0.197917
0 0.0429688 0.0666667 0.0859375 0.129167
0 0.20625 0.166667 0.18125 0.175
0 0.752344 0.91875 0.201562 0.1625
0 0.0773437 0.21875 0.154687 0.2
0 0.580469 0.311458 0.189063 0.24375
1 0.417188 0.725 0.378125 0.445833
0 0.157813 0.898958 0.1625 0.197917
