1 0.352163 0.817308 0.194712 0.235577
1 0.925481 0.918269 0.144231 0.163462
1 0.975962 0.486779 0.0480769 0.228365
0 0.792067 0.0625 0.15625 0.125
1 0.335337 0.0288462 0.204327 0.0576923
1 0.11899 0.03125 0.194712 0.0625
1 0.604567 0.734375 0.170673 0.209135
1 0.540865 0.686298 0.149038 0.271635
1 0.697115 0.320913 0.153846 0.204327
1 0.132212 0.852163 0.177885 0.276442
1 0.0228365 0.883413 0.0456731 0.233173
1 0.0673077 0.353365 0.134615 0.216346
1 0.598558 0.919471 0.201923 0.161058
1 0.909856 0.106971 0.180288 0.209135
1 0.78726 0.917067 0.15625 0.165865
1 0.222356 0.967548 0.165865 0.0649038
1 0.362981 0.461538 0.168269 0.288462
1 0.926683 0.670673 0.146635 0.259615
0 0.909856 0.104567 0.180288 0.199519
1 0.325721 0.143029 0.180288 0.252404
1 0.670673 0.536058 0.177885 0.230769
2 0.538462 0.236779 0.283654 0.391827
