0 0.852344 0.185417 0.182812 0.2
0 0.0304688 0.501042 0.0609375 0.189583
0 0.964063 0.065625 0.071875 0.13125
0 0.065625 0.333333 0.121875 0.195833
0 0.0304688 0.272917 0.0578125 0.195833
0 0.964063 0.163542 0.071875 0.210417
0 0.223438 0.196875 0.14375 0.239583
0 0.322656 0.407292 0.154687 0.222917
0 0.902344 0.948958 0.164062 0.102083
0 0.034375 0.655208 0.06875 0.189583
0 0.128125 0.905208 0.16875 0.18125
0 0.304688 0.04375 0.16875 0.0875
0 0.427344 0.935417 0.151562 0.129167
0 0.852344 0.090625 0.164062 0.18125
0 0.955469 0.527083 0.0890625 0.191667
0 0.944531 0.735417 0.110937 0.220833
0 0.317969 0.186458 0.154687 0.19375
0 0.848437 0.641667 0.134375 0.191667
0 0.283594 0.69375 0.185937 0.258333
0 0.139062 0.741667 0.140625 0.191667
0 0.814062 0.830208 0.165625 0.202083
0 0.0945313 0.0885417 0.135937 0.172917
1 0.532812 0.309375 0.359375 0.422917
0 0.786719 0.433333 0.151562 0.1875
