1 0.736779 0.640625 0.15625 0.247596
0 0.947115 0.429087 0.105769 0.204327
1 0.236779 0.953125 0.165865 0.09375
1 0.969952 0.0372596 0.0600962 0.0745192
1 0.0913462 0.0204327 0.139423 0.0408654
1 0.0336538 0.850962 0.0673077 0.216346
1 0.917067 0.55649 0.165865 0.175481
1 0.947115 0.424279 0.105769 0.209135
1 0.302885 0.371394 0.177885 0.262019
1 0.317308 0.0829327 0.177885 0.165865
1 0.0697115 0.969952 0.134615 0.0600962
1 0.84976 0.846154 0.189904 0.259615
0 0.96274 0.192308 0.0745192 0.1875
1 0.925481 0.790865 0.144231 0.201923
1 0.790865 0.957933 0.197115 0.0841346
1 0.418269 0.93149 0.149038 0.137019
1 0.169471 0.125 0.189904 0.235577
1 0.313702 0.552885 0.170673 0.240385
1 0.651442 0.8125 0.163462 0.206731
2 0.542067 0.461538 0.382212 0.480769
1 0.0673077 0.477163 0.134615 0.228365
