0 0.873438 0.851042 0.165625 0.23125
0 0.98125 0.0958333 0.0375 0.191667
0 0.0179687 0.241667 0.0359375 0.254167
0 0.333594 0.975 0.132812 0.05
0 0.922656 0.332292 0.154687 0.24375
0 0.605469 0.802083 0.223438 0.245833
0 0.948438 0.890625 0.103125 0.21875
0 0.274219 0.85 0.192188 0.241667
0 0.776563 0.290625 0.190625 0.202083
0 0.227344 0.0760417 0.170312 0.152083
0 0.535937 0.542708 0.175 0.222917
1 0.76875 0.582292 0.34375 0.45625
0 0.382031 0.659375 0.192188 0.20625
0 0.65 0.104167 0.19375 0.208333
0 0.260938 0.290625 0.159375 0.23125
0 0.571094 0.316667 0.179688 0.2375
