0 0.951563 0.604167 0.096875 0.175
0 0.960938 0.115625 0.078125 0.21875
0 0.942969 0.434375 0.114063 0.172917
0 0.059375 0.280208 0.11875 0.272917
0 0.717188 0.705208 0.146875 0.252083
0 0.2375 0.360417 0.16875 0.229167
1 0.951563 0.898958 0.090625 0.202083
0 0.0546875 0.111458 0.109375 0.20625
0 0.158594 0.584375 0.173438 0.23125
0 0.548437 0.182292 0.15 0.19375
0 0.935938 0.758333 0.125 0.175
0 0.0429688 0.677083 0.0859375 0.220833
0 0.605469 0.972917 0.154687 0.0541667
0 0.78125 0.572917 0.1625 0.216667
0 0.475781 0.584375 0.157813 0.189583
0 0.81875 0.0635417 0.134375 0.127083
0 0.365625 0.697917 0.159375 0.204167
0 0.804688 0.223958 0.153125 0.21875
0 0.0664062 0.504167 0.132812 0.183333
0 0.0945313 0.886458 0.157813 0.177083
0 0.658594 0.14375 0.164062 0.208333
0 0.665625 0.3375 0.2125 0.1875
0 0.826563 0.936458 0.165625 0.127083
0 0.609375 0.655208 0.16875 0.202083
0 0.290625 0.497917 0.15 0.216667
1 0.332812 0.105208 0.25 0.210417
