1 0.517969 0.7875 0.160938 0.2625
0 0.517969 0.7875 0.157813 0.258333
0 0.247656 0.040625 0.126563 0.08125
0 0.561719 0.972917 0.139062 0.0541667
0 0.0203125 0.638542 0.040625 0.23125
0 0.63125 0.0833333 0.15625 0.166667
0 0.959375 0.864583 0.08125 0.258333
0 0.675781 0.772917 0.164062 0.229167
0 0.971875 0.160417 0.05625 0.208333
0 0.0445312 0.266667 0.0890625 0.241667
0 0.660156 0.63125 0.189063 0.2375
1 0.417188 0.23125 0.390625 0.454167
0 0.103125 0.0708333 0.16875 0.1375
0 0.222656 0.939583 0.132812 0.120833
0 0.95 0.591667 0.1 0.2
0 0.378906 0.935417 0.145313 0.129167
0 0.357031 0.541667 0.179688 0.225
0 0.0640625 0.898958 0.128125 0.197917
0 0.654688 0.344792 0.15 0.24375
0 0.217969 0.741667 0.198437 0.216667
0 0.783594 0.0979167 0.157813 0.195833
0 0.10625 0.517708 0.165625 0.235417
0 0.884375 0.340625 0.1625 0.210417
