0 0.065625 0.928125 0.13125 0.139583
0 0.809375 0.0708333 0.203125 0.1375
0 0.959375 0.84375 0.08125 0.229167
0 0.315625 0.9625 0.18125 0.075
0 0.954687 0.342708 0.090625 0.239583
0 0.0382813 0.180208 0.0765625 0.260417
0 0.576563 0.352083 0.153125 0.208333
0 0.136719 0.0791667 0.179688 0.158333
0 0.227344 0.379167 0.157813 0.2375
0 0.147656 0.93125 0.160938 0.1375
0 0.560156 0.0427083 0.154687 0.0854167
0 0.667188 0.217708 0.146875 0.19375
0 0.403125 0.511458 0.15625 0.202083
0 0.171094 0.261458 0.182812 0.222917
0 0.765625 0.386458 0.18125 0.23125
0 0.375781 0.292708 0.173438 0.21875
0 0.0992187 0.497917 0.160938 0.241667
0 0.925 0.592708 0.15 0.20625
0 0.2625 0.0854167 0.15 0.170833
1 0.664844 0.75 0.201562 0.254167
