1 0.44351 0.984375 0.180288 0.03125
0 0.0697115 0.951923 0.139423 0.0961538
1 0.0204327 0.161058 0.0408654 0.245192
1 0.432692 0.361779 0.158654 0.247596
0 0.872596 0.0288462 0.0721154 0.0576923
1 0.0697115 0.951923 0.139423 0.0961538
1 0.0504808 0.423077 0.100962 0.201923
1 0.276442 0.921875 0.139423 0.15625
1 0.424279 0.139423 0.151442 0.216346
1 0.929087 0.945913 0.141827 0.103365
1 0.538462 0.0733173 0.168269 0.141827
1 0.429087 0.578125 0.161058 0.194712
1 0.58774 0.274038 0.146635 0.25
1 0.814904 0.545673 0.125 0.158654
2 0.165865 0.652644 0.331731 0.487981
1 0.645433 0.484375 0.170673 0.209135
1 0.603365 0.883413 0.153846 0.223558
1 0.110577 0.253606 0.158654 0.213942
1 0.927885 0.209135 0.144231 0.259615
1 0.295673 0.0649038 0.158654 0.129808
1 0.433894 0.847356 0.175481 0.213942
1 0.679087 0.685096 0.180288 0.211538
1 0.271635 0.242788 0.144231 0.1875
1 0.731971 0.157452 0.146635 0.194712
1 0.887019 0.699519 0.173077 0.206731
