1 0.319712 0.347356 0.269231 0.252404
1 0.776442 0.698317 0.129808 0.204327
1 0.96274 0.16226 0.0745192 0.165865
1 0.0901442 0.771635 0.151442 0.173077
1 0.133413 0.951923 0.194712 0.0961538
1 0.655048 0.91226 0.165865 0.170673
1 0.0456731 0.401442 0.0913462 0.216346
0 0.427885 0.923077 0.0528846 0.0673077
1 0.655048 0.442308 0.175481 0.25
1 0.0516827 0.046875 0.103365 0.09375
1 0.942308 0.516827 0.115385 0.221154
1 0.558894 0.685096 0.204327 0.269231
1 0.518029 0.0420673 0.146635 0.0841346
1 0.841346 0.449519 0.144231 0.173077
1 0.344952 0.152644 0.170673 0.180288
1 0.94351 0.0757212 0.112981 0.151442
1 0.0805288 0.25 0.141827 0.240385
1 0.21875 0.846154 0.158654 0.173077
1 0.966346 0.894231 0.0673077 0.1875
1 0.489183 0.418269 0.161058 0.211538
1 0.914663 0.707933 0.170673 0.228365
2 0.234375 0.584135 0.247596 0.317308
