0 0.832933 0.442308 0.0504808 0.0721154
0 0.465144 0.897837 0.199519 0.194712
1 0.776442 0.487981 0.216346 0.288462
1 0.973558 0.610577 0.0528846 0.225962
1 0.301683 0.513221 0.137019 0.199519
1 0.259615 0.697115 0.197115 0.240385
1 0.0252404 0.234375 0.0504808 0.180288
0 0.963942 0.603365 0.0721154 0.221154
1 0.792067 0.875 0.194712 0.225962
0 0.153846 0.0408654 0.230769 0.0817308
1 0.46274 0.899038 0.204327 0.197115
1 0.239183 0.502404 0.165865 0.201923
0 0.658654 0.1875 0.0625 0.0865385
0 0.432692 0.194712 0.0625 0.0817308
0 0.979567 0.88101 0.0408654 0.0841346
0 0.188702 0.191106 0.161058 0.189904
1 0.0733173 0.659856 0.141827 0.199519
1 0.109375 0.425481 0.175481 0.221154
1 0.949519 0.314904 0.100962 0.1875
1 0.663462 0.0757212 0.192308 0.151442
1 0.189904 0.188702 0.158654 0.189904
1 0.286058 0.246394 0.173077 0.185096
1 0.463942 0.403846 0.216346 0.216346
2 0.473558 0.680288 0.192308 0.259615
1 0.8125 0.286058 0.158654 0.240385
1 0.852163 0.0901442 0.175481 0.180288
1 0.451923 0.0877404 0.168269 0.175481
