0 0.810938 0.258333 0.178125 0.216667
0 0.311719 0.0645833 0.182812 0.129167
0 0.546094 0.961458 0.0484375 0.0645833
0 0.0445312 0.354167 0.0890625 0.2
0 0.894531 0.294792 0.154687 0.189583
0 0.0210938 0.0927083 0.0421875 0.185417
0 0.889063 0.747917 0.178125 0.2375
0 0.361719 0.951042 0.176563 0.0979167
0 0.378125 0.807292 0.146875 0.20625
0 0.91875 0.913542 0.1375 0.16875
0 0.150781 0.920833 0.176563 0.158333
0 0.2875 0.838542 0.159375 0.239583
0 0.110156 0.208333 0.204688 0.275
0 0.235938 0.572917 0.153125 0.204167
0 0.957812 0.583333 0.084375 0.25
0 0.821875 0.090625 0.16875 0.18125
0 0.401563 0.559375 0.171875 0.222917
1 0.432031 0.13125 0.201562 0.258333
0 0.06875 0.635417 0.1375 0.225
