1 0.0528846 0.518029 0.105769 0.266827
1 0.914663 0.387019 0.165865 0.264423
0 0.745192 0.954327 0.0528846 0.0769231
2 0.655048 0.453125 0.411058 0.536058
1 0.0504808 0.875 0.100962 0.245192
0 0.444712 0.207933 0.0625 0.09375
1 0.361779 0.100962 0.199519 0.201923
1 0.0540865 0.382212 0.108173 0.182692
1 0.597356 0.961538 0.185096 0.0769231
1 0.659856 0.108173 0.170673 0.206731
0 0.0540865 0.141827 0.108173 0.216346
1 0.276442 0.938702 0.206731 0.122596
1 0.0528846 0.141827 0.105769 0.216346
1 0.469952 0.0600962 0.180288 0.120192
1 0.292067 0.4375 0.165865 0.1875
0 0.0552885 0.382212 0.110577 0.182692
1 0.728365 0.436298 0.201923 0.223558
1 0.897837 0.573317 0.185096 0.213942
1 0.802885 0.0925481 0.173077 0.185096
1 0.189904 0.09375 0.197115 0.1875
1 0.633413 0.683894 0.15625 0.21875
1 0.924279 0.200721 0.146635 0.209135
1 0.709135 0.204327 0.158654 0.221154
1 0.776442 0.746394 0.211538 0.252404
2 0.271635 0.680288 0.235577 0.283654
