0 0.0273438 0.804167 0.0515625 0.2
0 0.429688 0.346875 0.153125 0.214583
0 0.0523437 0.426042 0.104687 0.214583
0 0.0203125 0.151042 0.040625 0.222917
0 0.0664062 0.948958 0.132812 0.0979167
0 0.588281 0.275 0.151562 0.241667
0 0.296094 0.0645833 0.157813 0.129167
0 0.539844 0.071875 0.167187 0.14375
0 0.926562 0.942708 0.146875 0.114583
0 0.276563 0.922917 0.140625 0.154167
0 0.814062 0.546875 0.125 0.160417
0 0.425 0.14375 0.153125 0.2125
0 0.603906 0.885417 0.154687 0.2125
0 0.43125 0.579167 0.159375 0.191667
0 0.73125 0.158333 0.14375 0.191667
0 0.434375 0.85 0.175 0.216667
0 0.929688 0.210417 0.140625 0.254167
0 0.679688 0.686458 0.178125 0.214583
0 0.272656 0.244792 0.145313 0.185417
0 0.1125 0.255208 0.159375 0.214583
0 0.646875 0.483333 0.165625 0.2
1 0.169531 0.648958 0.339063 0.477083
0 0.889063 0.701042 0.171875 0.20625
