0 0.491406 0.95625 0.176563 0.0875
0 0.0367187 0.0791667 0.0734375 0.158333
0 0.689062 0.819792 0.175 0.272917
0 0.673437 0.651042 0.190625 0.197917
0 0.971875 0.408333 0.05625 0.225
0 0.96875 0.619792 0.0625 0.210417
0 0.435156 0.915625 0.160938 0.16875
0 0.0960938 0.0979167 0.176563 0.1875
0 0.272656 0.480208 0.173438 0.227083
0 0.626562 0.0427083 0.234375 0.0854167
0 0.0695312 0.321875 0.139062 0.23125
0 0.414844 0.675 0.167187 0.275
0 0.286719 0.0979167 0.167187 0.191667
0 0.93125 0.83125 0.1375 0.2375
0 0.0976562 0.855208 0.179688 0.235417
0 0.93125 0.105208 0.1375 0.19375
0 0.854688 0.396875 0.16875 0.197917
0 0.119531 0.634375 0.182812 0.214583
0 0.857813 0.627083 0.171875 0.2375
0 0.266406 0.794792 0.164062 0.210417
1 0.463281 0.248958 0.310937 0.44375
