1 0.13101 0.949519 0.204327 0.100962
1 0.473558 0.125 0.139423 0.206731
1 0.913462 0.663462 0.163462 0.177885
1 0.546875 0.336538 0.170673 0.274038
1 0.0516827 0.81851 0.103365 0.247596
1 0.276442 0.0552885 0.168269 0.110577
1 0.115385 0.59375 0.134615 0.216346
1 0.301683 0.945913 0.189904 0.108173
1 0.376202 0.463942 0.170673 0.216346
1 0.953125 0.460337 0.09375 0.247596
1 0.561298 0.680288 0.180288 0.240385
1 0.0600962 0.371394 0.115385 0.189904
1 0.905048 0.804087 0.185096 0.233173
1 0.533654 0.902644 0.129808 0.194712
1 0.0360577 0.108173 0.0721154 0.216346
1 0.641827 0.102163 0.177885 0.204327
1 0.186298 0.260817 0.180288 0.28125
1 0.932692 0.0901442 0.129808 0.180288
1 0.389423 0.149038 0.149038 0.211538
2 0.780048 0.286058 0.209135 0.288462
