0 0.804688 0.939583 0.1375 0.120833
0 0.394531 0.978125 0.160938 0.04375
0 0.96875 0.891667 0.0625 0.183333
1 0.860156 0.392708 0.120312 0.135417
0 0.0585938 0.354167 0.117188 0.2
0 0.629687 0.753125 0.1375 0.185417
0 0.964063 0.554167 0.071875 0.258333
0 0.745313 0.904167 0.171875 0.183333
0 0.0742188 0.961458 0.148438 0.0729167
0 0.335938 0.0385417 0.178125 0.0770833
0 0.0539063 0.822917 0.107813 0.1875
0 0.160156 0.0572917 0.164062 0.114583
0 0.753906 0.14375 0.164062 0.2125
0 0.934375 0.792708 0.13125 0.21875
0 0.585938 0.65625 0.165625 0.216667
0 0.414844 0.720833 0.154687 0.2
0 0.278906 0.570833 0.160938 0.216667
0 0.73125 0.394792 0.16875 0.235417
0 0.773438 0.626042 0.178125 0.227083
0 0.510938 0.88125 0.15625 0.225
0 0.591406 0.0697917 0.173438 0.139583
0 0.303125 0.884375 0.175 0.20625
0 0.188281 0.2125 0.160938 0.225
1 0.432813 0.302083 0.35625 0.479167
0 0.14375 0.675 0.171875 0.233333
