1 0.135817 0.0769231 0.15625 0.153846
1 0.376202 0.38101 0.180288 0.213942
1 0.771635 0.0540865 0.177885 0.108173
1 0.960337 0.0360577 0.0793269 0.0721154
1 0.293269 0.938702 0.168269 0.122596
0 0.16226 0.384615 0.0600962 0.0769231
1 0.0745192 0.875 0.139423 0.211538
1 0.0492788 0.387019 0.0985577 0.201923
1 0.668269 0.895433 0.158654 0.204327
1 0.52524 0.838942 0.170673 0.201923
1 0.448317 0.0420673 0.185096 0.0793269
1 0.771635 0.198317 0.149038 0.161058
1 0.0661058 0.668269 0.132212 0.206731
1 0.741587 0.430288 0.146635 0.254808
1 0.954327 0.901442 0.0913462 0.197115
1 0.967548 0.713942 0.0649038 0.221154
1 0.566106 0.288462 0.185096 0.197115
1 0.0649038 0.164663 0.129808 0.233173
1 0.616587 0.0817308 0.223558 0.163462
1 0.96274 0.313702 0.0745192 0.223558
1 0.110577 0.513221 0.206731 0.252404
1 0.914663 0.122596 0.165865 0.240385
1 0.737981 0.739183 0.149038 0.209135
1 0.262019 0.634615 0.173077 0.221154
1 0.859375 0.88101 0.185096 0.233173
1 0.896635 0.534856 0.153846 0.194712
1 0.251202 0.225962 0.185096 0.192308
1 0.415865 0.186298 0.173077 0.213942
1 0.222356 0.859375 0.170673 0.228365
2 0.543269 0.543269 0.216346 0.269231
