0 0.880469 0.979167 0.195312 0.0416667
0 0.365625 0.136458 0.1875 0.20625
0 0.185156 0.025 0.204688 0.05
0 0.121875 0.389583 0.140625 0.183333
0 0.957031 0.886458 0.0859375 0.214583
0 0.403125 0.0552083 0.1625 0.110417
0 0.165625 0.740625 0.128125 0.20625
0 0.103906 0.9 0.173438 0.195833
0 0.0171875 0.235417 0.034375 0.179167
0 0.78125 0.33125 0.175 0.1875
0 0.154687 0.18125 0.178125 0.216667
0 0.752344 0.891667 0.164062 0.216667
0 0.404687 0.95625 0.165625 0.0875
0 0.621875 0.0739583 0.15 0.14375
0 0.595312 0.9625 0.159375 0.075
0 0.710938 0.651042 0.171875 0.247917
0 0.0328125 0.536458 0.065625 0.23125
0 0.826563 0.441667 0.1625 0.225
0 0.934375 0.291667 0.13125 0.208333
1 0.359375 0.525 0.334375 0.441667
0 0.296875 0.840625 0.1625 0.210417
0 0.832812 0.126042 0.171875 0.222917
0 0.534375 0.242708 0.1625 0.235417
