0 0.90625 0.98125 0.171875 0.0375
0 0.953125 0.26875 0.09375 0.229167
0 0.0304688 0.341667 0.0609375 0.225
0 0.535937 0.16875 0.18125 0.204167
0 0.539844 0.558333 0.189063 0.204167
0 0.513281 0.334375 0.189063 0.247917
0 0.276563 0.76875 0.159375 0.195833
0 0.665625 0.0833333 0.16875 0.166667
0 0.0820312 0.888542 0.164062 0.21875
0 0.196875 0.39375 0.1375 0.191667
0 0.275781 0.939583 0.151562 0.120833
0 0.944531 0.738542 0.110937 0.227083
0 0.239063 0.160417 0.16875 0.254167
0 0.765625 0.804167 0.15 0.208333
0 0.0820312 0.110417 0.164062 0.220833
0 0.316406 0.539583 0.167187 0.229167
0 0.739062 0.507292 0.171875 0.21875
0 0.85 0.10625 0.18125 0.2125
0 0.107813 0.644792 0.184375 0.227083
1 0.509375 0.813542 0.353125 0.372917
