0 0.0132813 0.114583 0.0265625 0.204167
0 0.165625 0.01875 0.146875 0.0375
0 0.958594 0.282292 0.0828125 0.19375
0 0.80625 0.0510417 0.175 0.102083
0 0.0171875 0.683333 0.034375 0.216667
0 0.259375 0.70625 0.1375 0.1875
0 0.732813 0.928125 0.165625 0.14375
0 0.0523437 0.482292 0.104687 0.20625
0 0.728125 0.716667 0.1625 0.208333
0 0.0773437 0.717708 0.151562 0.214583
0 0.0742188 0.897917 0.148438 0.204167
0 0.960938 0.13125 0.078125 0.245833
0 0.859375 0.889583 0.15625 0.204167
0 0.216406 0.8875 0.139062 0.204167
0 0.452344 0.325 0.195312 0.25
0 0.792188 0.238542 0.140625 0.21875
0 0.509375 0.164583 0.159375 0.204167
0 0.685938 0.417708 0.178125 0.289583
0 0.138281 0.191667 0.123438 0.170833
1 0.499219 0.798958 0.376563 0.402083
0 0.139062 0.55625 0.140625 0.179167
0 0.896875 0.667708 0.1875 0.227083
0 0.301562 0.16875 0.178125 0.1875
