0 0.717188 0.657292 0.15 0.210417
0 0.89375 0.0802083 0.175 0.160417
0 0.735937 0.576042 0.16875 0.185417
0 0.179688 0.529167 0.15625 0.2
0 0.0203125 0.890625 0.040625 0.185417
0 0.390625 0.241667 0.18125 0.216667
0 0.0882813 0.516667 0.160938 0.220833
0 0.948438 0.9375 0.103125 0.125
0 0.0382813 0.68125 0.0765625 0.254167
0 0.439063 0.05625 0.153125 0.1125
0 0.959375 0.713542 0.08125 0.235417
0 0.2875 0.296875 0.15625 0.222917
0 0.757031 0.340625 0.185937 0.24375
0 0.954687 0.232292 0.090625 0.239583
0 0.0804688 0.33125 0.160938 0.2125
0 0.211719 0.0916667 0.142188 0.183333
0 0.657031 0.395833 0.164062 0.216667
0 0.694531 0.935417 0.148438 0.129167
0 0.553125 0.194792 0.19375 0.24375
0 0.8 0.103125 0.18125 0.20625
0 0.819531 0.820833 0.160938 0.2
0 0.517187 0.929167 0.190625 0.141667
0 0.571875 0.74375 0.15625 0.2125
0 0.425 0.461458 0.16875 0.23125
0 0.917969 0.458333 0.164062 0.225
0 0.407813 0.69375 0.16875 0.191667
1 0.189063 0.807292 0.340625 0.385417
