0 0.96875 0.1 0.059375 0.2
0 0.932813 0.0541667 0.121875 0.108333
0 0.602344 0.1875 0.201562 0.233333
0 0.439844 0.951042 0.142188 0.0979167
0 0.534375 0.81875 0.14375 0.254167
0 0.1625 0.0333333 0.19375 0.0666667
0 0.980469 0.595833 0.0390625 0.2125
0 0.371875 0.940625 0.134375 0.11875
0 0.0546875 0.540625 0.109375 0.24375
0 0.128906 0.973958 0.145313 0.0520833
0 0.673437 0.40625 0.184375 0.216667
0 0.473437 0.597917 0.190625 0.216667
0 0.33125 0.795833 0.1625 0.254167
0 0.842188 0.960417 0.159375 0.0791667
0 0.371875 0.548958 0.178125 0.214583
0 0.452344 0.0875 0.148438 0.175
0 0.879687 0.532292 0.165625 0.202083
0 0.342187 0.352083 0.171875 0.220833
1 0.703125 0.736458 0.334375 0.43125
0 0.249219 0.288542 0.176563 0.235417
0 0.829687 0.323958 0.159375 0.214583
0 0.307031 0.1 0.151562 0.191667
0 0.172656 0.751042 0.167187 0.214583
