0 0.956731 0.104567 0.0865385 0.199519
1 0.0264423 0.933894 0.0528846 0.127404
1 0.487981 0.03125 0.177885 0.0625
1 0.484375 0.11899 0.15625 0.209135
1 0.170673 0.270433 0.153846 0.228365
1 0.581731 0.433894 0.168269 0.228365
1 0.957933 0.104567 0.0841346 0.204327
1 0.430288 0.596154 0.168269 0.206731
1 0.959135 0.355769 0.0817308 0.259615
1 0.861779 0.0372596 0.165865 0.0745192
0 0.290865 0.902644 0.105769 0.132212
1 0.0793269 0.776442 0.153846 0.197115
1 0.258413 0.198317 0.175481 0.252404
1 0.0564904 0.0661058 0.112981 0.132212
1 0.598558 0.644231 0.163462 0.245192
0 0.169471 0.459135 0.0552885 0.0721154
1 0.0360577 0.430288 0.0721154 0.201923
1 0.370192 0.471154 0.1875 0.1875
2 0.491587 0.862981 0.194712 0.254808
1 0.228365 0.588942 0.192308 0.216346
1 0.889423 0.887019 0.153846 0.216346
1 0.695913 0.819712 0.15625 0.182692
1 0.699519 0.235577 0.173077 0.221154
