0 0.98125 0.915625 0.0375 0.16875
0 0.06875 0.98125 0.1375 0.0375
0 0.040625 0.30625 0.08125 0.2375
0 0.371094 0.0479167 0.167187 0.0958333
0 0.459375 0.952083 0.175 0.0958333
0 0.546875 0.852083 0.14375 0.195833
0 0.0359375 0.859375 0.071875 0.185417
0 0.174219 0.208333 0.154687 0.241667
0 0.507031 0.173958 0.192188 0.20625
0 0.110156 0.403125 0.139062 0.19375
0 0.836719 0.95625 0.170312 0.0875
0 0.0601562 0.65 0.120312 0.191667
0 0.660937 0.427083 0.15625 0.2125
0 0.875781 0.0958333 0.185937 0.191667
0 0.739062 0.239583 0.171875 0.216667
0 0.167969 0.647917 0.145313 0.183333
0 0.915625 0.448958 0.16875 0.210417
0 0.720312 0.930208 0.184375 0.139583
0 0.41875 0.810417 0.140625 0.195833
0 0.859375 0.228125 0.171875 0.227083
0 0.232031 0.561458 0.142188 0.214583
0 0.682813 0.053125 0.159375 0.10625
0 0.0726563 0.0760417 0.145313 0.152083
0 0.667969 0.689583 0.176563 0.220833
1 0.421875 0.463542 0.290625 0.385417
