0 0.620313 0.973958 0.115625 0.0520833
0 0.982031 0.391667 0.0359375 0.208333
0 0.0179687 0.603125 0.0359375 0.21875
0 0.177344 0.053125 0.192188 0.10625
0 0.26875 0.601042 0.18125 0.172917
0 0.517187 0.691667 0.209375 0.216667
0 0.0945313 0.411458 0.185937 0.264583
0 0.38125 0.0822917 0.175 0.164583
0 0.532812 0.86875 0.175 0.2125
0 0.925781 0.5625 0.148438 0.220833
0 0.540625 0.146875 0.1625 0.214583
1 0.3875 0.384375 0.41875 0.48125
0 0.710938 0.878125 0.165625 0.23125
0 0.10625 0.226042 0.184375 0.227083
0 0.727344 0.0739583 0.164062 0.147917
0 0.682813 0.379167 0.190625 0.241667
0 0.314063 0.821875 0.221875 0.26875
0 0.879687 0.289583 0.171875 0.25
0 0.873438 0.784375 0.178125 0.235417
