0 0.673437 0.220833 0.159375 0.233333
0 0.101562 0.913542 0.18125 0.172917
0 0.919531 0.208333 0.151562 0.2375
0 0.610937 0.642708 0.1625 0.264583
0 0.328906 0.380208 0.160938 0.214583
0 0.0179687 0.585417 0.0359375 0.2375
0 0.40625 0.977083 0.19375 0.0458333
0 0.0476562 0.0458333 0.0953125 0.0916667
0 0.384375 0.0625 0.184375 0.125
0 0.552344 0.0354167 0.164062 0.0708333
0 0.0210938 0.310417 0.0421875 0.1875
0 0.065625 0.836458 0.13125 0.19375
0 0.596094 0.179167 0.157813 0.245833
0 0.888281 0.0395833 0.173438 0.0791667
0 0.196094 0.0375 0.179688 0.075
0 0.9625 0.482292 0.075 0.247917
0 0.74375 0.95 0.18125 0.1
0 0.492188 0.379167 0.159375 0.204167
0 0.785156 0.155208 0.129688 0.185417
0 0.875781 0.420833 0.157813 0.1875
0 0.0875 0.4625 0.171875 0.25
0 0.610937 0.411458 0.184375 0.214583
0 0.4375 0.201042 0.18125 0.214583
0 0.214062 0.785417 0.153125 0.208333
0 0.264062 0.480208 0.178125 0.227083
0 0.335938 0.877083 0.159375 0.2125
0 0.09375 0.197917 0.16875 0.220833
0 0.610937 0.895833 0.153125 0.208333
1 0.857031 0.75625 0.285937 0.4
