0 0.0304688 0.619792 0.0609375 0.21875
0 0.0617188 0.975 0.101562 0.05
0 0.0289063 0.0854167 0.0578125 0.170833
0 0.182812 0.945833 0.16875 0.108333
0 0.826563 0.0635417 0.1625 0.127083
0 0.271094 0.0604167 0.164062 0.120833
0 0.763281 0.105208 0.170312 0.20625
0 0.717188 0.290625 0.153125 0.172917
0 0.245312 0.158333 0.1625 0.208333
1 0.173438 0.514583 0.334375 0.504167
0 0.859375 0.813542 0.1625 0.227083
0 0.932813 0.588542 0.134375 0.23125
0 0.776563 0.526042 0.16875 0.21875
0 0.703906 0.746875 0.154687 0.23125
1 0.450781 0.786458 0.335938 0.402083
0 0.907812 0.375 0.165625 0.208333
0 0.464063 0.316667 0.175 0.2375
