0 0.296094 0.897917 0.167187 0.195833
0 0.984375 0.23125 0.03125 0.175
0 0.95625 0.415625 0.0875 0.264583
0 0.578125 0.372917 0.18125 0.170833
0 0.639063 0.0208333 0.19375 0.0416667
0 0.0695312 0.707292 0.139062 0.197917
0 0.782812 0.585417 0.1375 0.233333
0 0.91875 0.178125 0.15625 0.24375
0 0.0945313 0.0447917 0.182812 0.0895833
0 0.0375 0.398958 0.075 0.252083
0 0.157813 0.7125 0.153125 0.175
0 0.571094 0.540625 0.195312 0.227083
0 0.672656 0.402083 0.154687 0.195833
0 0.264844 0.101042 0.195312 0.197917
0 0.892969 0.819792 0.164062 0.23125
0 0.130469 0.466667 0.139062 0.216667
0 0.449219 0.91875 0.154687 0.1625
0 0.71875 0.778125 0.15625 0.197917
1 0.319531 0.389583 0.273438 0.366667
