0 0.952344 0.45625 0.0953125 0.229167
0 0.123438 0.371875 0.171875 0.210417
0 0.614062 0.783333 0.209375 0.283333
0 0.545313 0.947917 0.146875 0.1
0 0.888281 0.1125 0.167187 0.1875
0 0.866406 0.492708 0.179688 0.25625
0 0.0242187 0.151042 0.0484375 0.177083
0 0.345313 0.691667 0.165625 0.2375
0 0.895312 0.196875 0.190625 0.235417
0 0.471094 0.944792 0.164062 0.110417
0 0.535937 0.0770833 0.15625 0.154167
0 0.275 0.804167 0.14375 0.2
0 0.195312 0.886458 0.18125 0.227083
0 0.859375 0.734375 0.16875 0.210417
0 0.921875 0.890625 0.15625 0.214583
0 0.121875 0.721875 0.190625 0.21875
1 0.471094 0.402083 0.320312 0.4
