0 0.940625 0.920833 0.11875 0.158333
0 0.571094 0.927083 0.189063 0.145833
0 0.0257812 0.0875 0.0515625 0.154167
0 0.724219 0.494792 0.176563 0.19375
0 0.985156 0.0614583 0.0296875 0.122917
0 0.257812 0.328125 0.171875 0.227083
0 0.857031 0.890625 0.185937 0.202083
0 0.132031 0.132292 0.192188 0.197917
0 0.0320312 0.835417 0.0640625 0.2125
0 0.0679687 0.957292 0.135937 0.0854167
0 0.869531 0.0354167 0.154687 0.0708333
0 0.91875 0.258333 0.159375 0.225
0 0.160938 0.80625 0.175 0.2125
0 0.401563 0.629167 0.165625 0.204167
0 0.075 0.348958 0.15 0.239583
0 0.304688 0.609375 0.13125 0.189583
0 0.895312 0.454167 0.190625 0.204167
0 0.361719 0.307292 0.142188 0.214583
0 0.1375 0.6625 0.165625 0.191667
0 0.621875 0.759375 0.1625 0.235417
0 0.38125 0.802083 0.171875 0.225
1 0.634375 0.233333 0.45625 0.466667
