0 0.0304688 0.561458 0.0609375 0.18125
0 0.685938 0.0979167 0.159375 0.1875
0 0.630469 0.4125 0.154687 0.208333
0 0.934375 0.326042 0.125 0.24375
0 0.263281 0.814583 0.148438 0.195833
0 0.0375 0.45 0.075 0.191667
0 0.578906 0.245833 0.192188 0.233333
0 0.0945313 0.653125 0.173438 0.214583
0 0.134375 0.9375 0.153125 0.125
0 0.298438 0.907292 0.146875 0.177083
0 0.535156 0.0552083 0.164062 0.110417
0 0.046875 0.85625 0.09375 0.170833
0 0.0507812 0.216667 0.101562 0.229167
0 0.604688 0.939583 0.165625 0.120833
0 0.364844 0.679167 0.157813 0.208333
0 0.71875 0.626042 0.19375 0.247917
0 0.953906 0.692708 0.0921875 0.247917
0 0.721875 0.8875 0.16875 0.216667
0 0.797656 0.302083 0.176563 0.229167
1 0.311719 0.220833 0.385938 0.441667
