1 0.698317 0.0709135 0.141827 0.141827
1 0.96274 0.447115 0.0745192 0.206731
0 0.0504808 0.435096 0.100962 0.254808
1 0.627404 0.269231 0.177885 0.206731
1 0.0216346 0.159856 0.0432692 0.242788
1 0.9375 0.924279 0.125 0.146635
1 0.0516827 0.435096 0.103365 0.254808
1 0.0673077 0.778846 0.129808 0.379808
1 0.919471 0.34976 0.151442 0.213942
1 0.439904 0.501202 0.1875 0.223558
1 0.527644 0.828125 0.127404 0.228365
1 0.919471 0.0949519 0.161058 0.185096
1 0.0925481 0.963942 0.151442 0.0721154
1 0.698317 0.814904 0.165865 0.197115
1 0.28726 0.688702 0.199519 0.228365
1 0.24399 0.895433 0.209135 0.194712
1 0.75601 0.49399 0.180288 0.209135
2 0.0661058 0.769231 0.132212 0.360577
1 0.293269 0.429087 0.201923 0.252404
1 0.889423 0.736779 0.168269 0.223558
1 0.266827 0.155048 0.182692 0.262019
1 0.419471 0.254808 0.185096 0.235577
