0 0.642969 0.980208 0.189063 0.0395833
0 0.230469 0.01875 0.170312 0.0375
0 0.953125 0.9375 0.09375 0.125
0 0.05625 0.059375 0.1125 0.11875
0 0.403125 0.0791667 0.184375 0.158333
0 0.626562 0.113542 0.15625 0.20625
0 0.913281 0.780208 0.164062 0.23125
0 0.210938 0.959375 0.175 0.08125
0 0.303906 0.265625 0.164062 0.210417
0 0.95 0.189583 0.1 0.241667
0 0.404687 0.928125 0.178125 0.14375
0 0.302344 0.616667 0.157813 0.2
0 0.785156 0.627083 0.192188 0.229167
0 0.177344 0.673958 0.154687 0.197917
0 0.174219 0.116667 0.135937 0.158333
0 0.629687 0.373958 0.190625 0.227083
0 0.285156 0.825 0.151562 0.183333
1 0.123438 0.377083 0.246875 0.4375
0 0.815625 0.261458 0.15 0.189583
0 0.917188 0.460417 0.165625 0.254167
0 0.65625 0.846875 0.15625 0.210417
0 0.596875 0.64375 0.16875 0.220833
