1 0.0649038 0.0384615 0.125 0.0769231
1 0.236779 0.596154 0.21875 0.173077
1 0.663462 0.966346 0.173077 0.0673077
1 0.980769 0.359375 0.0384615 0.233173
1 0.854567 0.19351 0.165865 0.223558
1 0.155048 0.84375 0.137019 0.173077
1 0.671875 0.769231 0.175481 0.230769
1 0.350962 0.146635 0.153846 0.192308
1 0.487981 0.963942 0.163462 0.0721154
1 0.447115 0.597356 0.168269 0.276442
1 0.0564904 0.425481 0.112981 0.230769
1 0.802885 0.461538 0.173077 0.269231
1 0.945913 0.0444712 0.103365 0.0889423
1 0.278846 0.0384615 0.153846 0.0769231
1 0.0769231 0.956731 0.149038 0.0865385
1 0.0709135 0.192308 0.141827 0.211538
1 0.191106 0.484375 0.170673 0.189904
1 0.346154 0.276442 0.173077 0.206731
1 0.917067 0.709135 0.161058 0.225962
1 0.323317 0.941106 0.165865 0.117788
1 0.284856 0.723558 0.165865 0.225962
2 0.616587 0.295673 0.358173 0.408654
1 0.182692 0.259615 0.158654 0.211538
1 0.840144 0.914663 0.180288 0.170673
