0 0.946094 0.5 0.107813 0.266667
0 0.719531 0.441667 0.142188 0.1625
0 0.0140625 0.497917 0.028125 0.208333
0 0.475781 0.264583 0.160938 0.204167
0 0.803906 0.392708 0.154687 0.19375
0 0.532031 0.869792 0.185937 0.222917
0 0.0695312 0.25625 0.139062 0.229167
0 0.253906 0.105208 0.154687 0.20625
0 0.0210938 0.784375 0.0421875 0.21875
0 0.5875 0.273958 0.18125 0.222917
0 0.375 0.809375 0.165625 0.210417
0 0.964063 0.736458 0.071875 0.19375
0 0.964063 0.180208 0.071875 0.227083
0 0.0953125 0.927083 0.1625 0.145833
0 0.697656 0.707292 0.164062 0.23125
0 0.230469 0.89375 0.185937 0.2
0 0.424219 0.126042 0.157813 0.222917
0 0.475 0.938542 0.125 0.122917
0 0.114844 0.73125 0.154687 0.229167
0 0.646875 0.492708 0.15 0.185417
0 0.826563 0.6 0.171875 0.208333
1 0.315625 0.473958 0.325 0.477083
