0 0.498798 0.419471 0.0408654 0.0552885
1 0.580529 0.936298 0.175481 0.122596
0 0.977163 0.870192 0.0408654 0.0625
1 0.551683 0.116587 0.161058 0.199519
1 0.147837 0.765625 0.141827 0.209135
0 0.545673 0.350962 0.0576923 0.0673077
1 0.953125 0.737981 0.09375 0.221154
1 0.550481 0.0384615 0.163462 0.0769231
1 0.895433 0.981971 0.189904 0.0360577
1 0.865385 0.641827 0.177885 0.201923
0 0.628606 0.171875 0.0600962 0.0889423
1 0.927885 0.65024 0.144231 0.199519
1 0.439904 0.856971 0.177885 0.194712
1 0.727163 0.646635 0.151442 0.211538
1 0.192308 0.955529 0.149038 0.0889423
1 0.126202 0.0757212 0.175481 0.151442
1 0.302885 0.828125 0.168269 0.223558
1 0.316106 0.418269 0.175481 0.197115
1 0.915865 0.0829327 0.168269 0.165865
1 0.688702 0.920673 0.194712 0.158654
1 0.274038 0.569712 0.163462 0.245192
1 0.0420673 0.582933 0.0841346 0.21875
1 0.924279 0.861779 0.151442 0.209135
1 0.673077 0.515625 0.173077 0.266827
1 0.871394 0.375 0.175481 0.25
1 0.75601 0.139423 0.170673 0.216346
2 0.46875 0.600962 0.25 0.25
