0 0.596875 0.609375 0.15625 0.20625
0 0.9625 0.0364583 0.075 0.0729167
0 0.0179687 0.711458 0.0359375 0.29375
0 0.911719 0.9625 0.176563 0.0708333
0 0.065625 0.084375 0.13125 0.16875
0 0.308594 0.7875 0.220313 0.266667
0 0.759375 0.675 0.2 0.2
0 0.160938 0.439583 0.175 0.2625
0 0.403906 0.953125 0.210938 0.09375
0 0.084375 0.907292 0.159375 0.185417
0 0.928125 0.827083 0.1375 0.204167
0 0.195312 0.153125 0.165625 0.214583
0 0.715625 0.0854167 0.175 0.170833
0 0.109375 0.708333 0.15 0.2
0 0.846875 0.1875 0.19375 0.2625
0 0.907812 0.517708 0.178125 0.272917
1 0.484375 0.188542 0.359375 0.372917
0 0.557813 0.827083 0.190625 0.2375
