0 0.0171875 0.655208 0.034375 0.202083
0 0.321094 0.754167 0.167187 0.191667
0 0.0695312 0.5125 0.139062 0.216667
0 0.0265625 0.170833 0.053125 0.183333
0 0.100781 0.338542 0.198437 0.24375
0 0.660937 0.525 0.146875 0.208333
0 0.204688 0.0510417 0.175 0.102083
0 0.191406 0.941667 0.185937 0.1125
0 0.939062 0.179167 0.121875 0.266667
0 0.8375 0.427083 0.19375 0.208333
1 0.471094 0.582292 0.314063 0.489583
0 0.648438 0.311458 0.196875 0.197917
0 0.577344 0.873958 0.185937 0.252083
0 0.875781 0.632292 0.195312 0.23125
0 0.375 0.922917 0.165625 0.154167
0 0.807813 0.191667 0.153125 0.225
0 0.429688 0.276042 0.159375 0.19375
0 0.125 0.779167 0.18125 0.25
0 0.807813 0.916667 0.1625 0.166667
0 0.645312 0.10625 0.1875 0.2125
