0 0.64375 0.791667 0.1625 0.225
0 0.0914062 0.0375 0.167187 0.075
0 0.248437 0.715625 0.159375 0.21875
0 0.299219 0.1625 0.207813 0.2375
0 0.809375 0.327083 0.15625 0.233333
0 0.675781 0.947917 0.167187 0.104167
0 0.2875 0.979167 0.16875 0.0416667
0 0.43125 0.929167 0.175 0.141667
0 0.689844 0.519792 0.179688 0.252083
0 0.977344 0.641667 0.0453125 0.25
0 0.342969 0.403125 0.160938 0.214583
0 0.853125 0.04375 0.15625 0.0875
0 0.0835937 0.965625 0.145313 0.06875
0 0.76875 0.734375 0.15625 0.222917
0 0.954687 0.964583 0.090625 0.0708333
0 0.8125 0.4625 0.1625 0.183333
0 0.514844 0.0479167 0.176563 0.0958333
0 0.951563 0.326042 0.096875 0.239583
0 0.420312 0.494792 0.171875 0.20625
0 0.9375 0.0791667 0.125 0.158333
0 0.377344 0.782292 0.189063 0.227083
0 0.04375 0.625 0.0875 0.225
0 0.110937 0.266667 0.196875 0.25
0 0.925781 0.801042 0.145313 0.16875
1 0.575781 0.251042 0.314063 0.40625
