0 0.122656 0.03125 0.176563 0.0625
0 0.471094 0.021875 0.185937 0.04375
0 0.285937 0.841667 0.153125 0.216667
0 0.0898438 0.9375 0.173438 0.125
0 0.0265625 0.551042 0.053125 0.20625
0 0.602344 0.958333 0.232812 0.0833333
0 0.795313 0.627083 0.184375 0.2125
0 0.8125 0.494792 0.16875 0.210417
0 0.28125 0.933333 0.171875 0.133333
0 0.179688 0.309375 0.2 0.239583
0 0.127344 0.427083 0.160938 0.220833
0 0.179688 0.0885417 0.175 0.172917
0 0.967188 0.416667 0.065625 0.2125
0 0.910937 0.0552083 0.159375 0.10625
0 0.629687 0.570833 0.159375 0.2
0 0.747656 0.0885417 0.179688 0.177083
0 0.659375 0.808333 0.16875 0.233333
0 0.03125 0.09375 0.0625 0.179167
0 0.828125 0.919792 0.20625 0.15625
0 0.942187 0.6875 0.115625 0.225
0 0.265625 0.566667 0.175 0.25
0 0.111719 0.823958 0.176563 0.23125
1 0.5625 0.289583 0.325 0.454167
0 0.453906 0.575 0.185937 0.233333
0 0.358594 0.107292 0.148438 0.20625
