0 0.81875 0.932292 0.16875 0.135417
0 0.611719 0.976042 0.145313 0.0479167
0 0.0382813 0.475 0.0765625 0.183333
0 0.920313 0.242708 0.159375 0.214583
0 0.0375 0.0895833 0.075 0.175
0 0.111719 0.939583 0.170312 0.120833
0 0.332812 0.94375 0.196875 0.1125
0 0.182812 0.676042 0.178125 0.252083
0 0.515625 0.229167 0.15625 0.2625
0 0.783594 0.547917 0.148438 0.220833
0 0.090625 0.280208 0.18125 0.24375
0 0.185156 0.0927083 0.170312 0.185417
0 0.925781 0.639583 0.148438 0.229167
0 0.339063 0.434375 0.203125 0.210417
0 0.879687 0.415625 0.153125 0.210417
1 0.479688 0.74375 0.359375 0.495833
0 0.760938 0.165625 0.171875 0.272917
