1 0.965144 0.38101 0.0697115 0.257212
1 0.108173 0.41226 0.158654 0.175481
1 0.739183 0.213942 0.165865 0.201923
1 0.115385 0.0204327 0.1875 0.0408654
1 0.0192308 0.518029 0.0384615 0.175481
1 0.509615 0.929087 0.144231 0.141827
1 0.63101 0.108173 0.122596 0.163462
1 0.545673 0.377404 0.177885 0.283654
1 0.481971 0.0228365 0.132212 0.0456731
1 0.617788 0.830529 0.115385 0.21875
1 0.963942 0.0769231 0.0721154 0.153846
0 0.876202 0.264423 0.0649038 0.0961538
1 0.741587 0.882212 0.170673 0.235577
1 0.640625 0.365385 0.137019 0.211538
1 0.760817 0.633413 0.170673 0.266827
1 0.8125 0.0540865 0.201923 0.103365
1 0.548077 0.838942 0.125 0.235577
1 0.0264423 0.944712 0.0528846 0.105769
1 0.197115 0.460337 0.153846 0.247596
1 0.777644 0.385817 0.15625 0.204327
1 0.0805288 0.194712 0.151442 0.182692
1 0.530048 0.645433 0.180288 0.233173
1 0.233173 0.0829327 0.163462 0.165865
1 0.402644 0.176683 0.165865 0.228365
2 0.115385 0.701923 0.230769 0.3125
1 0.356971 0.823317 0.15625 0.204327
1 0.325721 0.387019 0.146635 0.201923
