0 0.260156 0.927083 0.185937 0.145833
0 0.985156 0.929167 0.0296875 0.141667
0 0.345313 0.894792 0.171875 0.202083
0 0.369531 0.640625 0.167187 0.20625
0 0.453906 0.0979167 0.176563 0.179167
0 0.179688 0.380208 0.140625 0.18125
0 0.046875 0.0479167 0.09375 0.0958333
0 0.860937 0.86875 0.175 0.245833
0 0.461719 0.95 0.164062 0.1
0 0.350781 0.0854167 0.195312 0.170833
0 0.0398437 0.239583 0.0796875 0.204167
0 0.471094 0.796875 0.123438 0.189583
0 0.839063 0.0395833 0.178125 0.0791667
0 0.05625 0.895833 0.1125 0.208333
0 0.953125 0.752083 0.09375 0.208333
0 0.734375 0.7125 0.15625 0.2
0 0.646875 0.059375 0.175 0.114583
0 0.503125 0.471875 0.2 0.25625
0 0.895312 0.3125 0.1625 0.216667
0 0.660156 0.311458 0.173438 0.264583
0 0.128125 0.138542 0.1625 0.20625
1 0.107031 0.566667 0.210938 0.4375
