1 0.585337 0.796875 0.161058 0.209135
1 0.512019 0.84976 0.163462 0.233173
1 0.979567 0.835337 0.0408654 0.194712
1 0.963942 0.480769 0.0721154 0.211538
1 0.710337 0.0432692 0.132212 0.0865385
1 0.405048 0.966346 0.199519 0.0673077
1 0.894231 0.432692 0.182692 0.269231
1 0.893029 0.0360577 0.180288 0.0721154
1 0.570913 0.0348558 0.146635 0.0697115
1 0.0432692 0.953125 0.0865385 0.09375
1 0.257212 0.114183 0.153846 0.175481
1 0.854567 0.938702 0.175481 0.122596
1 0.0528846 0.346154 0.105769 0.235577
0 0.78125 0.475962 0.0721154 0.0865385
1 0.141827 0.302885 0.149038 0.221154
1 0.609375 0.944712 0.151442 0.110577
1 0.100962 0.104567 0.168269 0.199519
1 0.248798 0.909856 0.151442 0.180288
1 0.814904 0.783654 0.168269 0.206731
1 0.335337 0.745192 0.170673 0.206731
1 0.871394 0.211538 0.185096 0.211538
1 0.0516827 0.824519 0.103365 0.225962
2 0.445913 0.457933 0.348558 0.430288
1 0.670673 0.604567 0.163462 0.228365
1 0.71875 0.182692 0.153846 0.197115
1 0.492788 0.137019 0.192308 0.211538
