0 0.0324519 0.972356 0.0600962 0.0552885
1 0.890625 0.69351 0.185096 0.271635
0 0.967548 0.240385 0.0649038 0.25
0 0.947115 0.417067 0.105769 0.247596
1 0.514423 0.0985577 0.197115 0.197115
1 0.509615 0.949519 0.182692 0.100962
1 0.733173 0.125 0.245192 0.245192
0 0.893029 0.698317 0.189904 0.28125
1 0.549279 0.805288 0.199519 0.211538
1 0.0276442 0.0913462 0.0552885 0.182692
1 0.948317 0.417067 0.103365 0.252404
1 0.264423 0.59976 0.173077 0.228365
0 0.963942 0.588942 0.0721154 0.105769
2 0.49399 0.555288 0.213942 0.283654
