0 0.946875 0.834375 0.10625 0.222917
0 0.984375 0.654167 0.03125 0.2125
0 0.948438 0.958333 0.103125 0.0833333
0 0.0578125 0.75625 0.115625 0.2875
0 0.583594 0.945833 0.210938 0.108333
0 0.292188 0.0322917 0.1625 0.0645833
0 0.1 0.383333 0.2 0.2125
0 0.13125 0.125 0.20625 0.225
0 0.45 0.680208 0.171875 0.264583
0 0.685938 0.157292 0.196875 0.260417
0 0.489062 0.195833 0.171875 0.216667
0 0.378906 0.930208 0.185937 0.139583
0 0.326562 0.198958 0.221875 0.252083
0 0.369531 0.438542 0.179688 0.260417
0 0.203906 0.901042 0.167187 0.197917
1 0.190625 0.611458 0.225 0.34375
