0 0.49375 0.309375 0.14375 0.202083
0 0.740625 0.257292 0.18125 0.19375
0 0.955469 0.0489583 0.0890625 0.0979167
0 0.907812 0.596875 0.165625 0.202083
0 0.727344 0.0697917 0.185937 0.139583
0 0.435156 0.89375 0.192188 0.2125
0 0.028125 0.805208 0.05625 0.210417
0 0.407031 0.211458 0.154687 0.185417
0 0.040625 0.2375 0.08125 0.195833
0 0.779688 0.489583 0.16875 0.254167
0 0.0296875 0.595833 0.059375 0.191667
0 0.0484375 0.105208 0.096875 0.197917
0 0.540625 0.084375 0.1625 0.16875
0 0.909375 0.929167 0.16875 0.141667
0 0.6125 0.364583 0.1875 0.208333
0 0.389062 0.409375 0.159375 0.214583
0 0.284375 0.913542 0.15625 0.172917
0 0.145313 0.629167 0.165625 0.233333
0 0.165625 0.253125 0.1625 0.20625
0 0.789844 0.775 0.176563 0.229167
0 0.303906 0.683333 0.154687 0.2
1 0.570312 0.6375 0.346875 0.4375
