0 0.110937 0.48125 0.153125 0.191667
0 0.214062 0.975 0.184375 0.05
0 0.38125 0.0666667 0.165625 0.129167
0 0.059375 0.464583 0.11875 0.191667
0 0.382031 0.340625 0.129688 0.289583
0 0.884375 0.9625 0.175 0.075
0 0.121875 0.2625 0.184375 0.208333
0 0.0265625 0.896875 0.053125 0.20625
0 0.921094 0.913542 0.157813 0.164583
0 0.282813 0.0739583 0.175 0.147917
0 0.235938 0.884375 0.146875 0.152083
0 0.336719 0.598958 0.170312 0.202083
0 0.105469 0.148958 0.204688 0.23125
0 0.417188 0.939583 0.18125 0.120833
0 0.68125 0.0552083 0.15625 0.110417
0 0.61875 0.840625 0.18125 0.25625
0 0.951563 0.480208 0.096875 0.222917
0 0.246875 0.7625 0.1875 0.216667
0 0.699219 0.225 0.154687 0.208333
0 0.423438 0.777083 0.171875 0.2125
0 0.921094 0.70625 0.157813 0.220833
0 0.528906 0.158333 0.148438 0.208333
0 0.835938 0.351042 0.184375 0.247917
0 0.261719 0.407292 0.148438 0.214583
0 0.0710938 0.696875 0.142188 0.210417
1 0.551562 0.50625 0.353125 0.475
0 0.757031 0.679167 0.167187 0.233333
0 0.814844 0.109375 0.164062 0.210417
