0 0.288281 0.0177083 0.157813 0.0354167
0 0.4375 0.0416667 0.175 0.0833333
0 0.103125 0.977083 0.178125 0.0458333
0 0.845312 0.433333 0.121875 0.133333
0 0.671875 0.70625 0.16875 0.229167
0 0.351562 0.220833 0.19375 0.220833
0 0.929688 0.028125 0.140625 0.05625
0 0.923437 0.252083 0.146875 0.233333
0 0.411719 0.752083 0.176563 0.1875
0 0.540625 0.279167 0.18125 0.233333
0 0.0921875 0.872917 0.159375 0.204167
0 0.760156 0.269792 0.185937 0.235417
0 0.765625 0.648958 0.171875 0.227083
0 0.180469 0.105208 0.167187 0.20625
0 0.64375 0.460417 0.18125 0.220833
0 0.613281 0.06875 0.160938 0.133333
0 0.928125 0.847917 0.1375 0.170833
0 0.773438 0.0677083 0.134375 0.135417
0 0.622656 0.822917 0.145313 0.2
0 0.917188 0.660417 0.165625 0.229167
1 0.277344 0.495833 0.489062 0.520833
