0 0.278906 0.740625 0.167187 0.185417
0 0.161719 0.0416667 0.189063 0.0833333
0 0.153906 0.933333 0.176563 0.133333
0 0.604688 0.29375 0.184375 0.191667
0 0.0492188 0.513542 0.0984375 0.18125
1 0.429688 0.5625 0.3125 0.483333
0 0.796875 0.410417 0.19375 0.208333
0 0.0789063 0.323958 0.157813 0.239583
0 0.621875 0.508333 0.140625 0.2125
0 0.332031 0.914583 0.167187 0.170833
0 0.535937 0.858333 0.190625 0.258333
0 0.833594 0.6125 0.195312 0.229167
0 0.600781 0.096875 0.182812 0.19375
0 0.0859375 0.758333 0.171875 0.254167
0 0.765625 0.176042 0.146875 0.222917
0 0.916406 0.164583 0.164062 0.254167
0 0.3875 0.25625 0.1625 0.1875
0 0.763281 0.908333 0.160938 0.183333
