0 0.714063 0.419792 0.184375 0.24375
0 0.285156 0.939583 0.173438 0.120833
0 0.292969 0.438542 0.160938 0.185417
0 0.46875 0.059375 0.1875 0.11875
0 0.609375 0.961458 0.159375 0.0770833
0 0.364062 0.101042 0.196875 0.202083
0 0.632812 0.680208 0.15 0.214583
0 0.653906 0.107292 0.154687 0.210417
0 0.8 0.0916667 0.175 0.183333
0 0.188281 0.0927083 0.182812 0.185417
0 0.9 0.576042 0.18125 0.20625
0 0.0546875 0.141667 0.109375 0.204167
0 0.0539063 0.38125 0.107813 0.183333
0 0.774219 0.747917 0.204688 0.254167
0 0.925781 0.195833 0.148438 0.2
0 0.707031 0.205208 0.157813 0.227083
1 0.267188 0.682292 0.234375 0.285417
