0 0.046875 0.158333 0.09375 0.1625
0 0.021875 0.0916667 0.04375 0.183333
0 0.0789063 0.980208 0.157813 0.0395833
0 0.0414063 0.73125 0.0828125 0.195833
0 0.564062 0.06875 0.178125 0.1375
0 0.1625 0.58125 0.15 0.220833
0 0.859375 0.94375 0.18125 0.1125
0 0.607813 0.730208 0.153125 0.20625
0 0.378906 0.219792 0.195312 0.20625
0 0.384375 0.0729167 0.15625 0.145833
0 0.761719 0.709375 0.167187 0.20625
0 0.499219 0.810417 0.126563 0.175
0 0.952344 0.470833 0.0953125 0.220833
0 0.53125 0.954167 0.190625 0.0916667
0 0.834375 0.040625 0.19375 0.08125
0 0.375 0.833333 0.15625 0.183333
0 0.714844 0.822917 0.179688 0.175
0 0.08125 0.377083 0.1625 0.229167
0 0.513281 0.20625 0.167187 0.216667
0 0.0703125 0.859375 0.140625 0.210417
0 0.726562 0.498958 0.215625 0.202083
0 0.210156 0.244792 0.167187 0.177083
1 0.360938 0.519792 0.390625 0.49375
0 0.923437 0.258333 0.153125 0.216667
0 0.74375 0.235417 0.18125 0.245833
