0 0.961719 0.242708 0.0765625 0.210417
0 0.98125 0.922917 0.0375 0.154167
0 0.375 0.280208 0.1875 0.235417
0 0.927344 0.0760417 0.142188 0.152083
0 0.0304688 0.326042 0.0609375 0.202083
0 0.214844 0.4 0.198437 0.191667
0 0.426562 0.73125 0.184375 0.2125
0 0.65 0.107292 0.16875 0.210417
0 0.046875 0.601042 0.09375 0.16875
0 0.948438 0.657292 0.103125 0.222917
0 0.394531 0.892708 0.164062 0.20625
0 0.645312 0.760417 0.159375 0.204167
0 0.084375 0.845833 0.16875 0.275
0 0.542188 0.885417 0.16875 0.204167
0 0.242188 0.566667 0.165625 0.216667
0 0.815625 0.523958 0.175 0.202083
1 0.115625 0.108333 0.2125 0.216667
0 0.765625 0.164583 0.175 0.208333
