1 0.959135 0.0228365 0.0817308 0.0456731
1 0.0841346 0.612981 0.163462 0.206731
1 0.231971 0.882212 0.180288 0.225962
1 0.47476 0.439904 0.199519 0.240385
1 0.52524 0.932692 0.204327 0.134615
1 0.0396635 0.0552885 0.0793269 0.110577
1 0.774038 0.46875 0.192308 0.225962
1 0.75601 0.947115 0.161058 0.105769
1 0.271635 0.918269 0.125 0.153846
0 0.0216346 0.543269 0.0432692 0.0769231
1 0.21274 0.046875 0.146635 0.09375
0 0.447115 0.144231 0.0480769 0.0625
1 0.203125 0.217548 0.199519 0.266827
1 0.752404 0.235577 0.173077 0.225962
1 0.895433 0.120192 0.15625 0.197115
1 0.963942 0.21875 0.0721154 0.206731
1 0.944712 0.497596 0.110577 0.216346
1 0.847356 0.72476 0.185096 0.242788
1 0.610577 0.09375 0.168269 0.1875
1 0.543269 0.213942 0.168269 0.221154
1 0.135817 0.413462 0.170673 0.235577
2 0.536058 0.709135 0.230769 0.365385
1 0.299279 0.509615 0.151442 0.177885
1 0.0877404 0.882212 0.165865 0.221154
