0 0.760938 0.021875 0.159375 0.04375
0 0.304688 0.396875 0.175 0.239583
0 0.415625 0.916667 0.165625 0.1625
0 0.166406 0.916667 0.170312 0.166667
0 0.554688 0.0239583 0.203125 0.0479167
0 0.0539063 0.621875 0.107813 0.277083
0 0.890625 0.0666667 0.1875 0.133333
0 0.326562 0.90625 0.171875 0.1875
0 0.5125 0.902083 0.1625 0.1875
0 0.197656 0.345833 0.160938 0.220833
0 0.942969 0.222917 0.114063 0.2
0 0.0335938 0.865625 0.0671875 0.222917
0 0.654688 0.447917 0.146875 0.204167
0 0.567187 0.698958 0.1375 0.189583
0 0.203125 0.125 0.153125 0.2
0 0.0421875 0.0885417 0.084375 0.177083
0 0.917188 0.446875 0.159375 0.239583
0 0.504687 0.5125 0.146875 0.2125
0 0.346094 0.715625 0.164062 0.21875
1 0.7625 0.789583 0.3625 0.420833
0 0.507812 0.241667 0.184375 0.216667
0 0.790625 0.26875 0.16875 0.2125
