0 0.373437 0.122917 0.15625 0.1875
0 0.273438 0.0895833 0.178125 0.179167
0 0.932813 0.0708333 0.134375 0.1375
0 0.307031 0.935417 0.157813 0.129167
0 0.96875 0.554167 0.0625 0.245833
0 0.0648438 0.719792 0.126563 0.189583
0 0.667969 0.078125 0.139062 0.15625
0 0.321094 0.392708 0.189063 0.247917
0 0.7625 0.94375 0.190625 0.1125
0 0.65 0.354167 0.15625 0.229167
0 0.9125 0.204167 0.16875 0.25
0 0.273438 0.576042 0.16875 0.202083
0 0.0835937 0.395833 0.151562 0.220833
0 0.442187 0.871875 0.16875 0.172917
0 0.130469 0.105208 0.164062 0.20625
0 0.74375 0.55 0.16875 0.2375
1 0.496094 0.616667 0.192188 0.3
