0 0.264062 0.028125 0.234375 0.05625
0 0.214844 0.941667 0.120312 0.116667
0 0.0203125 0.722917 0.040625 0.220833
0 0.974219 0.613542 0.0515625 0.197917
0 0.620313 0.901042 0.153125 0.197917
0 0.322656 0.55625 0.148438 0.204167
0 0.151562 0.535417 0.184375 0.204167
0 0.429688 0.383333 0.215625 0.291667
0 0.928125 0.394792 0.14375 0.23125
0 0.197656 0.766667 0.160938 0.220833
0 0.610156 0.623958 0.157813 0.21875
0 0.925 0.880208 0.15 0.239583
0 0.06875 0.898958 0.1375 0.197917
0 0.621875 0.259375 0.1875 0.30625
0 0.8625 0.223958 0.18125 0.252083
1 0.396094 0.814583 0.360938 0.370833
