0 0.327344 0.979167 0.164062 0.0416667
0 0.192188 0.446875 0.15625 0.239583
0 0.746094 0.31875 0.145313 0.204167
0 0.655469 0.516667 0.176563 0.25
0 0.21875 0.709375 0.15625 0.189583
0 0.63125 0.955208 0.1625 0.0895833
0 0.0523437 0.25 0.104687 0.2125
0 0.0921875 0.925 0.175 0.15
0 0.946094 0.402083 0.107813 0.220833
0 0.611719 0.378125 0.123438 0.18125
0 0.182812 0.232292 0.15625 0.227083
0 0.907812 0.93125 0.165625 0.1375
0 0.760156 0.0729167 0.157813 0.141667
0 0.46875 0.519792 0.18125 0.202083
0 0.49375 0.923958 0.16875 0.152083
0 0.765625 0.257292 0.15 0.152083
0 0.739844 0.847917 0.167187 0.195833
0 0.925 0.192708 0.15 0.20625
0 0.0742188 0.680208 0.148438 0.210417
0 0.624219 0.134375 0.151562 0.214583
1 0.410156 0.245833 0.360938 0.479167
