0 0.0875 0.0479167 0.16875 0.0958333
0 0.80625 0.0635417 0.159375 0.122917
0 0.523438 0.925 0.175 0.15
0 0.985156 0.471875 0.0296875 0.185417
0 0.769531 0.713542 0.164062 0.214583
0 0.86875 0.76875 0.15 0.204167
0 0.939844 0.88125 0.120312 0.2375
0 0.0210938 0.65625 0.0421875 0.220833
0 0.0234375 0.90625 0.046875 0.1875
0 0.627344 0.815625 0.170312 0.21875
0 0.970312 0.279167 0.059375 0.191667
0 0.30625 0.497917 0.146875 0.220833
1 0.721875 0.4 0.353125 0.5
0 0.9375 0.0979167 0.125 0.195833
0 0.165625 0.897917 0.1625 0.195833
0 0.171094 0.189583 0.145313 0.191667
0 0.184375 0.677083 0.196875 0.220833
0 0.391406 0.917708 0.160938 0.164583
0 0.621094 0.101042 0.204688 0.202083
0 0.317969 0.773958 0.160938 0.202083
0 0.48125 0.73125 0.15 0.2125
0 0.142969 0.395833 0.176563 0.2375
