0 0.935938 0.0270833 0.128125 0.0541667
0 0.291406 0.0208333 0.167187 0.0416667
0 0.836719 0.973958 0.145313 0.0520833
0 0.0671875 0.961458 0.134375 0.0770833
0 0.215625 0.275 0.175 0.245833
0 0.175781 0.420833 0.182812 0.225
1 0.5875 0.735417 0.475 0.529167
0 0.0773437 0.829167 0.154687 0.2125
0 0.291406 0.946875 0.160938 0.10625
0 0.0742188 0.2125 0.148438 0.25
0 0.571875 0.084375 0.175 0.16875
0 0.185156 0.641667 0.164062 0.195833
0 0.697656 0.309375 0.176563 0.25625
0 0.904688 0.558333 0.153125 0.2375
