0 0.642969 0.01875 0.173438 0.0375
0 0.0875 0.977083 0.175 0.0458333
0 0.125781 0.307292 0.135937 0.202083
0 0.611719 0.476042 0.135937 0.222917
0 0.617188 0.969792 0.146875 0.0604167
0 0.214844 0.941667 0.132812 0.116667
0 0.875 0.820833 0.18125 0.183333
0 0.0421875 0.525 0.084375 0.195833
0 0.261719 0.0541667 0.173438 0.104167
0 0.964063 0.340625 0.071875 0.227083
0 0.917188 0.113542 0.165625 0.222917
0 0.873438 0.382292 0.15 0.210417
0 0.0585938 0.307292 0.117188 0.214583
0 0.898438 0.951042 0.190625 0.0979167
0 0.734375 0.414583 0.15 0.229167
0 0.265625 0.220833 0.16875 0.2125
0 0.932813 0.608333 0.134375 0.25
0 0.754687 0.6375 0.153125 0.208333
0 0.415625 0.0927083 0.16875 0.185417
0 0.550781 0.647917 0.164062 0.191667
0 0.6875 0.845833 0.153125 0.195833
0 0.547656 0.2375 0.167187 0.208333
0 0.707031 0.161458 0.167187 0.227083
1 0.192188 0.685417 0.296875 0.433333
0 0.524219 0.879167 0.167187 0.229167
