1 0.977163 0.810096 0.0456731 0.230769
1 0.254808 0.978365 0.173077 0.0432692
1 0.978365 0.56851 0.0432692 0.213942
1 0.504808 0.307692 0.153846 0.259615
1 0.972356 0.360577 0.0552885 0.221154
1 0.969952 0.143029 0.0600962 0.223558
1 0.46274 0.0336538 0.146635 0.0673077
1 0.210337 0.513221 0.146635 0.194712
1 0.895433 0.268029 0.146635 0.185096
1 0.0276442 0.240385 0.0552885 0.1875
1 0.664663 0.919471 0.161058 0.161058
1 0.0420673 0.0492788 0.0841346 0.0985577
1 0.574519 0.0625 0.158654 0.125
1 0.615385 0.236779 0.149038 0.204327
1 0.361779 0.151442 0.165865 0.245192
1 0.657452 0.751202 0.180288 0.233173
1 0.897837 0.918269 0.194712 0.163462
1 0.198317 0.0949519 0.146635 0.189904
1 0.149038 0.344952 0.149038 0.209135
1 0.808894 0.0685096 0.161058 0.137019
1 0.49399 0.936298 0.165865 0.127404
1 0.0889423 0.682692 0.168269 0.278846
1 0.829327 0.299279 0.149038 0.199519
1 0.91226 0.701923 0.151442 0.197115
1 0.209135 0.862981 0.144231 0.192308
1 0.0564904 0.913462 0.112981 0.173077
2 0.359375 0.717548 0.324519 0.439904
1 0.288462 0.326923 0.144231 0.221154
1 0.689904 0.569712 0.163462 0.221154
