0 0.364062 0.01875 0.196875 0.0375
0 0.939062 0.0239583 0.121875 0.0479167
0 0.590625 0.680208 0.16875 0.239583
0 0.917188 0.113542 0.115625 0.18125
0 0.674219 0.9625 0.179688 0.075
0 0.973437 0.8875 0.053125 0.225
0 0.492969 0.125 0.185937 0.220833
0 0.970312 0.276042 0.059375 0.21875
0 0.325 0.629167 0.225 0.258333
0 0.0445312 0.66875 0.0890625 0.229167
0 0.0289063 0.125 0.0578125 0.225
0 0.652344 0.158333 0.189063 0.258333
0 0.261719 0.953125 0.164062 0.09375
0 0.0625 0.888542 0.125 0.21875
0 0.7125 0.74375 0.19375 0.270833
1 0.485156 0.4125 0.335938 0.458333
0 0.510938 0.910417 0.165625 0.179167
0 0.103125 0.489583 0.1875 0.2
0 0.257812 0.371875 0.178125 0.227083
0 0.289844 0.145833 0.179688 0.2375
