0 0.103906 0.961458 0.145313 0.0770833
0 0.102344 0.582292 0.167187 0.210417
0 0.0609375 0.21875 0.11875 0.220833
0 0.460156 0.976042 0.139062 0.0479167
0 0.421094 0.361458 0.164062 0.189583
0 0.907812 0.959375 0.159375 0.08125
0 0.402344 0.0552083 0.151562 0.110417
0 0.328125 0.252083 0.140625 0.1875
0 0.510938 0.0489583 0.15625 0.0979167
0 0.0710938 0.0833333 0.135937 0.166667
0 0.778125 0.0802083 0.175 0.160417
0 0.91875 0.10625 0.1625 0.2125
0 0.614062 0.370833 0.140625 0.208333
0 0.9625 0.597917 0.075 0.208333
0 0.0335938 0.45625 0.0671875 0.2125
0 0.686719 0.653125 0.201562 0.21875
0 0.490625 0.623958 0.18125 0.20625
0 0.875781 0.733333 0.167187 0.241667
0 0.767969 0.295833 0.192188 0.245833
0 0.882031 0.464583 0.151562 0.195833
0 0.182812 0.33125 0.15625 0.220833
1 0.275781 0.8 0.357812 0.3875
