0 0.970312 0.046875 0.059375 0.09375
0 0.589063 0.196875 0.146875 0.23125
0 0.973437 0.683333 0.053125 0.208333
0 0.832812 0.979167 0.16875 0.0416667
0 0.196875 0.034375 0.18125 0.06875
0 0.871875 0.764583 0.14375 0.179167
0 0.574219 0.0302083 0.170312 0.0604167
0 0.205469 0.810417 0.170312 0.229167
0 0.478906 0.945833 0.160938 0.108333
0 0.667188 0.189583 0.184375 0.241667
0 0.81875 0.342708 0.15 0.202083
0 0.0945313 0.970833 0.154687 0.0583333
0 0.313281 0.95 0.157813 0.1
0 0.078125 0.284375 0.15625 0.214583
0 0.0320312 0.492708 0.0640625 0.18125
0 0.0828125 0.071875 0.15 0.14375
0 0.857813 0.65 0.165625 0.216667
0 0.94375 0.525 0.1125 0.208333
0 0.347656 0.447917 0.129688 0.2875
0 0.9625 0.90625 0.075 0.1875
0 0.9125 0.170833 0.175 0.233333
0 0.385938 0.059375 0.15625 0.11875
0 0.110937 0.820833 0.171875 0.258333
0 0.61875 0.413542 0.16875 0.214583
0 0.167969 0.58125 0.167187 0.204167
0 0.207813 0.402083 0.14375 0.195833
0 0.485156 0.533333 0.167187 0.216667
0 0.292969 0.189583 0.179688 0.195833
0 0.411719 0.767708 0.176563 0.227083
1 0.64375 0.772917 0.34375 0.433333
