0 0.25625 0.0479167 0.175 0.0958333
0 0.0242187 0.5125 0.0484375 0.179167
0 0.021875 0.380208 0.04375 0.20625
0 0.839063 0.621875 0.15625 0.197917
0 0.90625 0.25625 0.16875 0.254167
0 0.771875 0.590625 0.1375 0.202083
0 0.7875 0.961458 0.18125 0.0770833
0 0.404687 0.040625 0.15 0.08125
0 0.100781 0.0479167 0.160938 0.0958333
0 0.635156 0.916667 0.167187 0.158333
0 0.01875 0.216667 0.0375 0.2125
0 0.954687 0.510417 0.090625 0.233333
0 0.040625 0.9125 0.08125 0.175
0 0.616406 0.761458 0.151562 0.197917
0 0.517969 0.942708 0.170312 0.114583
0 0.301562 0.323958 0.153125 0.227083
0 0.963281 0.792708 0.0734375 0.25625
0 0.784375 0.0708333 0.15 0.141667
0 0.404687 0.639583 0.165625 0.1625
0 0.671094 0.765625 0.142188 0.19375
0 0.250781 0.527083 0.210938 0.245833
0 0.103906 0.588542 0.135937 0.16875
0 0.4875 0.308333 0.203125 0.275
1 0.18125 0.839583 0.215625 0.320833
0 0.198437 0.30625 0.140625 0.195833
