0 0.349219 0.0822917 0.154687 0.160417
0 0.0164062 0.589583 0.0328125 0.154167
0 0.530469 0.642708 0.157813 0.197917
0 0.191406 0.523958 0.167187 0.189583
0 0.404687 0.251042 0.184375 0.20625
0 0.0289063 0.090625 0.0578125 0.177083
0 0.0304688 0.754167 0.0609375 0.1875
0 0.744531 0.358333 0.179688 0.2125
0 0.305469 0.9625 0.195312 0.0708333
0 0.440625 0.629167 0.1625 0.225
0 0.957812 0.06875 0.084375 0.1375
0 0.640625 0.415625 0.15625 0.222917
0 0.9625 0.509375 0.075 0.222917
0 0.18125 0.420833 0.15625 0.2
0 0.566406 0.198958 0.145313 0.197917
1 0.545313 0.8625 0.328125 0.275
0 0.127344 0.190625 0.170312 0.264583
0 0.185156 0.734375 0.167187 0.197917
0 0.278906 0.1375 0.129688 0.191667
0 0.649219 0.059375 0.164062 0.11875
0 0.346094 0.797917 0.167187 0.258333
0 0.0554687 0.423958 0.110937 0.23125
0 0.419531 0.45 0.185937 0.216667
0 0.903125 0.3125 0.1875 0.241667
0 0.192188 0.877083 0.18125 0.195833
0 0.757812 0.808333 0.171875 0.191667
0 0.792969 0.117708 0.154687 0.21875
0 0.923437 0.854167 0.153125 0.208333
0 0.776563 0.576042 0.16875 0.235417
