1 0.314904 0.173077 0.182692 0.173077
1 0.0276442 0.632212 0.0552885 0.168269
1 0.977163 0.91226 0.0456731 0.175481
1 0.61899 0.829327 0.15625 0.211538
0 0.957933 0.615385 0.0600962 0.0721154
1 0.950721 0.50601 0.0985577 0.199519
1 0.0817308 0.762019 0.163462 0.225962
1 0.426683 0.977163 0.180288 0.0456731
1 0.0324519 0.0961538 0.0649038 0.1875
1 0.03125 0.283654 0.0625 0.225962
1 0.856971 0.747596 0.161058 0.225962
1 0.770433 0.921875 0.161058 0.15625
1 0.953125 0.784856 0.09375 0.228365
1 0.120192 0.5 0.153846 0.192308
1 0.316106 0.88101 0.15625 0.199519
1 0.211538 0.473558 0.168269 0.230769
1 0.0853365 0.949519 0.170673 0.100962
1 0.334135 0.540865 0.158654 0.211538
1 0.38101 0.324519 0.170673 0.221154
1 0.135817 0.0805288 0.161058 0.161058
1 0.629808 0.597356 0.158654 0.213942
1 0.799279 0.521635 0.180288 0.230769
1 0.237981 0.703125 0.168269 0.228365
1 0.383413 0.102163 0.180288 0.204327
1 0.503606 0.504808 0.146635 0.201923
1 0.507212 0.826923 0.158654 0.225962
1 0.890625 0.330529 0.161058 0.209135
2 0.647837 0.242788 0.319712 0.418269
