0 0.065625 0.01875 0.13125 0.0375
0 0.561719 0.839583 0.142188 0.204167
0 0.666406 0.952083 0.160938 0.0958333
0 0.953125 0.590625 0.09375 0.21875
0 0.0398437 0.451042 0.0796875 0.239583
0 0.0195312 0.914583 0.0390625 0.170833
0 0.973437 0.195833 0.053125 0.170833
0 0.954687 0.0541667 0.090625 0.108333
0 0.773438 0.04375 0.178125 0.0875
0 0.442969 0.928125 0.157813 0.14375
0 0.517187 0.75 0.159375 0.2125
0 0.232812 0.9375 0.18125 0.125
0 0.885938 0.885417 0.171875 0.216667
0 0.2625 0.084375 0.19375 0.16875
1 0.366406 0.397917 0.370313 0.495833
0 0.660937 0.488542 0.16875 0.239583
0 0.0867188 0.111458 0.164062 0.202083
0 0.682813 0.238542 0.1625 0.21875
0 0.345313 0.814583 0.159375 0.2
0 0.08125 0.766667 0.1625 0.229167
0 0.117969 0.304167 0.164062 0.225
0 0.701563 0.71875 0.184375 0.229167
0 0.208594 0.663542 0.164062 0.21875
0 0.520312 0.123958 0.18125 0.23125
