1 0.503606 0.104567 0.161058 0.199519
1 0.894231 0.91226 0.1875 0.175481
1 0.729567 0.496394 0.151442 0.199519
1 0.0276442 0.882212 0.0552885 0.206731
1 0.316106 0.0456731 0.141827 0.0913462
1 0.316106 0.883413 0.137019 0.15625
0 0.207933 0.439904 0.0264423 0.0432692
0 0.609375 0.173077 0.0600962 0.0817308
1 0.239183 0.598558 0.141827 0.192308
1 0.739183 0.953125 0.132212 0.09375
1 0.956731 0.0480769 0.0865385 0.0961538
1 0.644231 0.424279 0.153846 0.242788
0 0.241587 0.284856 0.0649038 0.0841346
1 0.280048 0.145433 0.132212 0.175481
1 0.0877404 0.640625 0.141827 0.213942
1 0.93149 0.798077 0.137019 0.201923
1 0.591346 0.961538 0.173077 0.0769231
1 0.84976 0.170673 0.194712 0.221154
1 0.115385 0.409856 0.163462 0.21875
1 0.221154 0.901442 0.158654 0.192308
1 0.326923 0.608173 0.158654 0.1875
1 0.939904 0.52524 0.120192 0.194712
1 0.813702 0.563702 0.141827 0.213942
1 0.487981 0.489183 0.149038 0.204327
1 0.159856 0.0877404 0.180288 0.175481
1 0.677885 0.15024 0.134615 0.223558
1 0.375 0.739183 0.177885 0.242788
1 0.0997596 0.765625 0.141827 0.213942
1 0.507212 0.276442 0.153846 0.192308
1 0.375 0.348558 0.163462 0.254808
2 0.754808 0.747596 0.177885 0.235577
1 0.0925481 0.260817 0.141827 0.199519
1 0.917067 0.393029 0.161058 0.237981
