0 0.985937 0.523958 0.028125 0.227083
0 0.853906 0.723958 0.164062 0.19375
0 0.0554687 0.119792 0.110937 0.222917
0 0.777344 0.046875 0.117188 0.09375
0 0.926562 0.955208 0.146875 0.0895833
0 0.241406 0.08125 0.170312 0.1625
0 0.84375 0.841667 0.1375 0.216667
0 0.954687 0.177083 0.090625 0.220833
0 0.846094 0.284375 0.192188 0.21875
0 0.0546875 0.292708 0.109375 0.23125
0 0.260938 0.270833 0.153125 0.195833
0 0.175781 0.946875 0.132812 0.10625
0 0.5 0.922917 0.175 0.154167
0 0.655469 0.89375 0.198437 0.2125
0 0.0507812 0.942708 0.101562 0.114583
0 0.675 0.695833 0.153125 0.191667
0 0.414844 0.0875 0.179688 0.175
0 0.878125 0.503125 0.15 0.210417
0 0.304688 0.920833 0.153125 0.158333
0 0.639063 0.0770833 0.15625 0.154167
0 0.442187 0.686458 0.184375 0.222917
0 0.746875 0.444792 0.16875 0.20625
0 0.146875 0.446875 0.140625 0.222917
1 0.470313 0.353125 0.290625 0.39375
