0 0.0578125 0.0479167 0.115625 0.0958333
0 0.86875 0.975 0.2 0.05
0 0.0914062 0.0833333 0.132812 0.1625
0 0.497656 0.820833 0.139062 0.216667
0 0.034375 0.223958 0.06875 0.210417
0 0.34375 0.0270833 0.15 0.0541667
0 0.134375 0.315625 0.19375 0.227083
0 0.169531 0.957292 0.117188 0.0854167
0 0.653125 0.386458 0.14375 0.172917
0 0.486719 0.961458 0.226562 0.0729167
0 0.046875 0.65 0.09375 0.233333
0 0.234375 0.821875 0.171875 0.239583
0 0.05 0.948958 0.1 0.102083
0 0.142969 0.514583 0.142188 0.195833
0 0.36875 0.15 0.15 0.195833
0 0.9375 0.0572917 0.125 0.114583
0 0.05 0.484375 0.1 0.202083
0 0.414844 0.833333 0.176563 0.195833
0 0.8 0.09375 0.15 0.1875
0 0.9375 0.310417 0.125 0.220833
0 0.239844 0.133333 0.157813 0.220833
0 0.91875 0.858333 0.1625 0.208333
0 0.798437 0.701042 0.1875 0.210417
0 0.817969 0.447917 0.160938 0.229167
0 0.655469 0.19375 0.167187 0.216667
0 0.714063 0.886458 0.153125 0.214583
1 0.366406 0.51875 0.385938 0.495833
