0 0.733594 0.920833 0.192188 0.158333
0 0.551562 0.0885417 0.159375 0.172917
0 0.639844 0.901042 0.151562 0.197917
0 0.130469 0.14375 0.189063 0.2125
0 0.904688 0.0520833 0.153125 0.104167
0 0.385156 0.7375 0.164062 0.2
0 0.160938 0.0458333 0.18125 0.0916667
0 0.189844 0.152083 0.126563 0.204167
0 0.696875 0.5375 0.15625 0.216667
0 0.028125 0.447917 0.05625 0.204167
0 0.0296875 0.921875 0.059375 0.15625
0 0.924219 0.175 0.151562 0.2125
0 0.807813 0.736458 0.109375 0.197917
0 0.469531 0.921875 0.145313 0.15625
0 0.95 0.289583 0.096875 0.208333
0 0.635938 0.276042 0.178125 0.247917
0 0.546875 0.629167 0.14375 0.25
0 0.3875 0.0864583 0.14375 0.172917
0 0.78125 0.565625 0.1625 0.21875
0 0.95 0.783333 0.1 0.233333
0 0.221875 0.579167 0.153125 0.204167
1 0.330469 0.367708 0.251563 0.29375
