0 0.183594 0.122917 0.207813 0.15
0 0.0226563 0.0770833 0.0453125 0.154167
0 0.767969 0.358333 0.157813 0.216667
0 0.911719 0.223958 0.170312 0.185417
0 0.375 0.11875 0.1875 0.229167
0 0.234375 0.26875 0.140625 0.1875
0 0.98125 0.496875 0.0375 0.18125
0 0.926562 0.344792 0.146875 0.197917
0 0.667969 0.384375 0.182812 0.21875
0 0.971094 0.9375 0.0578125 0.125
0 0.488281 0.0541667 0.176563 0.108333
0 0.410937 0.946875 0.165625 0.10625
0 0.178125 0.926042 0.16875 0.147917
0 0.0585938 0.275 0.117188 0.229167
0 0.661719 0.0552083 0.157813 0.110417
0 0.948438 0.704167 0.103125 0.225
0 0.85625 0.065625 0.15 0.13125
0 0.0710938 0.84375 0.142188 0.220833
0 0.392969 0.726042 0.176563 0.210417
0 0.380469 0.353125 0.173438 0.247917
0 0.692187 0.536458 0.165625 0.210417
0 0.564062 0.204167 0.178125 0.216667
0 0.829687 0.855208 0.165625 0.23125
0 0.551562 0.892708 0.140625 0.202083
0 0.671875 0.752083 0.1625 0.216667
1 0.160156 0.546875 0.320312 0.43125
