0 0.0242187 0.438542 0.0484375 0.189583
0 0.482812 0.0270833 0.140625 0.0541667
0 0.439063 0.720833 0.140625 0.2
0 0.833594 0.582292 0.176563 0.227083
0 0.16875 0.33125 0.16875 0.245833
0 0.220313 0.09375 0.18125 0.183333
0 0.199219 0.79375 0.160938 0.229167
0 0.116406 0.108333 0.142188 0.1875
0 0.110937 0.873958 0.16875 0.24375
0 0.0398437 0.327083 0.0796875 0.216667
0 0.05625 0.55 0.1125 0.195833
0 0.477344 0.477083 0.154687 0.233333
0 0.149219 0.589583 0.154687 0.2125
0 0.629687 0.43125 0.159375 0.2125
0 0.320312 0.528125 0.171875 0.20625
0 0.371094 0.727083 0.154687 0.204167
0 0.733594 0.6125 0.164062 0.208333
0 0.622656 0.922917 0.189063 0.154167
0 0.921875 0.514583 0.153125 0.166667
0 0.864062 0.927083 0.153125 0.145833
0 0.944531 0.723958 0.107813 0.210417
0 0.876562 0.34375 0.15 0.179167
1 0.68125 0.170833 0.36875 0.341667
0 0.35625 0.307292 0.1375 0.202083
