0 0.227344 0.0354167 0.179688 0.0708333
0 0.940625 0.81875 0.11875 0.283333
0 0.438281 0.0375 0.198437 0.075
0 0.382031 0.967708 0.192188 0.0645833
0 0.403906 0.607292 0.160938 0.172917
0 0.135156 0.889583 0.198437 0.220833
0 0.557031 0.958333 0.167187 0.0833333
0 0.0367187 0.211458 0.0734375 0.239583
0 0.785156 0.65 0.192188 0.2375
0 0.598437 0.561458 0.146875 0.210417
0 0.623438 0.110417 0.146875 0.1875
1 0.444531 0.326042 0.335938 0.435417
0 0.819531 0.0708333 0.154687 0.141667
0 0.728125 0.2625 0.20625 0.2125
0 0.535937 0.755208 0.19375 0.202083
0 0.796875 0.885417 0.18125 0.220833
0 0.0765625 0.657292 0.153125 0.239583
0 0.35625 0.827083 0.1875 0.225
0 0.204688 0.347917 0.171875 0.25
