1 0.706731 0.961538 0.139423 0.0769231
1 0.71274 0.721154 0.151442 0.264423
1 0.143029 0.209135 0.161058 0.1875
1 0.453125 0.0697115 0.185096 0.139423
1 0.251202 0.0372596 0.165865 0.0745192
1 0.155048 0.417067 0.161058 0.204327
1 0.127404 0.0973558 0.173077 0.194712
1 0.527644 0.810096 0.141827 0.211538
1 0.241587 0.891827 0.161058 0.211538
1 0.772837 0.115385 0.175481 0.230769
1 0.0384615 0.483173 0.0769231 0.201923
1 0.159856 0.65024 0.189904 0.247596
1 0.0793269 0.94351 0.158654 0.108173
1 0.629808 0.918269 0.153846 0.163462
1 0.824519 0.338942 0.197115 0.225962
2 0.542067 0.504808 0.338942 0.480769
1 0.592548 0.159856 0.194712 0.213942
1 0.925481 0.745192 0.149038 0.206731
1 0.383413 0.71875 0.146635 0.201923
1 0.316106 0.326923 0.189904 0.225962
1 0.917067 0.520433 0.165865 0.213942
1 0.871394 0.902644 0.161058 0.194712
