0 0.417969 0.0364583 0.164062 0.0729167
0 0.514063 0.977083 0.215625 0.0458333
0 0.959375 0.929167 0.08125 0.141667
0 0.982031 0.539583 0.0359375 0.195833
0 0.0328125 0.725 0.065625 0.191667
0 0.0710938 0.910417 0.142188 0.179167
0 0.947656 0.270833 0.104687 0.225
0 0.667969 0.166667 0.182812 0.241667
0 0.682813 0.429167 0.15625 0.195833
0 0.957031 0.090625 0.0859375 0.177083
0 0.0664062 0.751042 0.132812 0.222917
0 0.739062 0.796875 0.16875 0.202083
0 0.469531 0.55 0.173438 0.25
0 0.08125 0.430208 0.15 0.19375
0 0.825781 0.386458 0.167187 0.23125
1 0.342187 0.316667 0.253125 0.258333
