0 0.157031 0.716667 0.142188 0.283333
0 0.135937 0.919792 0.209375 0.160417
0 0.935156 0.447917 0.129688 0.258333
0 0.225 0.925 0.18125 0.15
0 0.914062 0.661458 0.140625 0.210417
0 0.021875 0.61875 0.04375 0.0875
0 0.690625 0.196875 0.15 0.202083
0 0.680469 0.4 0.154687 0.233333
0 0.533594 0.0645833 0.148438 0.129167
0 0.927344 0.808333 0.145313 0.25
0 0.571875 0.460417 0.184375 0.170833
1 0.155469 0.717708 0.132812 0.28125
0 0.414844 0.734375 0.164062 0.214583
0 0.791406 0.596875 0.145313 0.202083
0 0.234375 0.101042 0.15625 0.189583
0 0.0835937 0.158333 0.157813 0.225
0 0.529688 0.21875 0.171875 0.216667
0 0.0726563 0.463542 0.145313 0.202083
0 0.273438 0.355208 0.190625 0.21875
0 0.378906 0.0833333 0.145313 0.166667
0 0.814062 0.0729167 0.153125 0.141667
0 0.41875 0.901042 0.15625 0.19375
1 0.682813 0.834375 0.378125 0.33125
