0 0.904688 0.0854167 0.1625 0.166667
0 0.221875 0.511458 0.18125 0.235417
0 0.201562 0.117708 0.1625 0.197917
0 0.542188 0.651042 0.159375 0.239583
0 0.352344 0.11875 0.148438 0.204167
0 0.711719 0.58125 0.170312 0.2125
0 0.0265625 0.589583 0.053125 0.2125
0 0.691406 0.654167 0.176563 0.183333
0 0.763281 0.966667 0.173438 0.0666667
0 0.491406 0.796875 0.173438 0.18125
0 0.154687 0.417708 0.165625 0.202083
0 0.684375 0.208333 0.159375 0.241667
0 0.347656 0.680208 0.157813 0.19375
0 0.909375 0.884375 0.175 0.222917
0 0.0953125 0.269792 0.1625 0.20625
0 0.13125 0.040625 0.175 0.0770833
0 0.603125 0.954167 0.159375 0.0875
0 0.0359375 0.210417 0.071875 0.220833
0 0.442969 0.939583 0.160938 0.120833
0 0.0929687 0.689583 0.151562 0.191667
1 0.440625 0.398958 0.3375 0.435417
0 0.9125 0.529167 0.171875 0.2
0 0.139062 0.871875 0.146875 0.19375
