0 0.152344 0.844792 0.145313 0.18125
0 0.207813 0.715625 0.175 0.235417
0 0.0664062 0.786458 0.132812 0.222917
0 0.239063 0.0770833 0.153125 0.154167
0 0.423438 0.928125 0.1625 0.14375
0 0.9375 0.285417 0.125 0.229167
0 0.0867188 0.508333 0.142188 0.245833
0 0.627344 0.855208 0.170312 0.214583
0 0.5875 0.19375 0.15625 0.191667
0 0.630469 0.317708 0.157813 0.189583
0 0.951563 0.496875 0.096875 0.239583
0 0.461719 0.783333 0.160938 0.2125
0 0.586719 0.571875 0.170312 0.247917
0 0.810938 0.357292 0.165625 0.23125
0 0.7125 0.2 0.15 0.195833
1 0.302344 0.409375 0.279687 0.339583
0 0.773438 0.680208 0.171875 0.19375
