0 0.182031 0.611458 0.145313 0.197917
0 0.6625 0.872917 0.1625 0.233333
0 0.420312 0.919792 0.196875 0.15625
0 0.135156 0.0197917 0.160938 0.0395833
0 0.303906 0.814583 0.154687 0.2
0 0.0546875 0.296875 0.109375 0.23125
0 0.528125 0.2 0.1625 0.216667
0 0.075 0.0895833 0.15 0.179167
0 0.809375 0.883333 0.1875 0.225
0 0.0648438 0.596875 0.129688 0.222917
0 0.930469 0.0729167 0.135937 0.145833
0 0.898438 0.426042 0.175 0.21875
0 0.964063 0.89375 0.071875 0.2125
0 0.764063 0.233333 0.165625 0.241667
0 0.214062 0.95625 0.171875 0.0875
0 0.569531 0.0520833 0.139062 0.104167
0 0.492969 0.710417 0.179688 0.229167
0 0.19375 0.288542 0.134375 0.214583
0 0.0671875 0.892708 0.134375 0.20625
0 0.645312 0.635417 0.190625 0.216667
1 0.36875 0.459375 0.296875 0.427083
