0 0.903125 0.0739583 0.16875 0.147917
0 0.0414063 0.354167 0.0828125 0.170833
0 0.765625 0.563542 0.15 0.189583
0 0.697656 0.9125 0.154687 0.170833
0 0.779688 0.903125 0.134375 0.18125
0 0.04375 0.534375 0.0875 0.15625
0 0.3875 0.469792 0.19375 0.247917
0 0.627344 0.583333 0.167187 0.175
0 0.973437 0.580208 0.053125 0.197917
0 0.973437 0.279167 0.053125 0.2125
0 0.0765625 0.147917 0.146875 0.229167
0 0.601562 0.9125 0.171875 0.175
0 0.670313 0.075 0.178125 0.15
0 0.101562 0.422917 0.159375 0.1875
0 0.490625 0.772917 0.1625 0.204167
0 0.289062 0.938542 0.18125 0.122917
0 0.640625 0.721875 0.15625 0.210417
0 0.113281 0.914583 0.148438 0.170833
0 0.464844 0.0875 0.173438 0.175
0 0.229687 0.690625 0.159375 0.202083
1 0.578125 0.344792 0.33125 0.33125
0 0.310156 0.110417 0.160938 0.220833
