1 0.359375 0.86899 0.15625 0.21875
1 0.53125 0.0841346 0.168269 0.168269
1 0.361779 0.492788 0.175481 0.173077
1 0.699519 0.0372596 0.144231 0.0745192
1 0.877404 0.834135 0.177885 0.182692
0 0.939904 0.920673 0.0625 0.0769231
1 0.9375 0.835337 0.125 0.194712
1 0.354567 0.165865 0.170673 0.201923
1 0.0252404 0.933894 0.0504808 0.132212
1 0.963942 0.227163 0.0721154 0.271635
1 0.0216346 0.216346 0.0432692 0.221154
1 0.206731 0.104567 0.163462 0.209135
1 0.753606 0.427885 0.122596 0.1875
1 0.938702 0.620192 0.122596 0.225962
1 0.554087 0.792067 0.185096 0.266827
1 0.629808 0.570913 0.192308 0.233173
1 0.663462 0.121394 0.153846 0.199519
1 0.540865 0.271635 0.144231 0.192308
2 0.145433 0.716346 0.286058 0.413462
1 0.0685096 0.411058 0.137019 0.201923
1 0.876202 0.415865 0.170673 0.225962
