0 0.107031 0.18125 0.120312 0.1125
0 0.444531 0.132292 0.160938 0.227083
0 0.692969 0.8875 0.164062 0.208333
0 0.310156 0.970833 0.157813 0.0583333
0 0.20625 0.327083 0.15 0.208333
0 0.476562 0.922917 0.18125 0.154167
0 0.138281 0.359375 0.167187 0.214583
0 0.799219 0.841667 0.148438 0.208333
0 0.267969 0.110417 0.210938 0.216667
0 0.935938 0.436458 0.128125 0.24375
0 0.148438 0.896875 0.175 0.202083
0 0.0960938 0.075 0.139062 0.15
0 0.340625 0.495833 0.1625 0.245833
1 0.499219 0.695833 0.220313 0.258333
1 0.739062 0.360417 0.215625 0.266667
