0 0.684375 0.822917 0.14375 0.2
0 0.807813 0.154167 0.109375 0.279167
0 0.753125 0.126042 0.14375 0.252083
0 0.616406 0.95625 0.192188 0.0875
0 0.777344 0.0625 0.154687 0.120833
0 0.808594 0.616667 0.167187 0.225
0 0.301562 0.427083 0.203125 0.270833
0 0.889063 0.614583 0.146875 0.2125
0 0.114063 0.461458 0.175 0.210417
0 0.116406 0.923958 0.204688 0.152083
0 0.053125 0.129167 0.10625 0.258333
0 0.471875 0.453125 0.16875 0.227083
0 0.474219 0.644792 0.157813 0.177083
0 0.920313 0.08125 0.159375 0.1625
0 0.780469 0.872917 0.170312 0.254167
0 0.6125 0.573958 0.1625 0.222917
1 0.385156 0.121875 0.248437 0.235417
