0 0.0304688 0.30625 0.0609375 0.2375
0 0.0273438 0.935417 0.0546875 0.129167
0 0.478125 0.726042 0.171875 0.214583
0 0.75625 0.548958 0.19375 0.21875
0 0.93125 0.941667 0.1375 0.116667
0 0.591406 0.344792 0.185937 0.185417
0 0.964063 0.321875 0.071875 0.24375
0 0.0476562 0.107292 0.0953125 0.185417
0 0.135937 0.15625 0.140625 0.2875
0 0.234375 0.74375 0.18125 0.225
0 0.139062 0.577083 0.184375 0.204167
0 0.289062 0.8375 0.20625 0.233333
0 0.578125 0.448958 0.175 0.235417
0 0.171094 0.952083 0.192188 0.0958333
0 0.645312 0.107292 0.20625 0.214583
0 0.855469 0.0427083 0.173438 0.0854167
1 0.333594 0.4875 0.432813 0.558333
0 0.889063 0.8625 0.175 0.2125
0 0.719531 0.326042 0.192188 0.214583
0 0.242188 0.0489583 0.178125 0.0979167
0 0.709375 0.922917 0.20625 0.154167
0 0.899219 0.451042 0.142188 0.189583
0 0.078125 0.8125 0.15625 0.191667
0 0.625781 0.720833 0.160938 0.229167
0 0.482812 0.90625 0.16875 0.1875
