0 0.469531 0.210417 0.157813 0.191667
0 0.404687 0.979167 0.15625 0.0416667
0 0.960938 0.895833 0.078125 0.2
0 0.229687 0.307292 0.165625 0.19375
0 0.745313 0.0635417 0.134375 0.127083
0 0.675 0.289583 0.2125 0.208333
0 0.969531 0.76875 0.0609375 0.204167
0 0.227344 0.961458 0.170312 0.0770833
0 0.959375 0.119792 0.08125 0.19375
0 0.789062 0.833333 0.171875 0.208333
0 0.028125 0.0833333 0.05625 0.166667
0 0.0828125 0.505208 0.159375 0.19375
0 0.964063 0.5125 0.071875 0.2375
0 0.0429688 0.836458 0.0859375 0.252083
0 0.84375 0.109375 0.146875 0.202083
0 0.735156 0.935417 0.154687 0.129167
0 0.274219 0.109375 0.142188 0.202083
0 0.854688 0.721875 0.165625 0.20625
0 0.435156 0.105208 0.154687 0.197917
0 0.159375 0.835417 0.14375 0.204167
0 0.673437 0.492708 0.190625 0.185417
0 0.592969 0.08125 0.176563 0.1625
0 0.576563 0.9375 0.140625 0.125
0 0.53125 0.760417 0.178125 0.229167
0 0.390625 0.344792 0.15 0.197917
0 0.122656 0.119792 0.142188 0.20625
1 0.323438 0.684375 0.253125 0.34375
0 0.861719 0.432292 0.167187 0.227083
