1 0.10625 0.40625 0.14375 0.195833
1 0.0414063 0.308333 0.0796875 0.229167
1 0.0328125 0.864583 0.059375 0.179167
1 0.736719 0.239583 0.173438 0.216667
1 0.175781 0.207292 0.151562 0.24375
1 0.879687 0.0916667 0.178125 0.179167
1 0.0601562 0.658333 0.120312 0.208333
1 0.660937 0.43125 0.159375 0.2375
1 0.411719 0.8125 0.148438 0.2
1 0.9125 0.45 0.16875 0.208333
1 0.725 0.930208 0.1875 0.139583
1 0.683594 0.053125 0.170312 0.10625
1 0.171094 0.65 0.132812 0.175
1 0.234375 0.560417 0.13125 0.208333
1 0.860156 0.23125 0.176563 0.229167
1 0.0710938 0.078125 0.142188 0.15625
1 0.667188 0.689583 0.175 0.220833
0 0.420312 0.464583 0.28125 0.379167
