1 0.782812 0.979167 0.171875 0.0416667
1 0.846875 0.183333 0.190625 0.220833
1 0.028125 0.277083 0.05625 0.225
2 0.0695312 0.964583 0.0453125 0.0708333
1 0.432031 0.565625 0.154687 0.189583
1 0.303125 0.0458333 0.175 0.0875
1 0.0632813 0.33125 0.123438 0.2125
1 0.903125 0.946875 0.1625 0.10625
1 0.965625 0.166667 0.065625 0.2375
1 0.220313 0.194792 0.15 0.25625
1 0.0351562 0.654167 0.0703125 0.216667
1 0.123438 0.907292 0.165625 0.177083
1 0.320312 0.40625 0.146875 0.225
1 0.426562 0.935417 0.15 0.129167
1 0.953125 0.527083 0.09375 0.204167
1 0.942187 0.734375 0.115625 0.222917
1 0.851562 0.090625 0.1625 0.18125
1 0.319531 0.190625 0.154687 0.19375
1 0.09375 0.0895833 0.1375 0.179167
1 0.139844 0.74375 0.139062 0.195833
1 0.850781 0.640625 0.129688 0.19375
1 0.788281 0.435417 0.142188 0.1875
1 0.814844 0.833333 0.157813 0.204167
1 0.283594 0.691667 0.182812 0.266667
0 0.534375 0.30625 0.3625 0.429167
