1 0.648438 0.427083 0.1625 0.245833
1 0.492188 0.825 0.128125 0.2375
1 0.1875 0.721875 0.175 0.19375
1 0.490625 0.966667 0.20625 0.0666667
1 0.161719 0.957292 0.101562 0.08125
1 0.0898438 0.0854167 0.148438 0.170833
1 0.0375 0.238542 0.075 0.260417
1 0.133594 0.316667 0.185937 0.225
1 0.344531 0.0302083 0.154687 0.0604167
1 0.0523437 0.95 0.104687 0.1
1 0.9375 0.0572917 0.125 0.114583
1 0.652344 0.392708 0.145313 0.177083
1 0.0460938 0.654167 0.0921875 0.233333
1 0.145313 0.516667 0.13125 0.191667
1 0.2375 0.822917 0.1625 0.2375
1 0.372656 0.154167 0.145313 0.191667
1 0.0515625 0.489583 0.103125 0.2
1 0.797656 0.0958333 0.148438 0.191667
1 0.414062 0.833333 0.190625 0.183333
1 0.241406 0.132292 0.160938 0.21875
1 0.9375 0.307292 0.125 0.21875
1 0.919531 0.8625 0.160938 0.216667
1 0.81875 0.447917 0.1625 0.2375
1 0.795313 0.704167 0.190625 0.208333
1 0.714844 0.8875 0.151562 0.220833
1 0.654688 0.195833 0.165625 0.216667
0 0.364844 0.51875 0.373437 0.491667
