1 0.946875 0.235417 0.10625 0.2
1 0.0257812 0.117708 0.0515625 0.19375
1 0.724219 0.602083 0.157813 0.204167
1 0.214844 0.921875 0.148438 0.152083
1 0.620313 0.6 0.159375 0.208333
1 0.255469 0.0927083 0.185937 0.185417
1 0.570312 0.06875 0.140625 0.133333
1 0.66875 0.390625 0.16875 0.235417
1 0.635938 0.832292 0.15625 0.197917
1 0.182031 0.740625 0.148438 0.24375
1 0.780469 0.878125 0.157813 0.19375
1 0.071875 0.557292 0.140625 0.19375
1 0.739062 0.0854167 0.171875 0.170833
1 0.122656 0.229167 0.164062 0.225
1 0.317969 0.403125 0.157813 0.21875
1 0.508594 0.370833 0.173438 0.233333
0 0.382812 0.683333 0.303125 0.391667
