2 0.529688 0.492708 0.046875 0.05625
1 0.934375 0.028125 0.13125 0.05625
2 0.327344 0.490625 0.0765625 0.0895833
1 0.8375 0.975 0.171875 0.05
1 0.2875 0.0229167 0.171875 0.0458333
1 0.0703125 0.960417 0.140625 0.0791667
2 0.0648438 0.515625 0.0765625 0.0979167
1 0.173438 0.422917 0.178125 0.2125
1 0.292969 0.947917 0.164062 0.104167
1 0.213281 0.283333 0.173438 0.25
1 0.0789063 0.826042 0.157813 0.210417
0 0.565625 0.709375 0.496875 0.56875
1 0.0742188 0.207292 0.148438 0.264583
1 0.572656 0.0833333 0.173438 0.166667
1 0.186719 0.644792 0.157813 0.185417
1 0.904688 0.557292 0.153125 0.227083
1 0.696094 0.309375 0.176563 0.260417
