1 0.980469 0.490625 0.0390625 0.235417
1 0.185156 0.119792 0.210938 0.152083
1 0.0203125 0.075 0.040625 0.145833
1 0.230469 0.275 0.139062 0.191667
1 0.489062 0.0552083 0.184375 0.10625
1 0.764844 0.360417 0.157813 0.216667
1 0.909375 0.226042 0.16875 0.197917
1 0.378125 0.114583 0.1875 0.225
1 0.926562 0.342708 0.146875 0.210417
1 0.409375 0.94375 0.18125 0.108333
1 0.669531 0.382292 0.192188 0.227083
1 0.175 0.923958 0.178125 0.152083
1 0.6625 0.05625 0.165625 0.1125
1 0.0570313 0.278125 0.114063 0.21875
1 0.694531 0.5375 0.164062 0.2125
1 0.857031 0.0666667 0.151562 0.133333
1 0.392188 0.726042 0.178125 0.21875
1 0.564844 0.198958 0.182812 0.222917
1 0.378125 0.351042 0.175 0.24375
1 0.0734375 0.842708 0.146875 0.23125
1 0.948438 0.705208 0.103125 0.222917
1 0.55 0.891667 0.14375 0.2
0 0.169531 0.539583 0.323438 0.466667
1 0.832812 0.852083 0.1625 0.2125
1 0.673437 0.752083 0.16875 0.220833
