1 0.195913 0.0949519 0.161058 0.189904
1 0.614183 0.239183 0.15625 0.199519
1 0.665865 0.923077 0.173077 0.153846
1 0.210337 0.513221 0.161058 0.189904
1 0.364183 0.146635 0.180288 0.240385
1 0.492788 0.9375 0.173077 0.125
1 0.831731 0.300481 0.158654 0.192308
1 0.653846 0.745192 0.182692 0.235577
1 0.146635 0.348558 0.158654 0.216346
1 0.574519 0.0625 0.158654 0.125
1 0.288462 0.324519 0.144231 0.225962
1 0.0913462 0.683894 0.177885 0.290865
1 0.808894 0.0709135 0.170673 0.141827
1 0.207933 0.864183 0.151442 0.189904
1 0.91226 0.704327 0.151442 0.1875
1 0.897837 0.919471 0.204327 0.161058
1 0.0576923 0.915865 0.115385 0.168269
1 0.691106 0.575721 0.161058 0.21875
0 0.373798 0.715144 0.338942 0.415865
