1 0.268029 0.110577 0.165865 0.211538
1 0.956731 0.413462 0.0865385 0.230769
2 0.155048 0.141827 0.0600962 0.0769231
1 0.461538 0.0865385 0.192308 0.168269
2 0.480769 0.729567 0.0480769 0.0745192
1 0.0432692 0.634615 0.0865385 0.317308
1 0.826923 0.146635 0.139423 0.230769
1 0.0300481 0.177885 0.0600962 0.259615
1 0.479567 0.944712 0.209135 0.110577
1 0.71875 0.336538 0.216346 0.216346
1 0.123798 0.301683 0.194712 0.233173
1 0.313702 0.177885 0.165865 0.177885
1 0.0889423 0.0649038 0.177885 0.129808
1 0.352163 0.445913 0.170673 0.257212
1 0.652644 0.105769 0.185096 0.211538
1 0.878606 0.436298 0.185096 0.204327
1 0.694712 0.507212 0.177885 0.278846
1 0.144231 0.495192 0.201923 0.230769
1 0.264423 0.704327 0.168269 0.259615
1 0.856971 0.944712 0.199519 0.110577
1 0.514423 0.300481 0.173077 0.216346
1 0.936298 0.225962 0.127404 0.25
1 0.105769 0.831731 0.192308 0.235577
0 0.626202 0.828125 0.290865 0.338942
