1 0.938702 0.984375 0.122596 0.03125
1 0.0564904 0.52524 0.112981 0.271635
1 0.177885 0.501202 0.163462 0.137019
2 0.442308 0.206731 0.0625 0.0817308
1 0.125 0.802885 0.129808 0.197115
1 0.623798 0.961538 0.132212 0.0721154
1 0.361779 0.0985577 0.185096 0.197115
1 0.914663 0.375 0.170673 0.25
1 0.480769 0.0600962 0.177885 0.120192
1 0.0516827 0.879808 0.103365 0.240385
1 0.594952 0.961538 0.194712 0.0769231
1 0.270433 0.9375 0.213942 0.125
1 0.629808 0.6875 0.149038 0.216346
1 0.807692 0.0925481 0.173077 0.185096
1 0.927885 0.201923 0.144231 0.192308
1 0.897837 0.578125 0.185096 0.189904
1 0.188702 0.09375 0.194712 0.1875
1 0.659856 0.109375 0.170673 0.21875
1 0.728365 0.43149 0.206731 0.233173
1 0.707933 0.204327 0.15625 0.221154
1 0.0564904 0.384615 0.112981 0.1875
1 0.299279 0.438702 0.199519 0.189904
1 0.0564904 0.146635 0.112981 0.225962
1 0.772837 0.747596 0.209135 0.254808
0 0.270433 0.683894 0.242788 0.300481
