1 0.746094 0.947917 0.179688 0.104167
1 0.492969 0.383333 0.154687 0.204167
1 0.0695312 0.846875 0.139062 0.21875
1 0.921875 0.219792 0.15625 0.264583
1 0.873438 0.422917 0.159375 0.191667
1 0.0921875 0.458333 0.171875 0.241667
1 0.783594 0.153125 0.126563 0.197917
1 0.594531 0.176042 0.157813 0.252083
1 0.435156 0.197917 0.179688 0.216667
1 0.210938 0.786458 0.153125 0.20625
1 0.0960938 0.196875 0.167187 0.222917
1 0.335156 0.88125 0.164062 0.204167
1 0.607813 0.4125 0.1875 0.204167
1 0.263281 0.479167 0.182812 0.225
1 0.613281 0.897917 0.154687 0.204167
0 0.854688 0.758333 0.290625 0.425
