1 0.410937 0.75 0.171875 0.183333
1 0.757031 0.270833 0.198437 0.233333
1 0.347656 0.219792 0.198437 0.222917
1 0.542969 0.285417 0.182812 0.2625
1 0.925 0.253125 0.146875 0.23125
1 0.773438 0.0697917 0.134375 0.139583
1 0.610937 0.06875 0.1625 0.1375
1 0.926562 0.847917 0.140625 0.179167
1 0.621094 0.825 0.142188 0.2
1 0.64375 0.458333 0.18125 0.216667
1 0.182812 0.105208 0.16875 0.20625
1 0.763281 0.648958 0.170312 0.222917
0 0.264844 0.490625 0.470313 0.522917
1 0.917188 0.660417 0.165625 0.229167
