1 0.0242187 0.111458 0.0484375 0.222917
1 0.307031 0.059375 0.170312 0.114583
1 0.0351562 0.816667 0.0703125 0.191667
1 0.789844 0.94375 0.204688 0.1125
1 0.211719 0.897917 0.139062 0.195833
1 0.0398437 0.360417 0.0796875 0.2125
1 0.1375 0.921875 0.1375 0.15625
1 0.0578125 0.35 0.115625 0.220833
1 0.0703125 0.8875 0.13125 0.208333
1 0.8625 0.727083 0.1375 0.2125
1 0.385156 0.382292 0.154687 0.20625
1 0.925 0.909375 0.1375 0.18125
1 0.01875 0.0958333 0.0375 0.191667
1 0.234375 0.577083 0.146875 0.204167
1 0.889063 0.742708 0.171875 0.227083
1 0.89375 0.292708 0.15 0.197917
1 0.810156 0.264583 0.167187 0.225
1 0.365625 0.95 0.15625 0.1
1 0.947656 0.127083 0.104687 0.175
2 0.545313 0.9625 0.05 0.0625
1 0.289844 0.839583 0.145313 0.233333
1 0.376563 0.80625 0.14375 0.204167
1 0.0992187 0.20625 0.164062 0.266667
1 0.823438 0.0947917 0.165625 0.185417
1 0.957031 0.583333 0.0828125 0.275
0 0.432031 0.135417 0.204688 0.2625
1 0.06875 0.638542 0.1375 0.23125
1 0.404687 0.564583 0.171875 0.220833
