1 0.0195312 0.84375 0.0359375 0.2
1 0.192188 0.532292 0.159375 0.23125
1 0.06875 0.0552083 0.1375 0.110417
1 0.35 0.266667 0.16875 0.245833
1 0.842969 0.936458 0.182812 0.127083
1 0.564062 0.175 0.165625 0.229167
1 0.872656 0.646875 0.167187 0.214583
1 0.457031 0.76875 0.173438 0.1875
1 0.11875 0.184375 0.1875 0.25625
1 0.096875 0.583333 0.184375 0.25
1 0.728125 0.08125 0.1875 0.1625
1 0.396094 0.0989583 0.170312 0.197917
1 0.224219 0.0895833 0.151562 0.179167
1 0.321094 0.80625 0.192188 0.241667
0 0.49375 0.472917 0.3625 0.445833
1 0.142188 0.883333 0.20625 0.225
1 0.90625 0.101042 0.1875 0.18125
1 0.942969 0.428125 0.114063 0.227083
1 0.665625 0.676042 0.165625 0.202083
1 0.790625 0.25 0.19375 0.229167
1 0.667188 0.892708 0.178125 0.20625
