1 0.896875 0.0833333 0.175 0.166667
1 0.0726563 0.127083 0.142188 0.204167
1 0.1875 0.527083 0.14375 0.204167
1 0.738281 0.58125 0.179688 0.1875
1 0.948438 0.936458 0.1 0.127083
1 0.01875 0.895833 0.034375 0.179167
1 0.392969 0.242708 0.182812 0.214583
1 0.0882813 0.514583 0.167187 0.229167
1 0.517969 0.929167 0.198437 0.141667
1 0.798437 0.104167 0.178125 0.208333
1 0.436719 0.0572917 0.157813 0.114583
1 0.0382813 0.679167 0.0765625 0.275
1 0.0835937 0.327083 0.167187 0.208333
1 0.759375 0.338542 0.18125 0.247917
1 0.694531 0.936458 0.148438 0.127083
1 0.215625 0.0958333 0.146875 0.191667
1 0.820312 0.81875 0.159375 0.195833
1 0.953125 0.229167 0.09375 0.25
1 0.285937 0.301042 0.153125 0.23125
1 0.553906 0.191667 0.195312 0.25
1 0.959375 0.7125 0.08125 0.241667
1 0.657812 0.396875 0.165625 0.21875
1 0.407031 0.695833 0.173438 0.191667
1 0.425 0.459375 0.175 0.23125
0 0.184375 0.804167 0.3375 0.391667
1 0.572656 0.742708 0.154687 0.210417
1 0.917188 0.460417 0.165625 0.229167
