1 0.385938 0.0739583 0.159375 0.147917
1 0.533594 0.95625 0.192188 0.0875
1 0.764063 0.708333 0.171875 0.195833
1 0.953125 0.476042 0.09375 0.222917
1 0.496875 0.809375 0.125 0.177083
1 0.382031 0.228125 0.195312 0.214583
1 0.515625 0.204167 0.1625 0.225
1 0.714063 0.819792 0.178125 0.185417
1 0.0804688 0.377083 0.157813 0.229167
1 0.071875 0.858333 0.14375 0.208333
1 0.726562 0.5 0.215625 0.2
1 0.209375 0.251042 0.171875 0.177083
1 0.373437 0.833333 0.153125 0.183333
0 0.358594 0.519792 0.395312 0.497917
1 0.925 0.260417 0.15 0.220833
1 0.744531 0.2375 0.185937 0.254167
