1 0.93125 0.2 0.1375 0.220833
2 0.0835937 0.5125 0.0546875 0.0583333
2 0.957812 0.855208 0.05625 0.0729167
1 0.0328125 0.561458 0.0625 0.210417
1 0.0140625 0.06875 0.028125 0.1375
1 0.442187 0.797917 0.184375 0.220833
1 0.770312 0.0885417 0.165625 0.177083
1 0.263281 0.815625 0.145313 0.20625
1 0.4625 0.53125 0.175 0.2375
1 0.0382813 0.451042 0.0765625 0.177083
1 0.939062 0.329167 0.11875 0.258333
1 0.6875 0.0989583 0.15 0.19375
1 0.628906 0.4125 0.145313 0.216667
1 0.535156 0.05625 0.170312 0.1125
1 0.13125 0.936458 0.146875 0.127083
1 0.0476562 0.863542 0.0921875 0.189583
1 0.0984375 0.654167 0.178125 0.2125
1 0.301562 0.90625 0.15 0.170833
1 0.578125 0.253125 0.19375 0.214583
1 0.60625 0.939583 0.165625 0.120833
1 0.364844 0.682292 0.160938 0.214583
1 0.720312 0.626042 0.190625 0.24375
1 0.0507812 0.220833 0.101562 0.225
1 0.953906 0.691667 0.0921875 0.258333
1 0.719531 0.889583 0.167187 0.216667
0 0.307031 0.211458 0.382812 0.422917
1 0.797656 0.301042 0.173438 0.222917
