2 0.438281 0.0458333 0.0609375 0.0666667
1 0.985937 0.309375 0.028125 0.247917
1 0.928906 0.0270833 0.142188 0.0541667
2 0.397656 0.891667 0.0546875 0.0791667
1 0.344531 0.0270833 0.120312 0.05
2 0.688281 0.283333 0.0578125 0.0708333
1 0.0226563 0.939583 0.0453125 0.120833
2 0.249219 0.476042 0.0671875 0.06875
1 0.160156 0.935417 0.179688 0.129167
1 0.349219 0.95 0.179688 0.1
1 0.674219 0.384375 0.192188 0.172917
1 0.472656 0.19375 0.154687 0.2
1 0.95625 0.794792 0.0875 0.260417
1 0.79375 0.09375 0.11875 0.1875
1 0.851562 0.913542 0.178125 0.172917
1 0.523438 0.248958 0.165625 0.185417
1 0.0492188 0.265625 0.0984375 0.189583
1 0.952344 0.5125 0.0953125 0.216667
1 0.614844 0.947917 0.173438 0.104167
1 0.730469 0.188542 0.123438 0.172917
1 0.182031 0.753125 0.185937 0.197917
1 0.388281 0.614583 0.179688 0.320833
1 0.19375 0.61875 0.18125 0.220833
1 0.932813 0.139583 0.134375 0.208333
1 0.519531 0.469792 0.160938 0.235417
1 0.607813 0.084375 0.184375 0.16875
1 0.503125 0.822917 0.175 0.2375
1 0.139062 0.398958 0.184375 0.235417
1 0.85 0.31875 0.171875 0.2125
0 0.7125 0.672917 0.365625 0.445833
1 0.200781 0.173958 0.204688 0.24375
