2 0.376202 0.0576923 0.0841346 0.0913462
1 0.909856 0.984375 0.15625 0.03125
1 0.854567 0.861779 0.180288 0.21875
2 0.0264423 0.75601 0.0528846 0.103365
2 0.332933 0.234375 0.0793269 0.09375
1 0.536058 0.164663 0.182692 0.199519
1 0.0336538 0.342548 0.0673077 0.271635
1 0.953125 0.268029 0.09375 0.223558
1 0.198317 0.395433 0.146635 0.189904
1 0.543269 0.557692 0.201923 0.197115
1 0.27524 0.939904 0.161058 0.120192
1 0.847356 0.105769 0.189904 0.211538
1 0.276442 0.766827 0.163462 0.192308
1 0.667067 0.0817308 0.180288 0.163462
1 0.763221 0.802885 0.151442 0.206731
1 0.942308 0.734375 0.115385 0.21875
1 0.509615 0.332933 0.197115 0.257212
0 0.509615 0.800481 0.355769 0.384615
1 0.0817308 0.889423 0.163462 0.206731
1 0.737981 0.504808 0.177885 0.211538
1 0.0829327 0.104567 0.165865 0.209135
1 0.240385 0.155048 0.173077 0.247596
1 0.314904 0.53726 0.173077 0.228365
1 0.111779 0.641827 0.194712 0.230769
