1 0.05 0.355208 0.096875 0.20625
1 0.630469 0.75625 0.139062 0.191667
0 0.863281 0.396875 0.110937 0.135417
2 0.836719 0.0427083 0.0828125 0.0729167
1 0.864062 0.394792 0.109375 0.135417
1 0.403906 0.979167 0.142188 0.0416667
2 0.864062 0.395833 0.1125 0.145833
1 0.0734375 0.964583 0.146875 0.0708333
1 0.964063 0.55625 0.071875 0.2875
1 0.335938 0.0395833 0.19375 0.0791667
1 0.0726563 0.361458 0.145313 0.239583
1 0.160156 0.0583333 0.173438 0.116667
1 0.74375 0.905208 0.16875 0.189583
1 0.754687 0.147917 0.159375 0.2125
1 0.0546875 0.825 0.109375 0.191667
1 0.732813 0.392708 0.165625 0.235417
1 0.589844 0.071875 0.176563 0.14375
1 0.934375 0.794792 0.13125 0.23125
1 0.189063 0.210417 0.159375 0.220833
1 0.142969 0.673958 0.176563 0.23125
1 0.5125 0.878125 0.153125 0.222917
1 0.417188 0.725 0.159375 0.2
1 0.586719 0.660417 0.167187 0.229167
1 0.280469 0.571875 0.160938 0.21875
1 0.302344 0.884375 0.179688 0.20625
1 0.771875 0.628125 0.18125 0.222917
0 0.432813 0.3125 0.34375 0.491667
