1 0.420673 0.951923 0.168269 0.0961538
1 0.394231 0.455529 0.158654 0.204327
1 0.0637019 0.308894 0.127404 0.21875
1 0.674279 0.670673 0.108173 0.168269
1 0.876202 0.955529 0.199519 0.0889423
2 0.0228365 0.544471 0.0408654 0.0745192
1 0.694712 0.573317 0.139423 0.170673
2 0.447115 0.146635 0.0432692 0.0625
1 0.46274 0.4375 0.21875 0.240385
1 0.526442 0.935096 0.206731 0.129808
1 0.75601 0.949519 0.165865 0.100962
1 0.0372596 0.0564904 0.0745192 0.112981
1 0.0901442 0.634615 0.175481 0.235577
1 0.245192 0.889423 0.177885 0.221154
1 0.213942 0.0456731 0.149038 0.0913462
1 0.739183 0.230769 0.199519 0.221154
1 0.888221 0.114183 0.180288 0.204327
1 0.271635 0.917067 0.134615 0.15625
1 0.198317 0.210337 0.209135 0.247596
1 0.959135 0.216346 0.0817308 0.206731
1 0.942308 0.497596 0.115385 0.230769
1 0.78125 0.46875 0.221154 0.230769
1 0.608173 0.0925481 0.177885 0.185096
1 0.838942 0.725962 0.177885 0.245192
1 0.134615 0.413462 0.173077 0.230769
1 0.539663 0.21274 0.165865 0.21875
1 0.299279 0.510817 0.15625 0.170673
0 0.532452 0.704327 0.237981 0.365385
1 0.0913462 0.883413 0.163462 0.21875
