1 0.554087 0.0396635 0.170673 0.0745192
1 0.586538 0.939904 0.1875 0.120192
2 0.625 0.173077 0.0576923 0.0817308
1 0.149038 0.782452 0.139423 0.180288
1 0.889423 0.983173 0.163462 0.0336538
1 0.875 0.638221 0.197115 0.204327
1 0.548077 0.121394 0.163462 0.213942
1 0.924279 0.646635 0.151442 0.197115
1 0.438702 0.859375 0.189904 0.199519
1 0.729567 0.647837 0.15625 0.209135
1 0.192308 0.956731 0.144231 0.0865385
1 0.129808 0.0865385 0.182692 0.173077
1 0.301683 0.826923 0.175481 0.221154
1 0.316106 0.419471 0.180288 0.185096
1 0.274038 0.569712 0.173077 0.245192
1 0.0456731 0.584135 0.0913462 0.221154
1 0.918269 0.0805288 0.163462 0.161058
1 0.686298 0.921875 0.199519 0.15625
1 0.671875 0.515625 0.180288 0.252404
1 0.884615 0.376202 0.206731 0.247596
1 0.923077 0.862981 0.153846 0.201923
1 0.757212 0.137019 0.182692 0.221154
0 0.467548 0.598558 0.257212 0.259615
