2 0.620313 0.971875 0.046875 0.0520833
1 0.415625 0.919792 0.15 0.160417
1 0.759375 0.0229167 0.175 0.0458333
1 0.213281 0.536458 0.189063 0.214583
1 0.163281 0.915625 0.170312 0.164583
1 0.553125 0.028125 0.2 0.05625
1 0.05625 0.61875 0.1125 0.279167
1 0.307031 0.392708 0.182812 0.247917
1 0.892187 0.0697917 0.190625 0.139583
1 0.321875 0.905208 0.16875 0.189583
1 0.513281 0.904167 0.176563 0.183333
1 0.651563 0.45 0.15625 0.208333
1 0.19375 0.347917 0.15 0.2125
1 0.034375 0.866667 0.06875 0.225
1 0.204688 0.120833 0.153125 0.204167
1 0.566406 0.698958 0.139062 0.185417
1 0.0414063 0.0927083 0.0828125 0.185417
1 0.941406 0.222917 0.114063 0.204167
1 0.91875 0.444792 0.1625 0.23125
1 0.50625 0.513542 0.15 0.210417
1 0.344531 0.715625 0.164062 0.21875
1 0.792969 0.26875 0.170312 0.2125
0 0.761719 0.779167 0.357812 0.425
1 0.507812 0.241667 0.1875 0.208333
