1 0.385156 0.467708 0.204688 0.25625
1 0.632031 0.58125 0.170312 0.170833
1 0.0757812 0.144792 0.151562 0.247917
1 0.100781 0.41875 0.160938 0.183333
1 0.6 0.910417 0.171875 0.179167
1 0.289062 0.939583 0.178125 0.120833
1 0.494531 0.779167 0.154687 0.216667
1 0.466406 0.0875 0.173438 0.170833
1 0.641406 0.722917 0.151562 0.216667
1 0.671875 0.078125 0.178125 0.15625
1 0.116406 0.915625 0.148438 0.16875
1 0.308594 0.111458 0.167187 0.21875
0 0.575 0.344792 0.33125 0.352083
1 0.229687 0.6875 0.159375 0.2
