1 0.679688 0.6625 0.19375 0.229167
1 0.100781 0.1 0.192188 0.1875
1 0.096875 0.85625 0.1875 0.229167
1 0.273438 0.476042 0.175 0.24375
1 0.435937 0.915625 0.165625 0.16875
1 0.286719 0.096875 0.167187 0.19375
1 0.93125 0.10625 0.1375 0.2
1 0.416406 0.672917 0.167187 0.275
1 0.06875 0.321875 0.1375 0.227083
1 0.857813 0.627083 0.175 0.245833
1 0.932813 0.834375 0.13125 0.239583
1 0.267188 0.795833 0.1625 0.208333
1 0.854688 0.397917 0.171875 0.208333
0 0.457812 0.246875 0.309375 0.447917
1 0.120312 0.636458 0.190625 0.21875
