2 0.8 0.646875 0.0625 0.0895833
1 0.0257812 0.114583 0.0515625 0.2
1 0.0734375 0.808333 0.14375 0.229167
1 0.207813 0.327083 0.14375 0.204167
1 0.521094 0.189583 0.132812 0.241667
1 0.33125 0.444792 0.159375 0.197917
1 0.449219 0.146875 0.139062 0.222917
1 0.311719 0.971875 0.145313 0.05625
1 0.39375 0.230208 0.14375 0.18125
1 0.3375 0.492708 0.15625 0.247917
1 0.485156 0.91875 0.201562 0.1625
1 0.703125 0.890625 0.1875 0.214583
1 0.261719 0.115625 0.210938 0.222917
1 0.8 0.841667 0.146875 0.216667
1 0.141406 0.358333 0.170312 0.233333
1 0.09375 0.078125 0.1375 0.15625
1 0.145313 0.895833 0.178125 0.208333
1 0.932813 0.436458 0.134375 0.264583
0 0.496094 0.691667 0.239063 0.266667
0 0.7375 0.360417 0.2375 0.2875
