1 0.532812 0.817708 0.13125 0.247917
1 0.326562 0.789583 0.153125 0.25
1 0.674219 0.413542 0.189063 0.24375
1 0.374219 0.545833 0.182812 0.220833
1 0.0554687 0.546875 0.110937 0.252083
1 0.478906 0.595833 0.182812 0.216667
0 0.695312 0.735417 0.321875 0.454167
1 0.454688 0.0895833 0.146875 0.179167
1 0.246094 0.289583 0.170312 0.2375
1 0.880469 0.532292 0.167187 0.202083
1 0.828125 0.323958 0.15625 0.214583
1 0.340625 0.353125 0.18125 0.222917
1 0.308594 0.104167 0.154687 0.183333
1 0.172656 0.75 0.170312 0.216667
