1 0.932813 0.223958 0.134375 0.202083
1 0.323438 0.0770833 0.178125 0.154167
1 0.102344 0.9375 0.182812 0.125
1 0.0335938 0.636458 0.0671875 0.227083
1 0.95 0.510417 0.1 0.295833
1 0.0609375 0.140625 0.121875 0.260417
1 0.959375 0.902083 0.08125 0.195833
1 0.0507812 0.81875 0.101562 0.195833
1 0.138281 0.625 0.167187 0.25
1 0.680469 0.908333 0.192188 0.183333
1 0.846875 0.925 0.15625 0.15
1 0.717188 0.0822917 0.196875 0.164583
1 0.523438 0.840625 0.190625 0.247917
1 0.85625 0.452083 0.18125 0.275
1 0.692969 0.259375 0.195312 0.24375
1 0.875 0.720833 0.178125 0.270833
1 0.697656 0.5125 0.157813 0.241667
1 0.515625 0.565625 0.175 0.23125
0 0.244531 0.326042 0.348437 0.46875
