1 0.66875 0.951042 0.19375 0.09375
1 0.96875 0.711458 0.0625 0.19375
1 0.1875 0.9 0.159375 0.2
1 0.851562 0.105208 0.171875 0.20625
1 0.410156 0.0645833 0.160938 0.125
1 0.0382813 0.352083 0.0765625 0.216667
1 0.521875 0.109375 0.1625 0.20625
1 0.0585938 0.196875 0.117188 0.202083
1 0.442969 0.272917 0.182812 0.170833
1 0.146094 0.0739583 0.151562 0.147917
1 0.938281 0.502083 0.123438 0.204167
1 0.752344 0.096875 0.157813 0.19375
1 0.480469 0.43125 0.148438 0.170833
1 0.645312 0.213542 0.159375 0.214583
1 0.939062 0.3 0.121875 0.191667
1 0.292188 0.166667 0.184375 0.25
1 0.550781 0.689583 0.148438 0.1875
1 0.336719 0.927083 0.154687 0.145833
1 0.664844 0.395833 0.189063 0.2125
1 0.685938 0.56875 0.228125 0.245833
1 0.507031 0.857292 0.204688 0.222917
1 0.779688 0.81875 0.178125 0.195833
0 0.111719 0.673958 0.223438 0.447917
