1 0.228125 0.09375 0.2125 0.1875
1 0.117188 0.110417 0.15 0.204167
1 0.146875 0.592708 0.146875 0.20625
1 0.628906 0.430208 0.154687 0.210417
1 0.376563 0.730208 0.165625 0.202083
1 0.319531 0.525 0.176563 0.2
1 0.735156 0.616667 0.157813 0.208333
1 0.184375 0.348958 0.20625 0.285417
1 0.0570313 0.552083 0.114063 0.1875
1 0.620313 0.922917 0.203125 0.154167
1 0.474219 0.48125 0.151562 0.245833
1 0.8625 0.928125 0.15625 0.14375
1 0.922656 0.516667 0.154687 0.158333
1 0.944531 0.725 0.110937 0.216667
1 0.875 0.346875 0.146875 0.177083
1 0.357812 0.30625 0.140625 0.204167
0 0.675781 0.172917 0.360938 0.345833
