1 0.3125 0.175481 0.182692 0.168269
1 0.204327 0.473558 0.168269 0.221154
1 0.951923 0.789663 0.0961538 0.237981
1 0.332933 0.859375 0.194712 0.247596
1 0.383413 0.320913 0.170673 0.209135
1 0.629808 0.597356 0.158654 0.209135
1 0.139423 0.0817308 0.163462 0.158654
1 0.332933 0.540865 0.165865 0.211538
1 0.240385 0.701923 0.173077 0.221154
1 0.383413 0.104567 0.185096 0.199519
1 0.50601 0.50601 0.151442 0.199519
1 0.504808 0.828125 0.168269 0.21875
1 0.799279 0.524038 0.185096 0.230769
1 0.891827 0.330529 0.163462 0.204327
0 0.649038 0.236779 0.331731 0.40625
