1 0.415625 0.295833 0.153125 0.208333
2 0.163281 0.0739583 0.0671875 0.09375
2 0.552344 0.477083 0.0734375 0.0666667
1 0.910156 0.958333 0.157813 0.0833333
2 0.679688 0.8625 0.059375 0.0666667
1 0.109375 0.9625 0.15 0.075
1 0.4625 0.977083 0.134375 0.0458333
1 0.403125 0.05625 0.16875 0.108333
1 0.4125 0.248958 0.1375 0.18125
1 0.928906 0.910417 0.142188 0.170833
1 0.509375 0.05 0.1625 0.1
2 0.310156 0.396875 0.0484375 0.0979167
1 0.0945313 0.621875 0.176563 0.28125
1 0.614062 0.369792 0.1375 0.210417
1 0.332031 0.257292 0.139062 0.197917
1 0.0609375 0.209375 0.121875 0.235417
1 0.0703125 0.0854167 0.140625 0.166667
1 0.034375 0.4625 0.06875 0.225
1 0.422656 0.359375 0.160938 0.189583
1 0.775781 0.0822917 0.173438 0.164583
1 0.960938 0.601042 0.078125 0.214583
1 0.923437 0.10625 0.153125 0.208333
1 0.873438 0.735417 0.159375 0.2375
1 0.689062 0.658333 0.203125 0.208333
1 0.491406 0.623958 0.189063 0.214583
1 0.884375 0.464583 0.15 0.208333
1 0.766406 0.292708 0.198437 0.247917
1 0.184375 0.333333 0.15625 0.225
0 0.271875 0.8 0.34375 0.4
