1 0.153125 0.584375 0.10625 0.172917
2 0.144531 0.942708 0.0484375 0.06875
1 0.929688 0.119792 0.140625 0.23125
1 0.0664062 0.907292 0.132812 0.177083
1 0.269531 0.09375 0.173438 0.1875
1 0.05 0.246875 0.1 0.19375
1 0.455469 0.169792 0.217187 0.24375
1 0.490625 0.354167 0.15625 0.1875
1 0.647656 0.339583 0.160938 0.2625
1 0.66875 0.0833333 0.146875 0.166667
1 0.31875 0.935417 0.19375 0.129167
1 0.725781 0.084375 0.151562 0.16875
1 0.369531 0.132292 0.142188 0.202083
1 0.325781 0.391667 0.173438 0.25
1 0.96875 0.545833 0.0625 0.241667
1 0.764844 0.945833 0.195312 0.108333
1 0.0679687 0.726042 0.135937 0.19375
1 0.603125 0.914583 0.175 0.170833
1 0.915625 0.205208 0.16875 0.247917
1 0.0820312 0.390625 0.151562 0.23125
1 0.271094 0.584375 0.167187 0.197917
1 0.439063 0.870833 0.165625 0.175
1 0.132031 0.105208 0.170312 0.20625
0 0.491406 0.617708 0.192188 0.30625
1 0.746094 0.548958 0.173438 0.239583
