1 0.0335938 0.911458 0.0671875 0.177083
1 0.0171875 0.219792 0.03125 0.20625
1 0.64375 0.915625 0.1625 0.16875
1 0.957031 0.507292 0.0859375 0.227083
1 0.782031 0.075 0.148438 0.15
1 0.610937 0.763542 0.153125 0.20625
1 0.299219 0.320833 0.157813 0.2375
1 0.407031 0.647917 0.173438 0.1625
1 0.9625 0.792708 0.075 0.260417
1 0.244531 0.522917 0.201562 0.241667
1 0.107031 0.590625 0.142188 0.172917
1 0.197656 0.30625 0.142188 0.204167
0 0.175 0.839583 0.225 0.320833
1 0.489844 0.308333 0.207813 0.279167
