1 0.846875 0.0489583 0.2 0.0979167
1 0.797656 0.8625 0.185937 0.179167
2 0.120312 0.298958 0.06875 0.0979167
1 0.939062 0.134375 0.115625 0.210417
1 0.971094 0.329167 0.0578125 0.216667
1 0.0632813 0.444792 0.126563 0.21875
1 0.63125 0.313542 0.1625 0.189583
1 0.0703125 0.819792 0.140625 0.26875
1 0.0898438 0.563542 0.170312 0.214583
1 0.95625 0.685417 0.0875 0.2
1 0.953125 0.888542 0.09375 0.222917
1 0.848437 0.239583 0.196875 0.266667
1 0.485156 0.084375 0.192188 0.16875
1 0.54375 0.41875 0.159375 0.204167
1 0.621875 0.895833 0.15625 0.191667
1 0.446875 0.855208 0.178125 0.189583
1 0.469531 0.236458 0.167187 0.197917
0 0.765625 0.571875 0.35 0.48125
