2 0.550781 0.40625 0.0734375 0.0625
1 0.0695312 0.785417 0.135937 0.245833
1 0.153125 0.85 0.1375 0.170833
1 0.420312 0.923958 0.159375 0.152083
1 0.2375 0.084375 0.15625 0.16875
1 0.0726563 0.1875 0.145313 0.233333
2 0.885938 0.970833 0.071875 0.0583333
1 0.0859375 0.513542 0.1375 0.25625
1 0.207813 0.715625 0.18125 0.247917
1 0.06875 0.917708 0.134375 0.164583
1 0.586719 0.752083 0.154687 0.1625
1 0.629687 0.855208 0.178125 0.222917
1 0.588281 0.191667 0.148438 0.2
1 0.935938 0.286458 0.128125 0.235417
1 0.951563 0.497917 0.096875 0.2375
1 0.63125 0.323958 0.15 0.19375
1 0.586719 0.571875 0.176563 0.25625
1 0.460938 0.779167 0.159375 0.208333
1 0.711719 0.204167 0.151562 0.204167
0 0.300781 0.413542 0.285937 0.347917
1 0.810156 0.358333 0.173438 0.241667
1 0.771094 0.678125 0.170312 0.19375
