1 0.667188 0.648958 0.1875 0.28125
1 0.174219 0.946875 0.120312 0.10625
1 0.244531 0.0854167 0.173438 0.170833
1 0.053125 0.295833 0.10625 0.229167
1 0.498437 0.920833 0.178125 0.158333
1 0.842969 0.84375 0.129688 0.220833
1 0.0515625 0.94375 0.103125 0.1125
1 0.658594 0.9 0.201562 0.2
1 0.84375 0.283333 0.19375 0.208333
1 0.257812 0.269792 0.159375 0.197917
1 0.95625 0.177083 0.0875 0.2125
1 0.670313 0.684375 0.159375 0.21875
1 0.305469 0.922917 0.151562 0.154167
1 0.638281 0.0791667 0.164062 0.158333
1 0.417969 0.0854167 0.173438 0.170833
1 0.44375 0.685417 0.1875 0.220833
1 0.746875 0.447917 0.171875 0.204167
1 0.88125 0.505208 0.14375 0.202083
1 0.145313 0.44375 0.1375 0.220833
0 0.470313 0.35625 0.296875 0.404167
