1 0.11875 0.777083 0.134375 0.254167
1 0.046875 0.882292 0.09375 0.23125
1 0.053125 0.513542 0.103125 0.252083
1 0.272656 0.936458 0.195312 0.127083
1 0.914062 0.38125 0.171875 0.270833
1 0.613281 0.964583 0.157813 0.0708333
1 0.473437 0.065625 0.1875 0.127083
1 0.808594 0.0947917 0.164062 0.18125
1 0.897656 0.573958 0.179688 0.20625
1 0.190625 0.0947917 0.19375 0.189583
1 0.723437 0.428125 0.196875 0.239583
1 0.627344 0.6875 0.139062 0.225
1 0.659375 0.108333 0.1625 0.216667
1 0.925781 0.201042 0.148438 0.20625
1 0.294531 0.439583 0.164062 0.1875
1 0.0539063 0.147917 0.107813 0.2125
1 0.0554687 0.386458 0.110937 0.185417
1 0.709375 0.204167 0.153125 0.229167
1 0.771875 0.747917 0.20625 0.2625
0 0.26875 0.684375 0.234375 0.297917
