2 0.542969 0.983333 0.0578125 0.0333333
1 0.380469 0.0447917 0.176563 0.0854167
1 0.791406 0.889583 0.201562 0.2125
1 0.635938 0.0541667 0.196875 0.104167
1 0.953125 0.715625 0.09375 0.25625
1 0.275781 0.0541667 0.157813 0.108333
1 0.0476562 0.0625 0.0921875 0.125
1 0.128125 0.0458333 0.159375 0.0875
1 0.241406 0.396875 0.142188 0.19375
1 0.0625 0.95625 0.125 0.0875
1 0.554688 0.734375 0.140625 0.197917
1 0.304688 0.421875 0.134375 0.189583
1 0.623438 0.90625 0.15625 0.179167
1 0.180469 0.816667 0.157813 0.208333
1 0.321094 0.970833 0.157813 0.0583333
1 0.90625 0.910417 0.1875 0.179167
1 0.726562 0.496875 0.184375 0.197917
1 0.299219 0.810417 0.185937 0.220833
1 0.692969 0.6875 0.179688 0.283333
1 0.84375 0.657292 0.153125 0.24375
1 0.903125 0.09375 0.19375 0.1875
1 0.796094 0.414583 0.173438 0.233333
1 0.06875 0.530208 0.1375 0.277083
1 0.214062 0.601042 0.175 0.21875
1 0.485156 0.839583 0.179688 0.2375
1 0.05 0.289583 0.1 0.216667
0 0.449219 0.248958 0.270312 0.397917
