1 0.0359375 0.216667 0.071875 0.266667
1 0.404687 0.608333 0.153125 0.166667
1 0.623438 0.113542 0.15 0.189583
1 0.821875 0.0739583 0.15625 0.147917
1 0.782812 0.645833 0.196875 0.241667
1 0.601562 0.561458 0.14375 0.210417
1 0.940625 0.816667 0.115625 0.291667
1 0.732031 0.263542 0.214062 0.214583
1 0.0765625 0.660417 0.15 0.2375
1 0.135156 0.8875 0.204688 0.220833
1 0.538281 0.754167 0.201562 0.2
0 0.447656 0.315625 0.335938 0.45625
1 0.357812 0.829167 0.1875 0.229167
1 0.20625 0.35 0.16875 0.241667
1 0.797656 0.884375 0.179688 0.21875
