1 0.68125 0.339583 0.15 0.191667
1 0.8375 0.876042 0.15 0.19375
1 0.0210938 0.886458 0.0421875 0.202083
1 0.95625 0.0989583 0.0875 0.197917
1 0.823438 0.132292 0.171875 0.197917
1 0.257031 0.410417 0.129688 0.166667
1 0.567969 0.436458 0.154687 0.23125
1 0.157031 0.310417 0.164062 0.216667
1 0.0734375 0.407292 0.134375 0.202083
1 0.65625 0.836458 0.14375 0.210417
1 0.564062 0.733333 0.146875 0.208333
1 0.926562 0.278125 0.146875 0.202083
1 0.942187 0.6375 0.115625 0.208333
1 0.635156 0.620833 0.154687 0.195833
1 0.104687 0.123958 0.190625 0.222917
1 0.107031 0.745833 0.173438 0.241667
1 0.810938 0.6 0.146875 0.208333
0 0.2625 0.835417 0.328125 0.329167
0 0.410156 0.234375 0.301562 0.39375
