1 0.0140625 0.219792 0.028125 0.227083
1 0.24375 0.976042 0.178125 0.0479167
1 0.417969 0.677083 0.164062 0.229167
1 0.845312 0.904167 0.153125 0.191667
1 0.675781 0.936458 0.176563 0.127083
1 0.954687 0.726042 0.090625 0.214583
0 0.408594 0.134375 0.339063 0.26875
1 0.286719 0.523958 0.179688 0.197917
1 0.880469 0.0645833 0.198437 0.129167
1 0.215625 0.822917 0.2 0.245833
1 0.0460938 0.902083 0.0921875 0.195833
1 0.521875 0.892708 0.15 0.20625
1 0.739062 0.779167 0.165625 0.195833
1 0.611719 0.633333 0.195312 0.216667
1 0.325781 0.313542 0.164062 0.210417
1 0.921094 0.546875 0.157813 0.222917
1 0.0867188 0.0916667 0.170312 0.183333
1 0.129688 0.3375 0.184375 0.245833
1 0.485938 0.414583 0.153125 0.2875
1 0.0890625 0.598958 0.178125 0.24375
1 0.917188 0.315625 0.165625 0.202083
