2 0.780469 0.64375 0.0828125 0.0791667
1 0.960938 0.21875 0.078125 0.254167
1 0.0296875 0.327083 0.059375 0.245833
1 0.428125 0.722917 0.175 0.216667
1 0.960156 0.93125 0.0796875 0.133333
1 0.1 0.478125 0.14375 0.172917
1 0.209375 0.403125 0.190625 0.19375
1 0.378125 0.308333 0.19375 0.3
1 0.494531 0.3375 0.129688 0.208333
1 0.392969 0.895833 0.160938 0.208333
1 0.646875 0.107292 0.1625 0.20625
1 0.0476562 0.607292 0.0921875 0.160417
1 0.0820312 0.844792 0.164062 0.29375
1 0.240625 0.56875 0.16875 0.220833
1 0.948438 0.644792 0.103125 0.235417
1 0.648438 0.76875 0.153125 0.204167
1 0.821875 0.534375 0.1625 0.20625
1 0.542969 0.889583 0.164062 0.220833
0 0.119531 0.110417 0.220313 0.220833
1 0.765625 0.166667 0.175 0.204167
