1 0.282452 0.484375 0.21875 0.237981
1 0.737981 0.09375 0.259615 0.177885
1 0.308894 0.451923 0.170673 0.211538
1 0.253606 0.509615 0.204327 0.206731
1 0.0216346 0.316106 0.0432692 0.247596
1 0.960337 0.891827 0.0793269 0.206731
1 0.294471 0.899038 0.175481 0.192308
1 0.602163 0.705529 0.180288 0.257212
1 0.185096 0.25 0.1875 0.206731
1 0.169471 0.0685096 0.165865 0.137019
1 0.361779 0.241587 0.151442 0.180288
1 0.776442 0.873798 0.197115 0.213942
1 0.0949519 0.905048 0.189904 0.185096
0 0.573317 0.347356 0.391827 0.497596
1 0.344952 0.110577 0.165865 0.211538
1 0.0841346 0.664663 0.168269 0.257212
1 0.917067 0.326923 0.161058 0.211538
1 0.355769 0.695913 0.168269 0.209135
1 0.572115 0.926683 0.177885 0.141827
1 0.0444712 0.105769 0.0889423 0.211538
1 0.920673 0.539663 0.158654 0.223558
1 0.457933 0.830529 0.15625 0.223558
1 0.78125 0.647837 0.182692 0.223558
