1 0.691406 0.194792 0.154687 0.197917
1 0.790625 0.596875 0.15 0.197917
1 0.0851562 0.15625 0.151562 0.220833
1 0.417969 0.7375 0.170312 0.225
1 0.526563 0.216667 0.171875 0.216667
1 0.378906 0.0833333 0.142188 0.166667
1 0.158594 0.715625 0.132812 0.26875
1 0.930469 0.798958 0.139062 0.252083
1 0.273438 0.355208 0.184375 0.210417
1 0.234375 0.0979167 0.153125 0.195833
1 0.0734375 0.465625 0.146875 0.197917
1 0.814844 0.0729167 0.151562 0.145833
1 0.41875 0.9 0.15625 0.191667
0 0.676562 0.828125 0.384375 0.34375
