1 0.0805288 0.0300481 0.137019 0.0600962
1 0.638221 0.91226 0.170673 0.170673
1 0.47476 0.403846 0.175481 0.230769
1 0.0408654 0.972356 0.0817308 0.0552885
1 0.211538 0.893029 0.153846 0.204327
1 0.204327 0.421875 0.192308 0.21875
1 0.637019 0.747596 0.149038 0.1875
1 0.730769 0.0961538 0.221154 0.192308
1 0.765625 0.954327 0.141827 0.0913462
1 0.239183 0.887019 0.199519 0.225962
1 0.444712 0.786058 0.168269 0.216346
1 0.841346 0.15024 0.153846 0.21875
1 0.930288 0.532452 0.139423 0.233173
1 0.046875 0.788462 0.09375 0.206731
1 0.612981 0.4375 0.168269 0.1875
1 0.170673 0.669471 0.163462 0.21875
0 0.33774 0.104567 0.276442 0.209135
1 0.896635 0.774038 0.173077 0.240385
