1 0.0210938 0.645833 0.0421875 0.25
2 0.748438 0.740625 0.08125 0.11875
1 0.0703125 0.519792 0.140625 0.202083
1 0.0164062 0.665625 0.0328125 0.20625
1 0.196875 0.94375 0.178125 0.1125
1 0.025 0.175 0.046875 0.183333
1 0.319531 0.761458 0.176563 0.19375
1 0.204688 0.0510417 0.190625 0.102083
1 0.664844 0.521875 0.145313 0.20625
1 0.104687 0.340625 0.2 0.24375
1 0.576563 0.875 0.190625 0.245833
1 0.375 0.925 0.16875 0.15
1 0.839063 0.429167 0.190625 0.216667
1 0.646094 0.315625 0.198437 0.19375
1 0.939062 0.176042 0.121875 0.26875
0 0.465625 0.571875 0.30625 0.48125
1 0.64375 0.10625 0.190625 0.2125
1 0.807813 0.916667 0.165625 0.166667
1 0.807031 0.192708 0.154687 0.235417
1 0.876562 0.63125 0.196875 0.233333
1 0.429688 0.275 0.165625 0.191667
1 0.125 0.778125 0.18125 0.25625
