1 0.0276442 0.804087 0.0552885 0.213942
2 0.871394 0.0300481 0.0793269 0.0600962
1 0.0697115 0.950721 0.139423 0.0985577
1 0.0216346 0.146635 0.0384615 0.221154
0 0.176683 0.669471 0.334135 0.483173
1 0.433894 0.362981 0.161058 0.254808
0 0.199519 0.71274 0.350962 0.334135
0 0.213942 0.74399 0.427885 0.430288
1 0.278846 0.919471 0.144231 0.161058
1 0.0528846 0.419471 0.105769 0.199519
1 0.929087 0.947115 0.137019 0.105769
1 0.424279 0.139423 0.15625 0.216346
1 0.543269 0.0673077 0.168269 0.134615
1 0.814904 0.549279 0.129808 0.15625
1 0.43149 0.579327 0.161058 0.182692
1 0.603365 0.883413 0.163462 0.21875
0 0.200721 0.711538 0.401442 0.576923
1 0.588942 0.271635 0.149038 0.259615
1 0.296875 0.0649038 0.165865 0.129808
1 0.114183 0.254808 0.165865 0.201923
1 0.272837 0.245192 0.15625 0.182692
1 0.731971 0.158654 0.146635 0.182692
1 0.646635 0.481971 0.173077 0.204327
1 0.926683 0.205529 0.141827 0.262019
1 0.888221 0.699519 0.180288 0.201923
1 0.68149 0.685096 0.180288 0.206731
1 0.433894 0.850962 0.180288 0.216346
0 0.264423 0.759615 0.206731 0.4375
