1 0.790865 0.961538 0.115385 0.0721154
1 0.633413 0.926683 0.161058 0.146635
1 0.0276442 0.9375 0.0552885 0.125
1 0.176683 0.265625 0.175481 0.242788
1 0.5 0.155048 0.192308 0.28125
2 0.164663 0.460337 0.0600962 0.0745192
1 0.859375 0.0348558 0.170673 0.0649038
1 0.575721 0.429087 0.185096 0.233173
2 0.292067 0.897837 0.117788 0.132212
1 0.43149 0.603365 0.170673 0.192308
1 0.954327 0.104567 0.0913462 0.209135
1 0.885817 0.888221 0.170673 0.209135
1 0.960337 0.355769 0.0793269 0.254808
1 0.263221 0.204327 0.175481 0.254808
1 0.594952 0.643029 0.165865 0.233173
1 0.0384615 0.435096 0.0769231 0.225962
1 0.100962 0.780048 0.201923 0.199519
0 0.495192 0.86899 0.197115 0.262019
1 0.0588942 0.0709135 0.117788 0.141827
1 0.36899 0.473558 0.199519 0.177885
1 0.697115 0.816106 0.158654 0.180288
1 0.225962 0.590144 0.197115 0.209135
1 0.697115 0.235577 0.177885 0.216346
