1 0.135156 0.982292 0.120312 0.0354167
1 0.1125 0.034375 0.171875 0.0645833
1 0.939062 0.966667 0.121875 0.0666667
1 0.94375 0.138542 0.1125 0.272917
1 0.290625 0.952083 0.171875 0.0916667
1 0.0546875 0.453125 0.109375 0.20625
1 0.0625 0.882292 0.125 0.189583
1 0.354688 0.0489583 0.178125 0.09375
0 0.5375 0.74375 0.396875 0.495833
1 0.929688 0.791667 0.140625 0.204167
1 0.250781 0.748958 0.173438 0.252083
1 0.35 0.508333 0.190625 0.2
1 0.0734375 0.646875 0.146875 0.239583
1 0.8 0.7125 0.165625 0.233333
1 0.0554687 0.228125 0.110937 0.222917
1 0.650781 0.108333 0.170312 0.208333
1 0.784375 0.301042 0.190625 0.264583
1 0.614062 0.379167 0.171875 0.2125
1 0.435937 0.308333 0.171875 0.25
