1 0.849219 0.960417 0.145313 0.075
1 0.639063 0.979167 0.190625 0.0416667
1 0.674219 0.134375 0.164062 0.21875
1 0.234375 0.021875 0.165625 0.04375
1 0.95625 0.929167 0.0875 0.141667
2 0.307031 0.463542 0.0515625 0.08125
1 0.63125 0.117708 0.1625 0.214583
1 0.215625 0.9625 0.1625 0.075
1 0.9125 0.779167 0.175 0.25
1 0.059375 0.0614583 0.11875 0.122917
1 0.948438 0.191667 0.103125 0.254167
1 0.404687 0.0802083 0.190625 0.160417
1 0.40625 0.926042 0.1875 0.147917
1 0.302344 0.267708 0.167187 0.21875
1 0.176563 0.117708 0.140625 0.160417
1 0.175 0.673958 0.153125 0.197917
1 0.817187 0.264583 0.153125 0.195833
1 0.301562 0.61875 0.1625 0.204167
1 0.785156 0.627083 0.198437 0.2375
1 0.285937 0.830208 0.153125 0.189583
1 0.596094 0.647917 0.167187 0.229167
1 0.917188 0.457292 0.165625 0.26875
0 0.121094 0.377083 0.242188 0.445833
1 0.654688 0.847917 0.15625 0.208333
1 0.632031 0.375 0.192188 0.2375
