1 0.932813 0.69375 0.134375 0.254167
1 0.0265625 0.452083 0.053125 0.220833
1 0.31875 0.6125 0.146875 0.175
1 0.0328125 0.190625 0.065625 0.327083
1 0.894531 0.922917 0.189063 0.154167
1 0.0859375 0.555208 0.11875 0.202083
1 0.765625 0.803125 0.15625 0.227083
1 0.951563 0.722917 0.096875 0.2375
1 0.89375 0.207292 0.203125 0.302083
1 0.757812 0.0364583 0.165625 0.06875
1 0.957812 0.075 0.084375 0.15
1 0.733594 0.9125 0.151562 0.175
1 0.459375 0.8125 0.16875 0.216667
1 0.0984375 0.0739583 0.159375 0.147917
1 0.583594 0.972917 0.142188 0.0541667
1 0.609375 0.598958 0.13125 0.197917
1 0.773438 0.266667 0.146875 0.183333
1 0.579687 0.376042 0.146875 0.214583
1 0.292969 0.807292 0.179688 0.235417
0 0.371094 0.4 0.257812 0.325
