1 0.53726 0.831731 0.228365 0.254808
1 0.567308 0.807692 0.206731 0.225962
1 0.711538 0.0396635 0.139423 0.0745192
1 0.891827 0.0360577 0.1875 0.0721154
1 0.417067 0.963942 0.165865 0.0673077
1 0.56851 0.0348558 0.161058 0.0649038
1 0.0432692 0.956731 0.0865385 0.0865385
1 0.325721 0.288462 0.180288 0.182692
1 0.944712 0.84375 0.110577 0.197115
1 0.0997596 0.108173 0.170673 0.206731
1 0.141827 0.298077 0.149038 0.230769
2 0.778846 0.473558 0.0673077 0.0865385
1 0.25601 0.115385 0.15625 0.168269
1 0.852163 0.935096 0.185096 0.129808
1 0.81851 0.783654 0.165865 0.201923
1 0.335337 0.742788 0.170673 0.206731
1 0.0528846 0.348558 0.105769 0.245192
1 0.891827 0.433894 0.182692 0.276442
1 0.611779 0.944712 0.146635 0.110577
1 0.257212 0.91226 0.182692 0.175481
1 0.674279 0.604567 0.170673 0.21875
1 0.871394 0.209135 0.185096 0.201923
1 0.0540865 0.825721 0.108173 0.233173
0 0.435096 0.451923 0.379808 0.418269
1 0.71875 0.1875 0.158654 0.1875
1 0.492788 0.135817 0.197115 0.204327
