1 0.961719 0.930208 0.0765625 0.139583
1 0.478906 0.946875 0.210938 0.10625
1 0.0679687 0.975 0.135937 0.05
1 0.713281 0.948958 0.198437 0.102083
1 0.197656 0.454167 0.173438 0.3125
1 0.51875 0.929167 0.2125 0.141667
1 0.490625 0.0270833 0.190625 0.0541667
1 0.847656 0.45625 0.167187 0.254167
1 0.5625 0.722917 0.178125 0.245833
1 0.0210938 0.594792 0.0390625 0.252083
1 0.714063 0.961458 0.178125 0.0729167
1 0.96875 0.745833 0.0625 0.291667
1 0.848437 0.0614583 0.19375 0.11875
1 0.957812 0.521875 0.084375 0.247917
1 0.0734375 0.797917 0.146875 0.279167
1 0.646875 0.530208 0.1625 0.210417
1 0.0648438 0.352083 0.129688 0.291667
1 0.138281 0.125 0.135937 0.245833
1 0.274219 0.701042 0.154687 0.210417
1 0.702344 0.320833 0.195312 0.225
1 0.665625 0.1125 0.1875 0.225
1 0.825781 0.859375 0.185937 0.210417
1 0.436719 0.5625 0.192188 0.2
1 0.188281 0.907292 0.167187 0.185417
1 0.422656 0.785417 0.167187 0.216667
0 0.357812 0.257292 0.359375 0.48125
