1 0.411719 0.96875 0.176563 0.0583333
1 0.329688 0.147917 0.165625 0.191667
1 0.975 0.2875 0.05 0.266667
0 0.271875 0.90625 0.425 0.183333
1 0.496875 0.182292 0.16875 0.18125
1 0.44375 0.096875 0.15 0.19375
1 0.720312 0.964583 0.153125 0.0708333
1 0.148438 0.63125 0.196875 0.270833
1 0.928125 0.960417 0.14375 0.0791667
1 0.788281 0.483333 0.182812 0.2375
1 0.590625 0.0583333 0.175 0.116667
1 0.69375 0.492708 0.1625 0.222917
1 0.644531 0.610417 0.182812 0.179167
1 0.842188 0.242708 0.18125 0.23125
1 0.932813 0.833333 0.134375 0.2
1 0.853125 0.09375 0.153125 0.1875
1 0.117188 0.059375 0.153125 0.11875
1 0.626562 0.325 0.15 0.225
1 0.105469 0.247917 0.210938 0.258333
1 0.7875 0.866667 0.171875 0.208333
1 0.0523437 0.815625 0.104687 0.210417
1 0.601562 0.871875 0.146875 0.19375
1 0.0734375 0.389583 0.14375 0.204167
1 0.70625 0.145833 0.15625 0.220833
1 0.914844 0.653125 0.170312 0.235417
1 0.430469 0.817708 0.170312 0.21875
0 0.409375 0.413542 0.40625 0.452083
