1 0.913281 0.972917 0.173438 0.0541667
1 0.517969 0.563542 0.170312 0.227083
1 0.714063 0.41875 0.190625 0.25
1 0.596875 0.609375 0.15 0.202083
1 0.0179687 0.714583 0.0359375 0.3375
1 0.721875 0.364583 0.175 0.229167
1 0.0671875 0.090625 0.13125 0.177083
1 0.409375 0.951042 0.21875 0.09375
1 0.325 0.527083 0.18125 0.216667
1 0.0609375 0.25 0.121875 0.3125
1 0.761719 0.678125 0.198437 0.202083
1 0.93125 0.835417 0.1375 0.229167
1 0.1125 0.7125 0.15 0.2
1 0.195312 0.15625 0.171875 0.229167
1 0.084375 0.909375 0.153125 0.18125
1 0.163281 0.435417 0.173438 0.2625
1 0.30625 0.782292 0.23125 0.264583
1 0.714844 0.0833333 0.173438 0.1625
1 0.559375 0.828125 0.196875 0.239583
0 0.479688 0.198958 0.365625 0.38125
1 0.849219 0.185417 0.189063 0.254167
1 0.909375 0.513542 0.18125 0.26875
