2 0.145313 0.472917 0.06875 0.0916667
2 0.0320312 0.8 0.0578125 0.0875
1 0.189844 0.869792 0.170312 0.197917
1 0.132812 0.215625 0.134375 0.185417
1 0.26875 0.932292 0.1625 0.135417
1 0.70625 0.14375 0.175 0.2875
1 0.065625 0.925 0.13125 0.15
1 0.663281 0.496875 0.170312 0.214583
1 0.753906 0.907292 0.160938 0.185417
1 0.602344 0.797917 0.139062 0.254167
1 0.257812 0.178125 0.11875 0.252083
1 0.470313 0.664583 0.16875 0.195833
1 0.499219 0.539583 0.176563 0.204167
1 0.521875 0.88125 0.184375 0.229167
1 0.132812 0.113542 0.159375 0.197917
1 0.758594 0.678125 0.182812 0.272917
1 0.894531 0.127083 0.164062 0.241667
1 0.252344 0.435417 0.185937 0.25
1 0.0398437 0.267708 0.0796875 0.24375
1 0.898438 0.908333 0.153125 0.183333
1 0.91875 0.728125 0.1625 0.214583
1 0.852344 0.521875 0.201562 0.227083
0 0.459375 0.160417 0.35625 0.316667
