1 0.265625 0.0456731 0.127404 0.0913462
1 0.180288 0.478365 0.177885 0.197115
1 0.576923 0.623798 0.125 0.170673
1 0.307692 0.580529 0.225962 0.194712
1 0.126202 0.0997596 0.228365 0.199519
1 0.0661058 0.903846 0.132212 0.192308
1 0.168269 0.96875 0.149038 0.0625
1 0.509615 0.551683 0.173077 0.189904
1 0.0168269 0.129808 0.0336538 0.177885
1 0.260817 0.426683 0.194712 0.180288
1 0.602163 0.414663 0.204327 0.151442
1 0.0204327 0.540865 0.0408654 0.240385
1 0.411058 0.0348558 0.177885 0.0697115
1 0.236779 0.213942 0.228365 0.264423
1 0.6875 0.890625 0.153846 0.21875
1 0.872596 0.933894 0.177885 0.132212
1 0.078125 0.729567 0.15625 0.189904
0 0.454327 0.790865 0.331731 0.399038
1 0.472356 0.301683 0.141827 0.213942
1 0.0817308 0.308894 0.163462 0.262019
