1 0.332031 0.979167 0.164062 0.0416667
1 0.365625 0.680208 0.15625 0.189583
1 0.371875 0.585417 0.15625 0.220833
1 0.103906 0.426042 0.160938 0.20625
1 0.755469 0.310417 0.154687 0.220833
1 0.415625 0.0197917 0.153125 0.0395833
2 0.49375 0.8125 0.06875 0.075
1 0.190625 0.452083 0.1375 0.229167
1 0.639063 0.958333 0.153125 0.0833333
1 0.615625 0.377083 0.13125 0.175
1 0.45625 0.683333 0.159375 0.158333
1 0.652344 0.511458 0.179688 0.272917
1 0.766406 0.260417 0.154687 0.154167
1 0.0546875 0.251042 0.109375 0.222917
1 0.945312 0.4 0.109375 0.241667
1 0.907812 0.930208 0.171875 0.139583
1 0.0921875 0.916667 0.178125 0.166667
1 0.217187 0.720833 0.146875 0.175
1 0.759375 0.0729167 0.15 0.145833
1 0.742188 0.853125 0.165625 0.202083
1 0.182812 0.244792 0.15625 0.247917
1 0.464844 0.526042 0.179688 0.202083
1 0.499219 0.920833 0.179688 0.158333
1 0.925 0.189583 0.15 0.208333
1 0.0742188 0.677083 0.148438 0.2125
1 0.622656 0.1375 0.148438 0.2125
0 0.409375 0.245833 0.35 0.470833
