1 0.0289063 0.161458 0.0578125 0.227083
1 0.142188 0.128125 0.16875 0.202083
1 0.0484375 0.8375 0.096875 0.216667
1 0.797656 0.257292 0.154687 0.19375
1 0.0890625 0.327083 0.15 0.2
1 0.146875 0.885417 0.165625 0.2
1 0.248437 0.352083 0.171875 0.233333
1 0.477344 0.720833 0.160938 0.2125
1 0.601562 0.511458 0.159375 0.222917
1 0.35 0.717708 0.15625 0.210417
1 0.907812 0.68125 0.153125 0.229167
1 0.755469 0.720833 0.176563 0.208333
0 0.489844 0.180208 0.326562 0.35625
1 0.204688 0.61875 0.171875 0.2
