1 0.989062 0.657292 0.021875 0.202083
1 0.985156 0.645833 0.0296875 0.241667
2 0.729688 0.971875 0.053125 0.05625
1 0.946875 0.838542 0.10625 0.247917
1 0.288281 0.0333333 0.176563 0.0666667
1 0.0960938 0.388542 0.192188 0.23125
1 0.579687 0.941667 0.21875 0.1125
1 0.0625 0.759375 0.125 0.29375
1 0.49375 0.196875 0.175 0.21875
1 0.384375 0.928125 0.190625 0.14375
1 0.129688 0.125 0.209375 0.216667
0 0.189063 0.60625 0.228125 0.354167
1 0.326562 0.196875 0.234375 0.25625
1 0.446094 0.688542 0.160938 0.247917
1 0.685938 0.154167 0.203125 0.275
1 0.204688 0.9 0.171875 0.2
1 0.372656 0.440625 0.179688 0.264583
