1 0.214844 0.941667 0.110937 0.116667
1 0.266406 0.0322917 0.229687 0.0645833
1 0.975781 0.615625 0.0484375 0.227083
1 0.0203125 0.720833 0.040625 0.220833
1 0.31875 0.561458 0.14375 0.202083
1 0.192969 0.76875 0.157813 0.220833
1 0.620313 0.9 0.153125 0.2
1 0.152344 0.535417 0.189063 0.204167
1 0.93125 0.391667 0.1375 0.241667
1 0.43125 0.38125 0.21875 0.304167
1 0.611719 0.627083 0.154687 0.229167
1 0.923437 0.878125 0.153125 0.24375
0 0.397656 0.809375 0.364062 0.377083
1 0.625 0.257292 0.18125 0.31875
1 0.8625 0.225 0.1875 0.258333
1 0.06875 0.902083 0.1375 0.195833
