1 0.259375 0.2 0.159375 0.1875
1 0.100781 0.817708 0.182812 0.23125
1 0.696094 0.166667 0.164062 0.166667
1 0.550781 0.0989583 0.167187 0.197917
1 0.964063 0.10625 0.071875 0.2125
1 0.453906 0.927083 0.167187 0.145833
1 0.285156 0.76875 0.170312 0.220833
1 0.0867188 0.461458 0.173438 0.19375
1 0.689062 0.7125 0.153125 0.166667
1 0.851562 0.182292 0.15 0.260417
1 0.182812 0.0895833 0.15 0.179167
1 0.0765625 0.266667 0.153125 0.2
1 0.459375 0.35625 0.15625 0.254167
1 0.882031 0.61875 0.192188 0.208333
1 0.105469 0.628125 0.182812 0.202083
1 0.335156 0.398958 0.179688 0.23125
1 0.50625 0.722917 0.1625 0.258333
1 0.721875 0.89375 0.19375 0.2
0 0.664062 0.425 0.328125 0.416667
