1 0.714063 0.05625 0.146875 0.108333
1 0.267969 0.129167 0.173438 0.216667
1 0.971875 0.345833 0.05625 0.225
1 0.267188 0.517708 0.175 0.26875
1 0.446875 0.66875 0.165625 0.229167
1 0.217187 0.0583333 0.16875 0.116667
1 0.873438 0.4 0.171875 0.245833
1 0.301562 0.776042 0.15 0.222917
1 0.65625 0.936458 0.175 0.127083
1 0.0484375 0.0895833 0.096875 0.179167
1 0.0359375 0.629167 0.071875 0.216667
1 0.0375 0.869792 0.075 0.252083
1 0.935938 0.115625 0.128125 0.23125
1 0.147656 0.517708 0.189063 0.21875
1 0.396094 0.914583 0.176563 0.170833
1 0.61875 0.342708 0.221875 0.210417
1 0.153125 0.841667 0.171875 0.241667
1 0.582031 0.139583 0.176563 0.208333
0 0.733594 0.639583 0.420312 0.5125
1 0.146094 0.3 0.176563 0.216667
