1 0.365385 0.905048 0.182692 0.185096
2 0.975962 0.978365 0.0480769 0.0432692
2 0.959135 0.59375 0.0721154 0.110577
1 0.512019 0.949519 0.177885 0.100962
1 0.274038 0.598558 0.1875 0.225962
2 0.03125 0.975962 0.0625 0.0480769
1 0.846154 0.0673077 0.182692 0.134615
1 0.966346 0.237981 0.0673077 0.25
1 0.512019 0.0997596 0.221154 0.199519
1 0.0240385 0.0889423 0.0480769 0.173077
1 0.0697115 0.847356 0.139423 0.233173
1 0.741587 0.121394 0.213942 0.233173
1 0.889423 0.692308 0.177885 0.264423
1 0.551683 0.802885 0.204327 0.206731
0 0.487981 0.561298 0.245192 0.286058
1 0.945913 0.41226 0.108173 0.266827
