1 0.0242187 0.561458 0.0453125 0.24375
1 0.884375 0.277083 0.171875 0.233333
1 0.201562 0.515625 0.16875 0.214583
1 0.7 0.94375 0.15 0.104167
1 0.9625 0.608333 0.075 0.191667
1 0.907812 0.492708 0.178125 0.16875
1 0.378906 0.538542 0.157813 0.202083
1 0.299219 0.345833 0.179688 0.233333
1 0.817187 0.170833 0.165625 0.216667
1 0.607031 0.09375 0.198437 0.179167
1 0.132031 0.689583 0.182812 0.204167
1 0.171094 0.0875 0.145313 0.175
1 0.333594 0.9 0.185937 0.2
0 0.514063 0.759375 0.34375 0.460417
1 0.816406 0.645833 0.179688 0.175
1 0.3625 0.114583 0.16875 0.225
1 0.717969 0.369792 0.154687 0.202083
1 0.557813 0.3125 0.165625 0.2125
