1 0.78125 0.770433 0.168269 0.209135
1 0.532452 0.824519 0.137019 0.240385
1 0.853365 0.49399 0.197115 0.223558
1 0.0552885 0.441106 0.110577 0.266827
1 0.919471 0.348558 0.161058 0.201923
1 0.0228365 0.163462 0.0456731 0.235577
1 0.924279 0.0913462 0.151442 0.177885
1 0.0925481 0.96274 0.141827 0.0745192
1 0.288462 0.6875 0.192308 0.225962
1 0.447115 0.627404 0.206731 0.192308
1 0.754808 0.491587 0.182692 0.204327
1 0.694712 0.813702 0.182692 0.194712
1 0.438702 0.498798 0.189904 0.21875
1 0.915865 0.926683 0.168269 0.141827
1 0.247596 0.896635 0.201923 0.182692
1 0.419471 0.253606 0.185096 0.228365
1 0.887019 0.737981 0.177885 0.230769
1 0.270433 0.151442 0.185096 0.254808
1 0.294471 0.429087 0.209135 0.262019
0 0.0721154 0.768029 0.144231 0.34375
