2 0.552344 0.257292 0.0796875 0.0979167
1 0.785156 0.192708 0.198437 0.227083
2 0.195312 0.248958 0.053125 0.0770833
1 0.260156 0.929167 0.189063 0.141667
1 0.461719 0.944792 0.164062 0.10625
1 0.860156 0.53125 0.185937 0.241667
1 0.0484375 0.05 0.096875 0.1
1 0.846875 0.0416667 0.1875 0.0833333
1 0.348437 0.89375 0.171875 0.2
1 0.246875 0.791667 0.171875 0.241667
1 0.45 0.101042 0.196875 0.197917
1 0.367188 0.642708 0.165625 0.202083
1 0.859375 0.866667 0.18125 0.2625
1 0.638281 0.870833 0.201562 0.258333
1 0.657812 0.30625 0.171875 0.258333
1 0.182031 0.38125 0.142188 0.195833
1 0.7375 0.713542 0.15625 0.210417
1 0.472656 0.797917 0.120312 0.1875
1 0.35 0.0854167 0.19375 0.170833
1 0.649219 0.0572917 0.185937 0.114583
1 0.953125 0.755208 0.09375 0.214583
1 0.896875 0.313542 0.159375 0.20625
1 0.0398437 0.242708 0.0796875 0.20625
1 0.128906 0.139583 0.173438 0.2125
1 0.504687 0.465625 0.2 0.252083
1 0.0570313 0.89375 0.114063 0.2125
0 0.107813 0.565625 0.215625 0.435417
