1 0.925 0.895833 0.14375 0.208333
1 0.0703125 0.371875 0.140625 0.264583
1 0.904688 0.0489583 0.1875 0.0979167
1 0.552344 0.147917 0.164062 0.204167
1 0.735937 0.878125 0.1875 0.239583
1 0.470313 0.590625 0.13125 0.239583
1 0.0671875 0.116667 0.134375 0.233333
1 0.199219 0.747917 0.154687 0.179167
1 0.802344 0.196875 0.192188 0.289583
1 0.310937 0.836458 0.15625 0.227083
1 0.653125 0.192708 0.159375 0.252083
1 0.303906 0.242708 0.160938 0.19375
1 0.221094 0.423958 0.151562 0.20625
1 0.314063 0.421875 0.140625 0.222917
1 0.578125 0.905208 0.159375 0.185417
1 0.883594 0.673958 0.160938 0.21875
1 0.951563 0.296875 0.096875 0.24375
0 0.678906 0.597917 0.317187 0.429167
