1 0.0148437 0.93125 0.0296875 0.1375
1 0.892187 0.960417 0.165625 0.0791667
1 0.959375 0.028125 0.08125 0.05625
1 0.270312 0.0427083 0.196875 0.0854167
1 0.933594 0.740625 0.129688 0.197917
1 0.416406 0.935417 0.142188 0.125
1 0.98125 0.610417 0.0375 0.220833
1 0.495313 0.935417 0.165625 0.129167
1 0.084375 0.244792 0.16875 0.23125
1 0.578125 0.0208333 0.140625 0.0416667
1 0.241406 0.19375 0.157813 0.220833
2 0.825 0.93125 0.0625 0.0708333
1 0.271875 0.939583 0.175 0.120833
1 0.789844 0.0291667 0.170312 0.0541667
1 0.892187 0.692708 0.153125 0.235417
1 0.667969 0.141667 0.201562 0.2375
1 0.101562 0.6125 0.1625 0.233333
1 0.06875 0.115625 0.1375 0.202083
2 0.383594 0.445833 0.0546875 0.0791667
1 0.025 0.586458 0.05 0.210417
1 0.648438 0.836458 0.184375 0.247917
1 0.173438 0.51875 0.178125 0.208333
1 0.10625 0.932292 0.159375 0.135417
1 0.442187 0.065625 0.178125 0.127083
1 0.246094 0.71875 0.167187 0.283333
1 0.263281 0.341667 0.160938 0.204167
1 0.108594 0.764583 0.148438 0.195833
1 0.789844 0.257292 0.145313 0.247917
1 0.714063 0.44375 0.18125 0.216667
0 0.43125 0.697917 0.253125 0.3625
1 0.589063 0.29375 0.184375 0.258333
