1 0.0859375 0.03125 0.153125 0.0625
1 0.034375 0.59375 0.06875 0.270833
1 0.461719 0.54375 0.167187 0.2125
1 0.750781 0.391667 0.148438 0.220833
1 0.35625 0.70625 0.16875 0.170833
1 0.246094 0.195833 0.148438 0.195833
1 0.665625 0.379167 0.15 0.183333
1 0.149219 0.532292 0.176563 0.252083
1 0.409375 0.897917 0.1875 0.204167
1 0.565625 0.809375 0.18125 0.260417
1 0.310937 0.463542 0.1375 0.189583
1 0.917188 0.227083 0.165625 0.2
0 0.439063 0.125 0.31875 0.241667
1 0.155469 0.903125 0.182812 0.19375
1 0.127344 0.248958 0.164062 0.210417
