1 0.98125 0.315625 0.0375 0.352083
1 0.284375 0.205208 0.146875 0.20625
1 0.9125 0.111458 0.16875 0.222917
1 0.221875 0.510417 0.175 0.245833
1 0.201562 0.123958 0.165625 0.19375
1 0.35625 0.115625 0.146875 0.20625
1 0.695312 0.645833 0.184375 0.208333
1 0.767187 0.970833 0.165625 0.0583333
1 0.13125 0.040625 0.190625 0.0770833
1 0.539062 0.653125 0.15625 0.235417
1 0.794531 0.220833 0.129688 0.2375
1 0.154687 0.420833 0.16875 0.208333
1 0.0257812 0.591667 0.0484375 0.225
1 0.492188 0.794792 0.165625 0.185417
1 0.711719 0.589583 0.176563 0.241667
1 0.603906 0.954167 0.160938 0.0916667
1 0.0929687 0.272917 0.167187 0.2
1 0.0367187 0.208333 0.0734375 0.225
1 0.44375 0.938542 0.1625 0.11875
1 0.685156 0.205208 0.154687 0.24375
1 0.346875 0.68125 0.159375 0.191667
1 0.909375 0.8875 0.18125 0.225
1 0.0945313 0.691667 0.154687 0.191667
1 0.138281 0.875 0.145313 0.2
1 0.914062 0.529167 0.171875 0.204167
0 0.439844 0.396875 0.332812 0.447917
