1 0.642187 0.0197917 0.165625 0.0395833
1 0.0867188 0.978125 0.173438 0.04375
1 0.217969 0.935417 0.139062 0.129167
1 0.130469 0.309375 0.129688 0.202083
1 0.876562 0.823958 0.178125 0.185417
1 0.628906 0.971875 0.139062 0.05625
1 0.0414063 0.820833 0.0828125 0.25
1 0.260156 0.0541667 0.170312 0.108333
1 0.896875 0.951042 0.19375 0.09375
1 0.610937 0.480208 0.134375 0.239583
1 0.964063 0.352083 0.071875 0.241667
1 0.04375 0.529167 0.0875 0.191667
1 0.876562 0.385417 0.140625 0.2125
1 0.732813 0.416667 0.15 0.241667
1 0.267188 0.220833 0.165625 0.2125
1 0.934375 0.611458 0.13125 0.247917
1 0.753906 0.639583 0.148438 0.204167
1 0.919531 0.1125 0.160938 0.220833
1 0.059375 0.310417 0.11875 0.220833
1 0.417969 0.0958333 0.167187 0.1875
1 0.525 0.877083 0.16875 0.2375
0 0.188281 0.680208 0.304688 0.43125
1 0.685938 0.847917 0.153125 0.195833
1 0.548437 0.239583 0.171875 0.204167
1 0.551562 0.65 0.16875 0.191667
1 0.703125 0.1625 0.16875 0.2375
