1 0.0661058 0.536058 0.132212 0.201923
1 0.604567 0.759615 0.15625 0.1875
1 0.114183 0.58774 0.137019 0.209135
1 0.367788 0.709135 0.240385 0.302885
1 0.296875 0.944712 0.204327 0.110577
1 0.132212 0.945913 0.192308 0.108173
1 0.91226 0.664663 0.165865 0.170673
1 0.274038 0.0552885 0.182692 0.110577
1 0.469952 0.123798 0.151442 0.213942
1 0.248798 0.719952 0.213942 0.276442
1 0.0588942 0.370192 0.117788 0.1875
1 0.551683 0.298077 0.170673 0.1875
1 0.0540865 0.824519 0.108173 0.25
1 0.950721 0.457933 0.0985577 0.257212
1 0.899038 0.811298 0.182692 0.213942
1 0.0396635 0.116587 0.0793269 0.233173
1 0.563702 0.682692 0.185096 0.245192
1 0.390625 0.151442 0.15625 0.211538
1 0.377404 0.463942 0.173077 0.206731
1 0.935096 0.0889423 0.129808 0.177885
0 0.769231 0.293269 0.221154 0.288462
1 0.186298 0.259615 0.180288 0.274038
1 0.640625 0.102163 0.189904 0.204327
