1 0.80625 0.803125 0.16875 0.227083
1 0.642969 0.034375 0.185937 0.06875
1 0.924219 0.0916667 0.151562 0.183333
1 0.678906 0.952083 0.173438 0.0958333
2 0.53125 0.266667 0.05 0.0791667
1 0.328125 0.570833 0.16875 0.25
2 0.585938 0.282292 0.059375 0.0770833
1 0.8375 0.0697917 0.2375 0.139583
2 0.632031 0.227083 0.0640625 0.0708333
1 0.223438 0.940625 0.1625 0.11875
2 0.0492188 0.257292 0.0671875 0.08125
1 0.874219 0.941667 0.195312 0.116667
1 0.432031 0.710417 0.154687 0.166667
1 0.9625 0.719792 0.075 0.26875
1 0.392188 0.898958 0.190625 0.202083
1 0.530469 0.708333 0.139062 0.191667
1 0.657031 0.680208 0.173438 0.235417
1 0.513281 0.851042 0.139062 0.189583
1 0.135937 0.441667 0.1625 0.158333
1 0.117969 0.9125 0.151562 0.175
1 0.679688 0.407292 0.1625 0.20625
0 0.0789063 0.604167 0.154687 0.270833
1 0.85 0.577083 0.1875 0.25
1 0.451562 0.157292 0.184375 0.222917
