1 0.200781 0.0354167 0.214062 0.0708333
2 0.765625 0.953125 0.04375 0.0729167
1 0.975 0.678125 0.05 0.239583
1 0.759375 0.4125 0.15 0.2
1 0.589844 0.190625 0.148438 0.239583
1 0.83125 0.980208 0.1625 0.0395833
1 0.8125 0.351042 0.159375 0.210417
1 0.575781 0.0322917 0.167187 0.0645833
1 0.0328125 0.495833 0.065625 0.191667
1 0.204688 0.811458 0.171875 0.24375
1 0.0953125 0.970833 0.140625 0.0583333
1 0.871875 0.761458 0.14375 0.185417
1 0.483594 0.946875 0.173438 0.10625
1 0.85625 0.653125 0.165625 0.222917
1 0.310937 0.948958 0.159375 0.102083
1 0.0796875 0.0729167 0.15 0.145833
1 0.342969 0.44375 0.123438 0.295833
1 0.671094 0.189583 0.182812 0.254167
1 0.9625 0.904167 0.075 0.191667
1 0.940625 0.525 0.11875 0.220833
1 0.385156 0.059375 0.160938 0.11875
1 0.0796875 0.284375 0.159375 0.210417
1 0.107813 0.813542 0.18125 0.252083
1 0.913281 0.167708 0.173438 0.222917
1 0.16875 0.58125 0.16875 0.204167
1 0.207813 0.404167 0.146875 0.2
1 0.292188 0.194792 0.18125 0.197917
1 0.486719 0.536458 0.164062 0.222917
1 0.617969 0.413542 0.176563 0.210417
1 0.410937 0.770833 0.171875 0.229167
0 0.639844 0.7625 0.326562 0.425
