1 0.1875 0.952083 0.1625 0.0875
1 0.984375 0.841667 0.03125 0.245833
1 0.290625 0.804167 0.159375 0.191667
2 0.84375 0.301042 0.0625 0.0854167
1 0.58125 0.846875 0.15625 0.214583
1 0.514844 0.611458 0.170312 0.252083
1 0.66875 0.977083 0.175 0.0458333
1 0.357031 0.977083 0.182812 0.0458333
1 0.717969 0.495833 0.179688 0.258333
1 0.364062 0.839583 0.14375 0.204167
1 0.114844 0.547917 0.173438 0.245833
1 0.0445312 0.286458 0.0890625 0.26875
1 0.340625 0.0708333 0.14375 0.141667
1 0.967188 0.120833 0.065625 0.208333
1 0.021875 0.55 0.04375 0.233333
1 0.614062 0.0666667 0.203125 0.133333
1 0.0320312 0.828125 0.0640625 0.25625
1 0.80625 0.0802083 0.1875 0.160417
1 0.95625 0.31875 0.0875 0.266667
1 0.19375 0.739583 0.14375 0.195833
1 0.621094 0.627083 0.135937 0.2125
1 0.628906 0.85 0.157813 0.220833
1 0.940625 0.68125 0.11875 0.216667
1 0.195312 0.878125 0.1625 0.210417
1 0.280469 0.529167 0.160938 0.225
1 0.142969 0.413542 0.151562 0.19375
1 0.0421875 0.125 0.084375 0.204167
1 0.207813 0.175 0.184375 0.25
1 0.874219 0.830208 0.182812 0.24375
1 0.882031 0.49375 0.182812 0.220833
0 0.442187 0.330208 0.321875 0.427083
