1 0.0414063 0.604167 0.0796875 0.158333
1 0.716406 0.322917 0.195312 0.225
1 0.683594 0.621875 0.173438 0.202083
1 0.9375 0.7625 0.125 0.233333
1 0.80625 0.717708 0.175 0.214583
1 0.944531 0.179167 0.110937 0.2
1 0.304688 0.115625 0.171875 0.202083
1 0.955469 0.520833 0.0890625 0.216667
1 0.830469 0.919792 0.157813 0.160417
1 0.264844 0.616667 0.160938 0.204167
1 0.225 0.383333 0.16875 0.216667
1 0.885938 0.316667 0.178125 0.204167
1 0.410156 0.684375 0.154687 0.210417
1 0.458594 0.433333 0.154687 0.216667
0 0.191406 0.853125 0.307813 0.29375
