1 0.307692 0.508413 0.139423 0.213942
1 0.264423 0.50601 0.149038 0.185096
1 0.847356 0.539663 0.175481 0.185096
1 0.185096 0.93149 0.1875 0.137019
1 0.973558 0.608173 0.0528846 0.211538
1 0.457933 0.894231 0.189904 0.1875
1 0.885817 0.55649 0.180288 0.21875
1 0.728365 0.890625 0.221154 0.209135
1 0.115385 0.939904 0.177885 0.120192
1 0.0444712 0.780048 0.0889423 0.185096
1 0.151442 0.0384615 0.221154 0.0769231
1 0.233173 0.5 0.153846 0.192308
1 0.259615 0.680288 0.1875 0.182692
2 0.430288 0.195913 0.0528846 0.0697115
1 0.0252404 0.241587 0.0504808 0.189904
1 0.221154 0.925481 0.139423 0.149038
1 0.109375 0.209135 0.161058 0.182692
1 0.63101 0.929087 0.189904 0.141827
2 0.977163 0.882212 0.0456731 0.100962
1 0.739183 0.441106 0.137019 0.165865
1 0.961538 0.603365 0.0769231 0.221154
2 0.655048 0.185096 0.0649038 0.0769231
1 0.786058 0.883413 0.197115 0.21875
1 0.429087 0.88101 0.141827 0.161058
1 0.109375 0.426683 0.170673 0.21875
1 0.664663 0.0745192 0.204327 0.149038
1 0.0745192 0.652644 0.144231 0.170673
1 0.947115 0.316106 0.105769 0.185096
1 0.283654 0.247596 0.173077 0.182692
1 0.852163 0.0865385 0.170673 0.168269
1 0.8125 0.276442 0.168269 0.225962
1 0.1875 0.189904 0.163462 0.1875
0 0.473558 0.675481 0.216346 0.274038
1 0.451923 0.0889423 0.173077 0.173077
1 0.463942 0.40625 0.216346 0.211538
