1 0.489844 0.311458 0.139062 0.210417
1 0.925781 0.465625 0.139062 0.247917
1 0.948438 0.046875 0.103125 0.0895833
2 0.902344 0.739583 0.0484375 0.0708333
1 0.740625 0.261458 0.178125 0.202083
1 0.028125 0.80625 0.05625 0.229167
1 0.409375 0.2125 0.15625 0.1875
1 0.780469 0.4875 0.164062 0.266667
1 0.03125 0.596875 0.0625 0.21875
1 0.734375 0.071875 0.196875 0.14375
1 0.0476562 0.109375 0.0953125 0.20625
1 0.907812 0.6 0.165625 0.1875
1 0.0398437 0.236458 0.0796875 0.21875
1 0.436719 0.894792 0.201562 0.210417
1 0.539062 0.0885417 0.16875 0.177083
1 0.90625 0.927083 0.175 0.145833
1 0.3875 0.408333 0.159375 0.225
1 0.284375 0.913542 0.153125 0.172917
1 0.611719 0.366667 0.195312 0.2
1 0.304688 0.685417 0.159375 0.204167
1 0.146875 0.63125 0.165625 0.229167
1 0.164844 0.252083 0.160938 0.216667
0 0.56875 0.632292 0.33125 0.44375
1 0.791406 0.775 0.179688 0.2375
