1 0.794531 0.363542 0.145313 0.239583
1 0.721094 0.440625 0.126563 0.164583
1 0.948438 0.735417 0.103125 0.170833
1 0.954687 0.494792 0.090625 0.277083
1 0.155469 0.177083 0.170312 0.2125
1 0.253906 0.109375 0.151562 0.214583
1 0.378906 0.807292 0.160938 0.20625
1 0.0203125 0.795833 0.040625 0.208333
2 0.159375 0.359375 0.05 0.0729167
1 0.88125 0.040625 0.15 0.0770833
1 0.692969 0.701042 0.157813 0.239583
1 0.0945313 0.928125 0.167187 0.14375
1 0.964063 0.2 0.071875 0.291667
1 0.2625 0.747917 0.16875 0.179167
1 0.06875 0.247917 0.1375 0.254167
1 0.235156 0.8875 0.185937 0.2
1 0.478125 0.264583 0.15625 0.2125
1 0.475781 0.941667 0.120312 0.116667
1 0.964063 0.74375 0.071875 0.175
1 0.589844 0.270833 0.201562 0.233333
1 0.826563 0.597917 0.171875 0.220833
1 0.424219 0.133333 0.151562 0.229167
1 0.645312 0.491667 0.15 0.183333
1 0.110937 0.727083 0.146875 0.241667
0 0.3125 0.46875 0.33125 0.466667
