1 0.0140625 0.38125 0.028125 0.220833
2 0.214062 0.090625 0.078125 0.0770833
2 0.7 0.545833 0.090625 0.133333
1 0.189063 0.0270833 0.178125 0.0541667
1 0.388281 0.413542 0.151562 0.18125
1 0.01875 0.13125 0.034375 0.245833
1 0.01875 0.854167 0.0375 0.254167
1 0.0804688 0.96875 0.142188 0.0625
1 0.950781 0.139583 0.0984375 0.225
1 0.507812 0.675 0.178125 0.241667
1 0.422656 0.966667 0.160938 0.0666667
1 0.633594 0.708333 0.173438 0.191667
1 0.34375 0.332292 0.175 0.210417
1 0.874219 0.3125 0.164062 0.225
1 0.710156 0.38125 0.173438 0.220833
1 0.333594 0.630208 0.195312 0.272917
1 0.796875 0.344792 0.14375 0.189583
1 0.964063 0.416667 0.071875 0.216667
1 0.907812 0.553125 0.175 0.19375
1 0.0984375 0.166667 0.159375 0.225
1 0.264062 0.772917 0.15 0.216667
1 0.13125 0.841667 0.184375 0.216667
1 0.361719 0.111458 0.185937 0.21875
1 0.725 0.084375 0.20625 0.16875
1 0.461719 0.823958 0.157813 0.20625
1 0.614062 0.227083 0.196875 0.229167
1 0.134375 0.448958 0.178125 0.202083
0 0.865625 0.79375 0.26875 0.4125
