1 0.617788 0.883413 0.211538 0.21875
1 0.317308 0.0384615 0.269231 0.0769231
2 0.427885 0.925481 0.0576923 0.0625
1 0.0528846 0.407452 0.105769 0.247596
1 0.55649 0.679087 0.189904 0.247596
1 0.655048 0.908654 0.165865 0.182692
1 0.0853365 0.772837 0.137019 0.165865
1 0.961538 0.159856 0.0769231 0.180288
1 0.0552885 0.0492788 0.110577 0.0985577
1 0.518029 0.0396635 0.161058 0.0793269
1 0.942308 0.078125 0.110577 0.15625
1 0.941106 0.519231 0.117788 0.225962
1 0.965144 0.890625 0.0697115 0.199519
1 0.31851 0.346154 0.262019 0.240385
1 0.34375 0.152644 0.173077 0.165865
1 0.658654 0.44351 0.197115 0.262019
1 0.838942 0.453125 0.149038 0.170673
1 0.0829327 0.253606 0.141827 0.237981
1 0.219952 0.847356 0.161058 0.165865
1 0.490385 0.418269 0.163462 0.206731
1 0.913462 0.706731 0.173077 0.240385
0 0.233173 0.579327 0.254808 0.326923
