1 0.939062 0.198958 0.121875 0.247917
1 0.140625 0.953125 0.16875 0.0895833
1 0.150781 0.0614583 0.189063 0.122917
1 0.40625 0.952083 0.16875 0.0958333
1 0.0640625 0.29375 0.125 0.2
1 0.801562 0.0583333 0.175 0.116667
1 0.684375 0.396875 0.153125 0.189583
1 0.354688 0.257292 0.159375 0.21875
1 0.0695312 0.569792 0.139062 0.235417
1 0.947656 0.633333 0.104687 0.191667
1 0.5625 0.876042 0.175 0.24375
1 0.509375 0.457292 0.20625 0.210417
1 0.542188 0.144792 0.190625 0.239583
1 0.788281 0.21875 0.195312 0.225
1 0.810938 0.620833 0.146875 0.191667
0 0.804688 0.8375 0.365625 0.325
1 0.419531 0.672917 0.204688 0.266667
1 0.676562 0.702083 0.153125 0.195833
1 0.182812 0.211458 0.184375 0.247917
