1 0.603125 0.598958 0.175 0.239583
1 0.945312 0.0822917 0.109375 0.164583
1 0.813281 0.046875 0.167187 0.09375
1 0.282813 0.579167 0.165625 0.208333
1 0.66875 0.716667 0.159375 0.191667
1 0.490625 0.464583 0.15625 0.1875
1 0.945312 0.915625 0.109375 0.16875
1 0.144531 0.0833333 0.179688 0.166667
1 0.636719 0.08125 0.182812 0.1625
1 0.174219 0.35 0.148438 0.225
1 0.351562 0.371875 0.2 0.189583
1 0.065625 0.339583 0.13125 0.2125
1 0.815625 0.226042 0.2 0.222917
1 0.739062 0.497917 0.15625 0.258333
1 0.466406 0.246875 0.160938 0.210417
1 0.184375 0.878125 0.184375 0.227083
1 0.121094 0.5625 0.160938 0.208333
0 0.432813 0.796875 0.346875 0.40625
