1 0.034375 0.902083 0.06875 0.1875
1 0.739062 0.046875 0.190625 0.0895833
1 0.191406 0.322917 0.154687 0.204167
1 0.564844 0.0510417 0.157813 0.102083
1 0.23125 0.220833 0.1625 0.195833
1 0.81875 0.141667 0.1875 0.229167
1 0.333594 0.075 0.176563 0.15
1 0.596875 0.404167 0.16875 0.233333
1 0.644531 0.902083 0.189063 0.195833
1 0.44375 0.547917 0.1625 0.179167
1 0.35 0.384375 0.165625 0.189583
1 0.613281 0.671875 0.176563 0.26875
0 0.300781 0.796875 0.354688 0.40625
1 0.794531 0.610417 0.185937 0.2125
1 0.460938 0.25 0.178125 0.183333
1 0.0898438 0.707292 0.135937 0.247917
1 0.728906 0.38125 0.157813 0.216667
