1 0.842188 0.922917 0.178125 0.154167
1 0.0265625 0.726042 0.053125 0.222917
1 0.935938 0.3875 0.121875 0.216667
1 0.665625 0.877083 0.134375 0.2125
1 0.5375 0.980208 0.19375 0.0395833
1 0.982031 0.54375 0.0359375 0.195833
2 0.434375 0.796875 0.053125 0.08125
1 0.942187 0.65 0.115625 0.2625
2 0.764063 0.573958 0.06875 0.0979167
1 0.539844 0.316667 0.139062 0.266667
1 0.960938 0.932292 0.078125 0.135417
1 0.700781 0.429167 0.129688 0.2
1 0.415625 0.0385417 0.1625 0.0729167
1 0.946094 0.261458 0.107813 0.24375
1 0.670313 0.169792 0.178125 0.252083
1 0.742188 0.798958 0.16875 0.202083
1 0.959375 0.090625 0.08125 0.16875
1 0.0671875 0.75 0.134375 0.241667
1 0.0703125 0.910417 0.140625 0.179167
1 0.828125 0.3875 0.1625 0.2375
0 0.339063 0.319792 0.275 0.28125
1 0.08125 0.427083 0.15 0.204167
1 0.464844 0.547917 0.173438 0.2625
