0 0.653125 0.646875 0.16875 0.239583
1 0.638281 0.673958 0.279687 0.372917
0 0.528125 0.722917 0.396875 0.520833
0 0.580469 0.644792 0.295312 0.660417
0 0.648438 0.66875 0.265625 0.266667
1 0.5625 0.976042 0.13125 0.0479167
0 0.430469 0.385417 0.532812 0.770833
1 0.634375 0.084375 0.15625 0.16875
1 0.973437 0.15625 0.053125 0.225
1 0.0195312 0.644792 0.0359375 0.214583
1 0.957812 0.861458 0.084375 0.260417
1 0.650781 0.646875 0.189063 0.272917
1 0.382031 0.932292 0.139062 0.135417
1 0.222656 0.940625 0.126563 0.11875
1 0.653125 0.340625 0.14375 0.26875
1 0.0453125 0.272917 0.090625 0.245833
1 0.107031 0.0708333 0.173438 0.141667
1 0.357812 0.541667 0.19375 0.229167
1 0.0648438 0.9 0.129688 0.2
1 0.949219 0.589583 0.101562 0.208333
1 0.784375 0.101042 0.1625 0.202083
1 0.217187 0.739583 0.2125 0.229167
1 0.884375 0.340625 0.15625 0.20625
1 0.107031 0.521875 0.167187 0.247917
