1 0.705469 0.939583 0.139062 0.116667
1 0.452344 0.288542 0.170312 0.21875
1 0.935938 0.330208 0.128125 0.160417
1 0.0476562 0.394792 0.0953125 0.235417
1 0.266406 0.078125 0.164062 0.15625
1 0.0960938 0.677083 0.170312 0.204167
1 0.571094 0.333333 0.151562 0.183333
1 0.0867188 0.873958 0.145313 0.19375
1 0.634375 0.438542 0.196875 0.222917
1 0.407031 0.116667 0.160938 0.229167
1 0.526563 0.70625 0.115625 0.229167
1 0.408594 0.81875 0.176563 0.220833
1 0.0664062 0.139583 0.132812 0.220833
0 0.28125 0.551042 0.3375 0.414583
1 0.80625 0.5125 0.20625 0.225
