1 0.740625 0.266667 0.175 0.216667
1 0.0289063 0.810417 0.0578125 0.25
1 0.777344 0.491667 0.160938 0.258333
1 0.0296875 0.597917 0.059375 0.229167
1 0.957812 0.0520833 0.084375 0.104167
1 0.408594 0.209375 0.148438 0.177083
1 0.435156 0.892708 0.189063 0.214583
1 0.740625 0.0729167 0.2125 0.145833
1 0.0421875 0.238542 0.08125 0.214583
1 0.0476562 0.103125 0.0953125 0.197917
1 0.907812 0.594792 0.171875 0.197917
1 0.610156 0.363542 0.192188 0.210417
1 0.907031 0.926042 0.173438 0.147917
1 0.539062 0.0854167 0.1625 0.170833
1 0.284375 0.9125 0.15 0.175
1 0.389062 0.407292 0.15625 0.222917
1 0.166406 0.252083 0.167187 0.229167
1 0.145313 0.630208 0.165625 0.239583
1 0.304688 0.68125 0.15625 0.204167
1 0.789844 0.775 0.176563 0.241667
0 0.56875 0.639583 0.33125 0.445833
