1 0.320312 0.522917 0.171875 0.2125
1 0.629687 0.428125 0.153125 0.214583
1 0.109375 0.875 0.165625 0.241667
1 0.178906 0.342708 0.185937 0.28125
1 0.476562 0.470833 0.153125 0.25
1 0.733594 0.615625 0.154687 0.210417
1 0.146875 0.590625 0.153125 0.210417
1 0.622656 0.919792 0.204688 0.160417
1 0.0578125 0.55 0.115625 0.191667
1 0.863281 0.927083 0.154687 0.145833
1 0.922656 0.515625 0.154687 0.164583
1 0.358594 0.305208 0.139062 0.20625
1 0.877344 0.338542 0.151562 0.177083
1 0.945312 0.720833 0.109375 0.2125
0 0.678906 0.172917 0.367188 0.345833
