1 0.04375 0.966667 0.0875 0.0666667
1 0.0421875 0.0260417 0.084375 0.0520833
1 0.117188 0.967708 0.1625 0.0645833
1 0.186719 0.289583 0.157813 0.220833
2 0.0164062 0.7875 0.0328125 0.075
2 0.58125 0.879167 0.071875 0.116667
2 0.967188 0.323958 0.065625 0.10625
1 0.240625 0.96875 0.128125 0.0625
1 0.959375 0.634375 0.08125 0.23125
1 0.800781 0.0458333 0.173438 0.0916667
1 0.25625 0.197917 0.1625 0.1875
1 0.361719 0.0604167 0.204688 0.120833
1 0.550781 0.0916667 0.157813 0.183333
1 0.696094 0.163542 0.160938 0.15625
1 0.964063 0.925 0.071875 0.15
1 0.1 0.815625 0.184375 0.23125
1 0.0851562 0.4625 0.167187 0.2125
1 0.964063 0.104167 0.071875 0.2
1 0.279687 0.76875 0.15625 0.220833
1 0.0765625 0.266667 0.153125 0.204167
1 0.453125 0.925 0.16875 0.15
1 0.18125 0.0875 0.146875 0.175
1 0.689062 0.708333 0.14375 0.166667
1 0.853125 0.182292 0.15 0.25625
1 0.457031 0.358333 0.157813 0.25
1 0.3375 0.398958 0.175 0.227083
1 0.10625 0.628125 0.18125 0.202083
1 0.725 0.890625 0.1875 0.202083
1 0.882812 0.616667 0.184375 0.208333
1 0.505469 0.726042 0.157813 0.264583
0 0.666406 0.430208 0.326562 0.414583
