1 0.139423 0.49399 0.201923 0.223558
2 0.481971 0.728365 0.0552885 0.0721154
1 0.03125 0.183894 0.0625 0.276442
1 0.88101 0.432692 0.189904 0.206731
1 0.717548 0.332933 0.213942 0.199519
1 0.354567 0.455529 0.175481 0.242788
1 0.652644 0.105769 0.180288 0.211538
1 0.0913462 0.0649038 0.182692 0.125
1 0.265625 0.706731 0.165865 0.259615
1 0.69351 0.502404 0.180288 0.278846
1 0.472356 0.947115 0.180288 0.105769
1 0.513221 0.304087 0.175481 0.223558
1 0.858173 0.94351 0.197115 0.112981
1 0.103365 0.835337 0.182692 0.233173
1 0.935096 0.228365 0.125 0.245192
0 0.629808 0.829327 0.298077 0.336538
