1 0.933594 0.963542 0.132812 0.0729167
1 0.35625 0.0479167 0.18125 0.0958333
1 0.950781 0.14375 0.0984375 0.270833
1 0.288281 0.951042 0.173438 0.0979167
1 0.0617188 0.878125 0.123438 0.202083
1 0.351562 0.50625 0.190625 0.204167
1 0.0734375 0.647917 0.146875 0.254167
0 0.539844 0.752083 0.432813 0.495833
1 0.801562 0.716667 0.165625 0.233333
1 0.05625 0.226042 0.109375 0.227083
1 0.93125 0.789583 0.1375 0.2125
1 0.251563 0.747917 0.16875 0.254167
1 0.78125 0.303125 0.18125 0.264583
1 0.65 0.107292 0.1625 0.210417
1 0.614062 0.380208 0.165625 0.210417
1 0.432813 0.308333 0.16875 0.254167
