2 0.0216346 0.545673 0.0432692 0.0817308
1 0.0913462 0.632212 0.182692 0.240385
1 0.272837 0.914663 0.127404 0.146635
1 0.460337 0.436298 0.242788 0.237981
1 0.53125 0.932692 0.211538 0.134615
1 0.0384615 0.0576923 0.0769231 0.115385
1 0.746394 0.947115 0.151442 0.100962
1 0.893029 0.125 0.161058 0.201923
1 0.204327 0.217548 0.206731 0.266827
1 0.215144 0.0444712 0.146635 0.0889423
1 0.611779 0.09375 0.165865 0.1875
1 0.77524 0.465144 0.204327 0.21875
1 0.751202 0.237981 0.180288 0.211538
1 0.961538 0.217548 0.0769231 0.204327
1 0.847356 0.725962 0.194712 0.245192
1 0.137019 0.415865 0.168269 0.245192
1 0.944712 0.498798 0.110577 0.228365
1 0.540865 0.206731 0.173077 0.225962
1 0.301683 0.510817 0.15625 0.180288
0 0.538462 0.707933 0.245192 0.358173
1 0.0877404 0.884615 0.165865 0.211538
