1 0.332031 0.13125 0.173438 0.233333
1 0.985937 0.155208 0.028125 0.239583
1 0.0476562 0.05 0.0953125 0.1
1 0.867188 0.455208 0.178125 0.33125
1 0.948438 0.0291667 0.103125 0.0583333
1 0.225 0.0375 0.1875 0.075
1 0.435937 0.0385417 0.19375 0.0770833
1 0.382812 0.969792 0.171875 0.0604167
1 0.555469 0.954167 0.164062 0.0916667
1 0.0367187 0.213542 0.0734375 0.264583
1 0.130469 0.885417 0.189063 0.220833
1 0.625 0.109375 0.14375 0.18125
1 0.939844 0.821875 0.117188 0.277083
1 0.404687 0.605208 0.159375 0.172917
1 0.6 0.559375 0.140625 0.214583
1 0.819531 0.0729167 0.160938 0.145833
1 0.785937 0.65 0.203125 0.2375
1 0.727344 0.261458 0.207813 0.210417
0 0.452344 0.31875 0.326562 0.4375
1 0.357031 0.825 0.189063 0.233333
1 0.075 0.655208 0.146875 0.24375
1 0.8 0.882292 0.175 0.222917
1 0.536719 0.752083 0.198437 0.204167
1 0.20625 0.345833 0.171875 0.25
