1 0.198437 0.455208 0.171875 0.314583
1 0.488281 0.0260417 0.214062 0.0520833
1 0.513281 0.928125 0.204688 0.139583
1 0.021875 0.591667 0.04375 0.25
1 0.0664062 0.971875 0.132812 0.05625
1 0.46875 0.948958 0.184375 0.102083
1 0.847656 0.455208 0.167187 0.260417
1 0.559375 0.726042 0.18125 0.252083
1 0.963281 0.935417 0.0734375 0.129167
1 0.707031 0.95625 0.198437 0.0875
1 0.96875 0.744792 0.0625 0.26875
1 0.0695312 0.795833 0.135937 0.275
1 0.849219 0.059375 0.182812 0.11875
1 0.959375 0.523958 0.08125 0.21875
1 0.0625 0.35 0.125 0.3
1 0.647656 0.525 0.160938 0.208333
1 0.272656 0.701042 0.154687 0.222917
1 0.666406 0.113542 0.179688 0.227083
1 0.698438 0.317708 0.190625 0.227083
1 0.140625 0.126042 0.140625 0.247917
1 0.185937 0.904167 0.165625 0.191667
0 0.352344 0.246875 0.357812 0.472917
1 0.422656 0.78125 0.167187 0.220833
1 0.826563 0.855208 0.178125 0.222917
1 0.432813 0.560417 0.196875 0.204167
