1 0.4375 0.633333 0.15 0.225
1 0.744531 0.355208 0.179688 0.21875
1 0.959375 0.0708333 0.08125 0.141667
1 0.9625 0.504167 0.075 0.225
1 0.564062 0.196875 0.140625 0.202083
1 0.6375 0.409375 0.15 0.227083
1 0.1875 0.733333 0.165625 0.208333
1 0.129688 0.191667 0.159375 0.266667
1 0.182812 0.420833 0.153125 0.195833
1 0.277344 0.1375 0.126563 0.191667
1 0.416406 0.444792 0.189063 0.214583
1 0.65 0.059375 0.159375 0.11875
1 0.190625 0.875 0.175 0.2
1 0.792969 0.117708 0.151562 0.227083
1 0.0554687 0.425 0.104687 0.233333
1 0.904688 0.307292 0.1875 0.247917
1 0.347656 0.79375 0.164062 0.279167
0 0.540625 0.860417 0.33125 0.279167
1 0.923437 0.857292 0.153125 0.214583
1 0.775781 0.573958 0.164062 0.235417
1 0.758594 0.807292 0.170312 0.19375
