1 0.855769 0.860577 0.182692 0.211538
2 0.0288462 0.746394 0.0528846 0.0985577
2 0.332933 0.233173 0.0745192 0.100962
1 0.0336538 0.344952 0.0673077 0.276442
1 0.951923 0.271635 0.0961538 0.211538
1 0.510817 0.332933 0.194712 0.247596
1 0.201923 0.397837 0.139423 0.194712
1 0.272837 0.9375 0.15625 0.120192
1 0.667067 0.0829327 0.175481 0.165865
1 0.533654 0.168269 0.177885 0.201923
1 0.27524 0.771635 0.15625 0.201923
1 0.542067 0.555288 0.194712 0.197115
1 0.847356 0.106971 0.185096 0.213942
1 0.763221 0.805288 0.15625 0.216346
1 0.942308 0.737981 0.110577 0.225962
1 0.237981 0.161058 0.173077 0.259615
1 0.0805288 0.890625 0.161058 0.209135
1 0.316106 0.53726 0.170673 0.223558
1 0.0829327 0.106971 0.161058 0.213942
1 0.109375 0.644231 0.185096 0.221154
0 0.508413 0.8125 0.358173 0.370192
1 0.739183 0.503606 0.175481 0.209135
