1 0.94351 0.985577 0.112981 0.0288462
1 0.292067 0.0625 0.199519 0.125
1 0.957933 0.0480769 0.0841346 0.0961538
1 0.241587 0.6875 0.204327 0.221154
1 0.977163 0.534856 0.0456731 0.247596
1 0.16226 0.941106 0.161058 0.112981
1 0.0336538 0.617788 0.0673077 0.336538
1 0.685096 0.894231 0.153846 0.173077
1 0.939904 0.205529 0.120192 0.247596
1 0.078125 0.953125 0.15625 0.09375
1 0.234375 0.192308 0.122596 0.206731
1 0.394231 0.870192 0.264423 0.259615
1 0.961538 0.213942 0.0721154 0.225962
1 0.956731 0.677885 0.0865385 0.211538
1 0.889423 0.847356 0.173077 0.204327
1 0.646635 0.710337 0.201923 0.242788
1 0.457933 0.0853365 0.180288 0.170673
1 0.623798 0.957933 0.132212 0.0841346
1 0.456731 0.602163 0.201923 0.209135
1 0.197115 0.418269 0.206731 0.259615
1 0.747596 0.503606 0.177885 0.21875
0 0.40625 0.31851 0.25 0.305288
