1 0.891827 0.0360577 0.168269 0.0721154
2 0.783654 0.47476 0.0721154 0.0889423
1 0.141827 0.304087 0.153846 0.223558
1 0.0552885 0.348558 0.110577 0.25
1 0.0396635 0.950721 0.0793269 0.0985577
1 0.573317 0.0324519 0.151442 0.0649038
1 0.895433 0.4375 0.180288 0.274038
1 0.100962 0.105769 0.168269 0.197115
1 0.81851 0.78726 0.165865 0.194712
1 0.257212 0.115385 0.158654 0.163462
1 0.853365 0.933894 0.182692 0.132212
1 0.673077 0.605769 0.173077 0.216346
1 0.270433 0.91226 0.204327 0.175481
1 0.332933 0.741587 0.170673 0.204327
1 0.0540865 0.830529 0.103365 0.228365
1 0.608173 0.94351 0.153846 0.108173
1 0.870192 0.213942 0.182692 0.201923
1 0.719952 0.1875 0.161058 0.201923
0 0.454327 0.457933 0.355769 0.435096
1 0.492788 0.138221 0.192308 0.209135
