1 0.435156 0.440625 0.139062 0.214583
1 0.814844 0.975 0.198437 0.05
1 0.01875 0.232292 0.0375 0.210417
1 0.264062 0.454167 0.15625 0.191667
1 0.228125 0.4625 0.1875 0.208333
1 0.978125 0.484375 0.04375 0.189583
1 0.971875 0.79375 0.05625 0.3375
1 0.559375 0.9375 0.20625 0.125
1 0.192188 0.0541667 0.140625 0.108333
1 0.711719 0.802083 0.160938 0.279167
1 0.03125 0.785417 0.0625 0.2
1 0.960938 0.1375 0.078125 0.195833
1 0.0601562 0.0708333 0.117188 0.141667
1 0.9625 0.338542 0.075 0.210417
1 0.0414063 0.469792 0.0828125 0.29375
1 0.5375 0.434375 0.165625 0.210417
1 0.0789063 0.689583 0.157813 0.229167
1 0.570312 0.0458333 0.209375 0.0916667
1 0.509375 0.779167 0.153125 0.191667
1 0.69375 0.545833 0.178125 0.216667
1 0.260938 0.669792 0.19375 0.21875
1 0.104687 0.26875 0.134375 0.275
1 0.588281 0.641667 0.189063 0.195833
1 0.3625 0.102083 0.203125 0.204167
1 0.386719 0.866667 0.160938 0.208333
1 0.878125 0.738542 0.15625 0.21875
1 0.857813 0.441667 0.184375 0.25
1 0.299219 0.277083 0.160938 0.179167
1 0.75625 0.148958 0.1625 0.189583
1 0.516406 0.213542 0.157813 0.210417
0 0.171094 0.889583 0.342187 0.2125
