1 0.242969 0.975 0.179688 0.05
1 0.845312 0.904167 0.153125 0.191667
1 0.417188 0.675 0.175 0.233333
1 0.954687 0.723958 0.090625 0.210417
1 0.882031 0.0635417 0.207813 0.127083
1 0.286719 0.521875 0.176563 0.19375
0 0.411719 0.134375 0.367188 0.26875
1 0.046875 0.902083 0.090625 0.195833
1 0.677344 0.936458 0.179688 0.127083
1 0.521094 0.889583 0.148438 0.2125
1 0.610937 0.63125 0.190625 0.216667
1 0.216406 0.822917 0.198437 0.2375
1 0.739062 0.776042 0.1625 0.19375
1 0.325781 0.313542 0.164062 0.210417
1 0.921875 0.544792 0.15 0.21875
1 0.0851562 0.0916667 0.167187 0.183333
1 0.91875 0.315625 0.1625 0.20625
1 0.13125 0.338542 0.178125 0.24375
1 0.0875 0.602083 0.175 0.2375
1 0.485938 0.416667 0.15 0.270833
