1 0.808594 0.05 0.189063 0.1
1 0.341406 0.9625 0.123438 0.075
1 0.960938 0.28125 0.078125 0.208333
1 0.0742188 0.896875 0.148438 0.20625
1 0.217187 0.888542 0.13125 0.197917
1 0.0789063 0.715625 0.151562 0.23125
1 0.732813 0.715625 0.159375 0.20625
1 0.453125 0.328125 0.2 0.239583
1 0.135156 0.191667 0.123438 0.179167
1 0.860937 0.8875 0.15625 0.208333
1 0.735937 0.922917 0.1625 0.154167
1 0.960938 0.13125 0.078125 0.229167
1 0.05 0.484375 0.1 0.202083
1 0.795313 0.239583 0.1375 0.220833
1 0.302344 0.16875 0.185937 0.191667
1 0.141406 0.55625 0.132812 0.183333
1 0.6875 0.4125 0.16875 0.295833
1 0.898438 0.666667 0.190625 0.233333
1 0.511719 0.165625 0.170312 0.19375
0 0.496875 0.8 0.365625 0.4
