1 0.0265625 0.805208 0.053125 0.197917
1 0.0515625 0.434375 0.1 0.222917
2 0.877344 0.0260417 0.0796875 0.0520833
1 0.0210938 0.152083 0.0421875 0.2375
1 0.432031 0.353125 0.151562 0.227083
1 0.0710938 0.951042 0.142188 0.0979167
1 0.426562 0.141667 0.153125 0.220833
1 0.296875 0.065625 0.153125 0.13125
1 0.541406 0.071875 0.173438 0.139583
1 0.278906 0.921875 0.135937 0.152083
1 0.5875 0.275 0.15 0.245833
1 0.814062 0.547917 0.121875 0.154167
1 0.929688 0.941667 0.140625 0.1125
1 0.603125 0.88125 0.15625 0.229167
1 0.430469 0.579167 0.157813 0.191667
1 0.732813 0.158333 0.140625 0.191667
1 0.647656 0.48125 0.167187 0.208333
1 0.114063 0.251042 0.159375 0.210417
1 0.678125 0.685417 0.175 0.2125
1 0.271875 0.244792 0.15 0.189583
1 0.889063 0.698958 0.175 0.20625
1 0.930469 0.2125 0.139062 0.266667
1 0.434375 0.847917 0.16875 0.220833
0 0.172656 0.657292 0.329688 0.485417
