1 0.857813 0.722917 0.159375 0.2125
1 0.75 0.065625 0.13125 0.13125
1 0.228906 0.959375 0.164062 0.08125
1 0.970312 0.76875 0.059375 0.204167
1 0.957812 0.119792 0.084375 0.18125
1 0.0851562 0.507292 0.167187 0.20625
1 0.840625 0.114583 0.146875 0.204167
1 0.683594 0.284375 0.220313 0.210417
1 0.965625 0.510417 0.06875 0.229167
1 0.274219 0.108333 0.148438 0.216667
1 0.734375 0.933333 0.15 0.133333
1 0.575781 0.933333 0.142188 0.129167
1 0.434375 0.105208 0.15625 0.202083
1 0.04375 0.833333 0.0875 0.2625
1 0.1625 0.834375 0.146875 0.210417
1 0.674219 0.491667 0.189063 0.183333
1 0.391406 0.342708 0.151562 0.20625
1 0.122656 0.120833 0.145313 0.208333
1 0.59375 0.08125 0.18125 0.1625
0 0.327344 0.684375 0.264062 0.34375
1 0.864062 0.432292 0.16875 0.239583
1 0.53125 0.760417 0.18125 0.241667
