1 0.716346 0.157452 0.206731 0.213942
1 0.614183 0.289663 0.233173 0.28125
2 0.93149 0.519231 0.0649038 0.0913462
1 0.9375 0.951923 0.120192 0.0961538
1 0.819712 0.929087 0.139423 0.141827
1 0.93149 0.252404 0.132212 0.230769
1 0.438702 0.903846 0.161058 0.192308
1 0.960337 0.659856 0.0793269 0.237981
1 0.810096 0.36899 0.144231 0.175481
1 0.286058 0.429087 0.149038 0.189904
1 0.703125 0.805288 0.161058 0.216346
1 0.129808 0.637019 0.163462 0.225962
1 0.122596 0.831731 0.168269 0.211538
1 0.236779 0.0697115 0.15625 0.139423
1 0.205529 0.251202 0.185096 0.185096
1 0.40625 0.342548 0.168269 0.228365
1 0.399038 0.0901442 0.182692 0.180288
1 0.0649038 0.240385 0.129808 0.201923
1 0.294471 0.808894 0.170673 0.194712
0 0.532452 0.638221 0.334135 0.372596
