1 0.202344 0.0666667 0.179688 0.133333
1 0.0179687 0.139583 0.0359375 0.229167
1 0.31875 0.429167 0.1625 0.216667
1 0.76875 0.813542 0.175 0.16875
1 0.952344 0.241667 0.0921875 0.2375
1 0.80625 0.936458 0.190625 0.127083
1 0.973437 0.8875 0.053125 0.225
1 0.0625 0.947917 0.125 0.104167
1 0.615625 0.0552083 0.1625 0.110417
1 0.233594 0.939583 0.201562 0.120833
1 0.792969 0.634375 0.173438 0.210417
1 0.317187 0.819792 0.18125 0.185417
1 0.939062 0.691667 0.11875 0.183333
1 0.866406 0.520833 0.179688 0.183333
1 0.853125 0.123958 0.18125 0.247917
1 0.592969 0.192708 0.173438 0.202083
1 0.839063 0.344792 0.184375 0.18125
1 0.354688 0.310417 0.184375 0.258333
1 0.467187 0.815625 0.1875 0.21875
1 0.649219 0.846875 0.167187 0.222917
1 0.127344 0.448958 0.160938 0.189583
1 0.240625 0.628125 0.165625 0.222917
1 0.133594 0.778125 0.167187 0.214583
1 0.114063 0.247917 0.184375 0.225
0 0.561719 0.494792 0.360938 0.435417
