1 0.544531 0.495833 0.154687 0.2375
1 0.3125 0.9625 0.18125 0.075
1 0.230469 0.3875 0.157813 0.25
1 0.040625 0.972917 0.08125 0.0541667
1 0.298438 0.971875 0.159375 0.05625
1 0.0617188 0.922917 0.123438 0.133333
1 0.340625 0.858333 0.1375 0.2
1 0.875 0.915625 0.2 0.16875
1 0.132812 0.078125 0.1625 0.15625
1 0.567187 0.359375 0.140625 0.210417
1 0.810938 0.0677083 0.209375 0.135417
1 0.0335938 0.186458 0.0671875 0.285417
1 0.39375 0.725 0.159375 0.216667
1 0.149219 0.928125 0.182812 0.135417
1 0.95625 0.3375 0.0875 0.2375
1 0.664844 0.226042 0.142188 0.210417
1 0.960938 0.84375 0.078125 0.241667
1 0.407031 0.509375 0.139062 0.202083
1 0.557031 0.04375 0.167187 0.0875
1 0.175781 0.258333 0.182812 0.2375
1 0.261719 0.0864583 0.157813 0.172917
1 0.0984375 0.504167 0.1625 0.258333
1 0.376563 0.292708 0.171875 0.21875
0 0.677344 0.748958 0.210938 0.26875
1 0.929688 0.596875 0.140625 0.21875
1 0.764844 0.389583 0.185937 0.25
