1 0.499219 0.145833 0.154687 0.208333
2 0.882812 0.885417 0.053125 0.0708333
1 0.824219 0.682292 0.176563 0.264583
1 0.520312 0.466667 0.203125 0.245833
1 0.907812 0.075 0.16875 0.15
1 0.0664062 0.813542 0.129688 0.264583
1 0.58125 0.702083 0.14375 0.220833
1 0.939844 0.48125 0.120312 0.3625
1 0.342969 0.0770833 0.189063 0.154167
1 0.0867188 0.0489583 0.173438 0.0979167
1 0.0453125 0.860417 0.0875 0.2625
1 0.844531 0.64375 0.179688 0.220833
1 0.807031 0.240625 0.160938 0.222917
1 0.721875 0.735417 0.15625 0.245833
1 0.0867188 0.778125 0.160938 0.20625
1 0.95625 0.903125 0.0875 0.19375
1 0.417188 0.75 0.165625 0.2
1 0.682813 0.359375 0.153125 0.18125
0 0.379687 0.305208 0.228125 0.272917
