1 0.0273438 0.51875 0.0515625 0.370833
1 0.953125 0.461458 0.09375 0.235417
1 0.43125 0.764583 0.1375 0.175
1 0.892187 0.107292 0.171875 0.172917
1 0.546094 0.951042 0.154687 0.0979167
2 0.344531 0.053125 0.0828125 0.102083
1 0.200781 0.252083 0.179688 0.225
1 0.025 0.158333 0.05 0.191667
1 0.617188 0.776042 0.209375 0.285417
1 0.195312 0.8875 0.171875 0.225
1 0.948438 0.0302083 0.096875 0.0604167
1 0.653906 0.29375 0.160938 0.220833
1 0.475781 0.947917 0.173438 0.104167
1 0.275781 0.804167 0.139062 0.220833
1 0.89375 0.1875 0.1875 0.245833
1 0.536719 0.078125 0.154687 0.15625
1 0.124219 0.380208 0.170312 0.210417
1 0.346875 0.694792 0.159375 0.247917
1 0.864062 0.489583 0.171875 0.279167
1 0.858594 0.732292 0.164062 0.214583
1 0.921094 0.888542 0.157813 0.210417
1 0.122656 0.725 0.185937 0.225
0 0.477344 0.401042 0.323438 0.41875
