1 0.232812 0.271875 0.1375 0.185417
1 0.923437 0.344792 0.153125 0.20625
1 0.171094 0.926042 0.173438 0.147917
1 0.410156 0.942708 0.173438 0.114583
1 0.695312 0.5375 0.1625 0.216667
1 0.661719 0.0541667 0.164062 0.108333
1 0.857031 0.0635417 0.154687 0.127083
1 0.391406 0.725 0.173438 0.2125
1 0.0734375 0.845833 0.146875 0.2375
1 0.946875 0.703125 0.103125 0.227083
1 0.05625 0.272917 0.1125 0.229167
1 0.379687 0.351042 0.175 0.25625
1 0.550781 0.8875 0.145313 0.2
1 0.5625 0.202083 0.184375 0.216667
1 0.673437 0.75 0.165625 0.225
1 0.830469 0.852083 0.160938 0.233333
0 0.160938 0.544792 0.31875 0.43125
