1 0.594531 0.533333 0.145313 0.216667
1 0.721875 0.053125 0.134375 0.10625
1 0.0328125 0.45625 0.065625 0.254167
1 0.5625 0.138542 0.203125 0.277083
1 0.96875 0.090625 0.0625 0.18125
1 0.934375 0.629167 0.13125 0.216667
1 0.0804688 0.816667 0.157813 0.283333
1 0.860937 0.217708 0.178125 0.264583
1 0.707812 0.559375 0.15625 0.172917
1 0.140625 0.111458 0.15625 0.21875
1 0.210938 0.603125 0.1625 0.26875
1 0.474219 0.502083 0.164062 0.233333
1 0.844531 0.594792 0.176563 0.18125
1 0.0828125 0.315625 0.15 0.21875
1 0.752344 0.933333 0.139062 0.133333
1 0.311719 0.264583 0.170312 0.216667
1 0.928125 0.38125 0.14375 0.233333
0 0.310937 0.853125 0.203125 0.285417
