1 0.892187 0.355208 0.153125 0.19375
2 0.0140625 0.686458 0.028125 0.0770833
1 0.0296875 0.2625 0.059375 0.191667
1 0.839063 0.926042 0.15625 0.147917
1 0.0632813 0.844792 0.126563 0.210417
1 0.964844 0.7375 0.0703125 0.241667
1 0.0804688 0.610417 0.139062 0.220833
1 0.421094 0.207292 0.160938 0.214583
1 0.03125 0.4125 0.0625 0.1875
1 0.228906 0.0802083 0.182812 0.160417
1 0.557813 0.0760417 0.15625 0.152083
1 0.410156 0.0875 0.114063 0.175
1 0.482812 0.317708 0.171875 0.189583
1 0.614844 0.852083 0.176563 0.204167
1 0.0789063 0.765625 0.157813 0.197917
1 0.702344 0.229167 0.160938 0.275
1 0.953906 0.114583 0.0921875 0.229167
1 0.660937 0.95 0.184375 0.1
1 0.242188 0.877083 0.165625 0.245833
1 0.877344 0.252083 0.157813 0.191667
1 0.779688 0.828125 0.159375 0.202083
1 0.814062 0.0947917 0.1625 0.189583
1 0.397656 0.848958 0.157813 0.24375
1 0.283594 0.664583 0.154687 0.2125
1 0.0601562 0.0895833 0.120312 0.179167
1 0.895312 0.507292 0.171875 0.23125
1 0.302344 0.467708 0.151562 0.20625
0 0.497656 0.604167 0.339063 0.454167
