1 0.955529 0.741587 0.0889423 0.204327
1 0.138221 0.758413 0.137019 0.194712
2 0.63101 0.171875 0.0600962 0.0889423
1 0.895433 0.983173 0.185096 0.0336538
1 0.546875 0.132212 0.161058 0.201923
1 0.551683 0.0396635 0.180288 0.0793269
1 0.876202 0.643029 0.204327 0.204327
1 0.582933 0.936298 0.180288 0.127404
1 0.91226 0.647837 0.170673 0.194712
1 0.727163 0.649038 0.15625 0.206731
1 0.439904 0.856971 0.192308 0.204327
1 0.129808 0.0805288 0.177885 0.161058
1 0.271635 0.570913 0.168269 0.242788
1 0.300481 0.831731 0.173077 0.216346
1 0.0432692 0.58774 0.0865385 0.228365
1 0.915865 0.0817308 0.163462 0.163462
1 0.314904 0.419471 0.177885 0.189904
1 0.673077 0.512019 0.177885 0.254808
1 0.879808 0.376202 0.192308 0.242788
1 0.6875 0.920673 0.197115 0.153846
1 0.191106 0.954327 0.151442 0.0913462
1 0.758413 0.141827 0.175481 0.216346
1 0.923077 0.866587 0.153846 0.204327
0 0.472356 0.600962 0.262019 0.25
