1 0.0898438 0.251042 0.176563 0.227083
1 0.270312 0.936458 0.184375 0.127083
1 0.664844 0.147917 0.192188 0.245833
1 0.928125 0.740625 0.14375 0.202083
1 0.971094 0.929167 0.0515625 0.141667
1 0.65 0.83125 0.1875 0.233333
1 0.416406 0.935417 0.145313 0.129167
1 0.267188 0.0416667 0.19375 0.0833333
1 0.0265625 0.588542 0.053125 0.214583
2 0.382812 0.444792 0.059375 0.08125
1 0.978906 0.611458 0.0421875 0.214583
1 0.167187 0.513542 0.190625 0.202083
1 0.102344 0.616667 0.164062 0.229167
1 0.109375 0.758333 0.14375 0.195833
1 0.06875 0.110417 0.1375 0.204167
1 0.104687 0.93125 0.159375 0.1375
1 0.264062 0.338542 0.165625 0.222917
1 0.715625 0.441667 0.1875 0.225
1 0.247656 0.720833 0.164062 0.2875
1 0.794531 0.257292 0.142188 0.252083
1 0.440625 0.065625 0.175 0.13125
1 0.589844 0.296875 0.179688 0.252083
0 0.439063 0.702083 0.265625 0.3625
