1 0.292969 0.040625 0.148438 0.08125
1 0.853125 0.090625 0.18125 0.18125
1 0.964063 0.438542 0.071875 0.222917
1 0.780469 0.841667 0.170312 0.2
1 0.3 0.525 0.175 0.216667
1 0.517187 0.317708 0.14375 0.189583
1 0.738281 0.623958 0.204688 0.222917
1 0.104687 0.859375 0.15625 0.21875
1 0.415625 0.185417 0.14375 0.2125
1 0.588281 0.078125 0.173438 0.15625
1 0.935938 0.848958 0.128125 0.227083
1 0.585938 0.452083 0.184375 0.2625
1 0.709375 0.239583 0.15 0.208333
1 0.124219 0.0854167 0.148438 0.170833
1 0.8625 0.326042 0.19375 0.25625
0 0.432813 0.777083 0.371875 0.445833
