1 0.0851562 0.939583 0.164062 0.120833
1 0.285937 0.845833 0.15 0.225
1 0.0265625 0.553125 0.053125 0.235417
1 0.284375 0.920833 0.165625 0.158333
1 0.03125 0.0989583 0.0625 0.197917
1 0.178906 0.0895833 0.179688 0.179167
1 0.600781 0.958333 0.239063 0.0833333
1 0.659375 0.809375 0.16875 0.239583
1 0.809375 0.494792 0.171875 0.210417
1 0.178125 0.309375 0.19375 0.24375
1 0.748438 0.09375 0.178125 0.1875
1 0.792188 0.627083 0.196875 0.2125
1 0.967188 0.411458 0.065625 0.227083
1 0.128906 0.428125 0.157813 0.227083
1 0.9125 0.053125 0.15625 0.10625
1 0.829687 0.91875 0.209375 0.1625
1 0.632812 0.570833 0.1625 0.2
1 0.267188 0.564583 0.18125 0.254167
1 0.454688 0.573958 0.190625 0.227083
1 0.111719 0.827083 0.173438 0.245833
1 0.3625 0.105208 0.15 0.20625
1 0.94375 0.685417 0.1125 0.2375
0 0.570312 0.286458 0.33125 0.46875
