1 0.637019 0.429087 0.153846 0.223558
1 0.814904 0.566106 0.139423 0.185096
1 0.930288 0.794471 0.139423 0.185096
1 0.317308 0.882212 0.139423 0.158654
1 0.737981 0.951923 0.125 0.0961538
1 0.957933 0.0516827 0.0841346 0.103365
1 0.375 0.742788 0.197115 0.25
1 0.0841346 0.646635 0.139423 0.216346
1 0.328125 0.611779 0.180288 0.170673
1 0.120192 0.40625 0.168269 0.216346
1 0.592548 0.961538 0.185096 0.0769231
2 0.246394 0.283654 0.0552885 0.0865385
1 0.939904 0.530048 0.120192 0.180288
1 0.487981 0.486779 0.158654 0.209135
1 0.22476 0.902644 0.161058 0.185096
1 0.0961538 0.765625 0.134615 0.21875
1 0.680288 0.143029 0.134615 0.233173
1 0.09375 0.268029 0.149038 0.199519
1 0.848558 0.175481 0.192308 0.225962
1 0.50601 0.280048 0.170673 0.189904
1 0.158654 0.0865385 0.177885 0.173077
1 0.376202 0.342548 0.170673 0.233173
0 0.75601 0.754808 0.180288 0.235577
1 0.919471 0.397837 0.15625 0.228365
