1 0.628125 0.582292 0.16875 0.177083
1 0.075 0.141667 0.146875 0.245833
1 0.382812 0.465625 0.2 0.25625
1 0.971875 0.580208 0.05625 0.214583
1 0.103125 0.419792 0.153125 0.18125
1 0.596875 0.910417 0.1625 0.179167
1 0.285937 0.9375 0.184375 0.125
1 0.640625 0.720833 0.153125 0.225
1 0.310937 0.111458 0.16875 0.21875
1 0.464844 0.0875 0.179688 0.175
1 0.669531 0.0760417 0.182812 0.152083
1 0.115625 0.913542 0.146875 0.172917
1 0.229687 0.6875 0.159375 0.208333
0 0.58125 0.351042 0.334375 0.352083
