2 0.636719 0.439583 0.0515625 0.075
1 0.542969 0.0270833 0.173438 0.0541667
1 0.025 0.08125 0.05 0.1625
1 0.215625 0.452083 0.159375 0.2125
1 0.889844 0.91875 0.148438 0.1625
1 0.0304688 0.351042 0.0609375 0.285417
1 0.780469 0.720833 0.185937 0.25
1 0.810156 0.270833 0.160938 0.1875
1 0.120312 0.492708 0.171875 0.20625
1 0.964063 0.547917 0.071875 0.241667
1 0.921875 0.801042 0.15625 0.222917
1 0.299219 0.652083 0.160938 0.229167
1 0.467187 0.904167 0.171875 0.191667
1 0.717188 0.289583 0.140625 0.2125
1 0.310937 0.941667 0.171875 0.116667
1 0.780469 0.0854167 0.135937 0.170833
1 0.460156 0.735417 0.179688 0.2125
1 0.154687 0.275 0.1625 0.216667
1 0.199219 0.0791667 0.157813 0.158333
1 0.93125 0.09375 0.1375 0.1875
0 0.419531 0.205208 0.364062 0.402083
1 0.614062 0.586458 0.190625 0.21875
1 0.199219 0.772917 0.176563 0.245833
1 0.654688 0.822917 0.196875 0.2375
1 0.803125 0.483333 0.18125 0.208333
