1 0.253606 0.71875 0.213942 0.283654
1 0.122596 0.947115 0.173077 0.105769
1 0.549279 0.314904 0.170673 0.235577
1 0.116587 0.588942 0.117788 0.201923
1 0.530048 0.901442 0.122596 0.197115
1 0.472356 0.122596 0.15625 0.211538
1 0.298077 0.944712 0.197115 0.110577
1 0.0516827 0.826923 0.103365 0.25
1 0.0600962 0.365385 0.115385 0.173077
1 0.901442 0.810096 0.182692 0.221154
1 0.0396635 0.114183 0.0793269 0.228365
1 0.280048 0.0528846 0.165865 0.105769
1 0.913462 0.66226 0.168269 0.175481
1 0.950721 0.463942 0.0985577 0.245192
1 0.561298 0.682692 0.185096 0.245192
1 0.186298 0.260817 0.180288 0.276442
1 0.373798 0.463942 0.175481 0.206731
1 0.932692 0.0901442 0.134615 0.180288
1 0.389423 0.149038 0.153846 0.206731
1 0.641827 0.103365 0.177885 0.206731
0 0.776442 0.289663 0.211538 0.276442
