1 0.984375 0.511458 0.03125 0.172917
1 0.117969 0.0739583 0.157813 0.147917
1 0.25 0.119792 0.175 0.214583
2 0.246094 0.592708 0.0890625 0.114583
1 0.454688 0.971875 0.159375 0.05625
1 0.553906 0.673958 0.160938 0.25625
1 0.8 0.861458 0.18125 0.164583
1 0.96875 0.325 0.0625 0.216667
1 0.0921875 0.558333 0.178125 0.2125
1 0.0640625 0.445833 0.128125 0.220833
1 0.842188 0.046875 0.178125 0.09375
1 0.484375 0.0822917 0.196875 0.160417
1 0.0703125 0.815625 0.140625 0.25625
1 0.851562 0.948958 0.165625 0.0979167
1 0.940625 0.134375 0.1125 0.214583
1 0.957812 0.8875 0.084375 0.216667
1 0.958594 0.68125 0.0828125 0.183333
1 0.853906 0.240625 0.204688 0.26875
1 0.547656 0.416667 0.164062 0.195833
1 0.626562 0.889583 0.159375 0.195833
1 0.63125 0.3125 0.1625 0.1875
1 0.470313 0.233333 0.171875 0.2
1 0.450781 0.851042 0.173438 0.189583
0 0.767187 0.583333 0.346875 0.479167
