1 0.792969 0.127083 0.151562 0.208333
1 0.360156 0.0375 0.176563 0.075
1 0.767969 0.721875 0.160938 0.202083
1 0.952344 0.883333 0.0953125 0.225
1 0.021875 0.903125 0.04375 0.19375
1 0.984375 0.476042 0.03125 0.185417
1 0.0226563 0.65625 0.0453125 0.241667
1 0.970312 0.283333 0.059375 0.2
1 0.16875 0.897917 0.171875 0.204167
1 0.626562 0.815625 0.171875 0.21875
1 0.389844 0.916667 0.157813 0.166667
1 0.321094 0.773958 0.164062 0.210417
1 0.171094 0.191667 0.148438 0.2
1 0.940625 0.096875 0.11875 0.19375
1 0.180469 0.675 0.195312 0.220833
1 0.303906 0.495833 0.151562 0.229167
1 0.61875 0.101042 0.196875 0.202083
1 0.482812 0.73125 0.146875 0.2125
1 0.146094 0.392708 0.176563 0.235417
0 0.728125 0.405208 0.334375 0.510417
