1 0.625 0.972917 0.09375 0.0541667
2 0.0414063 0.065625 0.0765625 0.10625
1 0.0195312 0.604167 0.0390625 0.25
1 0.98125 0.389583 0.0375 0.216667
1 0.177344 0.0520833 0.195312 0.104167
1 0.0945313 0.415625 0.189063 0.26875
1 0.513281 0.690625 0.210938 0.21875
1 0.532031 0.867708 0.170312 0.214583
1 0.269531 0.596875 0.189063 0.189583
1 0.383594 0.08125 0.179688 0.1625
1 0.539062 0.144792 0.159375 0.214583
1 0.103906 0.225 0.182812 0.225
1 0.928125 0.559375 0.14375 0.227083
1 0.710938 0.878125 0.165625 0.235417
1 0.682813 0.377083 0.190625 0.245833
1 0.728906 0.0729167 0.167187 0.145833
1 0.3125 0.820833 0.225 0.270833
1 0.875 0.786458 0.175 0.239583
1 0.88125 0.284375 0.16875 0.25625
0 0.395312 0.384375 0.4125 0.510417
