1 0.432692 0.364183 0.158654 0.237981
1 0.278846 0.921875 0.134615 0.151442
1 0.540865 0.0697115 0.168269 0.139423
1 0.426683 0.144231 0.15625 0.216346
1 0.588942 0.274038 0.153846 0.254808
1 0.930288 0.944712 0.139423 0.105769
1 0.602163 0.885817 0.161058 0.223558
1 0.813702 0.546875 0.127404 0.15625
1 0.647837 0.483173 0.170673 0.206731
1 0.430288 0.582933 0.158654 0.194712
1 0.299279 0.0649038 0.161058 0.129808
1 0.272837 0.245192 0.151442 0.1875
1 0.679087 0.6875 0.175481 0.211538
1 0.733173 0.159856 0.144231 0.189904
1 0.114183 0.254808 0.161058 0.216346
0 0.174279 0.649038 0.338942 0.485577
1 0.888221 0.703125 0.180288 0.204327
1 0.926683 0.213942 0.146635 0.259615
1 0.433894 0.848558 0.175481 0.206731
