1 0.849219 0.427083 0.120312 0.129167
1 0.410156 0.746875 0.179688 0.185417
1 0.348437 0.217708 0.19375 0.21875
1 0.541406 0.285417 0.185937 0.254167
1 0.758594 0.265625 0.195312 0.24375
1 0.7625 0.648958 0.16875 0.227083
1 0.182031 0.10625 0.170312 0.208333
1 0.64375 0.457292 0.184375 0.21875
1 0.925781 0.251042 0.148438 0.24375
1 0.929688 0.845833 0.140625 0.183333
1 0.773438 0.06875 0.134375 0.1375
1 0.614062 0.0666667 0.159375 0.133333
1 0.623438 0.822917 0.146875 0.204167
1 0.919531 0.658333 0.160938 0.229167
0 0.279687 0.49375 0.459375 0.529167
