1 0.949219 0.120833 0.0953125 0.166667
1 0.921875 0.910417 0.1375 0.179167
1 0.0226563 0.0989583 0.0453125 0.197917
1 0.376563 0.366667 0.16875 0.216667
2 0.546875 0.960417 0.05 0.0625
1 0.304688 0.075 0.159375 0.15
1 0.216406 0.894792 0.148438 0.202083
1 0.783594 0.944792 0.260938 0.110417
1 0.046875 0.353125 0.09375 0.214583
1 0.142969 0.922917 0.173438 0.154167
1 0.285937 0.84375 0.1625 0.25
1 0.0734375 0.880208 0.140625 0.214583
1 0.371875 0.803125 0.1625 0.214583
1 0.359375 0.945833 0.165625 0.108333
1 0.889063 0.742708 0.184375 0.235417
1 0.894531 0.297917 0.148438 0.183333
1 0.241406 0.575 0.160938 0.208333
1 0.09375 0.209375 0.1625 0.277083
1 0.811719 0.265625 0.164062 0.23125
1 0.959375 0.584375 0.08125 0.260417
1 0.820312 0.0916667 0.159375 0.183333
1 0.06875 0.639583 0.134375 0.2375
1 0.404687 0.563542 0.171875 0.227083
0 0.438281 0.1375 0.210938 0.2625
