1 0.386719 0.401042 0.151562 0.172917
2 0.680469 0.603125 0.0484375 0.0729167
1 0.445312 0.0270833 0.153125 0.0541667
1 0.0242187 0.571875 0.0484375 0.25625
1 0.95 0.040625 0.1 0.08125
1 0.207031 0.51875 0.160938 0.208333
1 0.9625 0.605208 0.075 0.202083
1 0.885156 0.277083 0.167187 0.229167
1 0.38125 0.540625 0.15625 0.202083
1 0.819531 0.172917 0.167187 0.220833
1 0.907031 0.488542 0.173438 0.16875
1 0.696875 0.942708 0.159375 0.110417
1 0.299219 0.345833 0.170312 0.233333
1 0.134375 0.686458 0.175 0.214583
1 0.332031 0.897917 0.182812 0.204167
1 0.719531 0.371875 0.154687 0.20625
1 0.172656 0.0895833 0.145313 0.179167
1 0.81875 0.642708 0.16875 0.177083
1 0.557813 0.313542 0.159375 0.21875
1 0.607813 0.0916667 0.196875 0.183333
1 0.364844 0.115625 0.167187 0.23125
0 0.51875 0.765625 0.346875 0.460417
