1 0.0203125 0.240625 0.040625 0.302083
1 0.871875 0.857292 0.15625 0.227083
1 0.335156 0.976042 0.120312 0.0479167
1 0.98125 0.1 0.0375 0.2
1 0.607031 0.801042 0.232812 0.260417
1 0.776563 0.291667 0.190625 0.208333
1 0.948438 0.885417 0.103125 0.229167
1 0.273438 0.85 0.19375 0.25
1 0.924219 0.328125 0.151562 0.252083
1 0.65 0.104167 0.19375 0.208333
1 0.225781 0.0770833 0.173438 0.154167
1 0.5375 0.541667 0.178125 0.220833
1 0.382031 0.65625 0.189063 0.208333
1 0.569531 0.314583 0.179688 0.241667
1 0.260156 0.290625 0.157813 0.235417
0 0.776563 0.586458 0.340625 0.472917
