1 0.109375 0.0260417 0.175 0.0520833
1 0.984375 0.65 0.03125 0.241667
1 0.959375 0.964583 0.08125 0.0708333
1 0.0929687 0.389583 0.185937 0.229167
2 0.732813 0.96875 0.059375 0.0583333
1 0.289062 0.0322917 0.16875 0.0645833
1 0.946875 0.835417 0.10625 0.2375
1 0.578125 0.945833 0.21875 0.108333
1 0.0585938 0.75 0.117188 0.308333
1 0.13125 0.122917 0.20625 0.225
1 0.684375 0.15625 0.2 0.279167
1 0.491406 0.198958 0.167187 0.227083
1 0.379687 0.929167 0.190625 0.141667
1 0.328125 0.197917 0.225 0.254167
1 0.45 0.686458 0.1625 0.260417
1 0.204688 0.898958 0.165625 0.202083
1 0.370313 0.44375 0.16875 0.2625
0 0.196875 0.617708 0.2375 0.339583
