1 0.0742188 0.133333 0.148438 0.2125
1 0.896875 0.08125 0.175 0.1625
1 0.7375 0.578125 0.175 0.19375
1 0.178906 0.53125 0.151562 0.208333
1 0.392188 0.242708 0.18125 0.222917
1 0.0210938 0.891667 0.0421875 0.170833
1 0.0914062 0.516667 0.157813 0.225
1 0.209375 0.0927083 0.146875 0.185417
1 0.798437 0.105208 0.171875 0.210417
1 0.289062 0.295833 0.153125 0.229167
1 0.519531 0.928125 0.189063 0.14375
1 0.757812 0.3375 0.18125 0.254167
1 0.0390625 0.680208 0.078125 0.264583
1 0.820312 0.820833 0.1625 0.204167
1 0.947656 0.933333 0.104687 0.133333
1 0.436719 0.0552083 0.148438 0.110417
1 0.08125 0.328125 0.1625 0.21875
1 0.655469 0.39375 0.164062 0.216667
1 0.960156 0.708333 0.0796875 0.2375
1 0.953125 0.23125 0.09375 0.245833
1 0.692969 0.934375 0.148438 0.13125
1 0.55625 0.19375 0.19375 0.254167
1 0.919531 0.458333 0.160938 0.225
1 0.573438 0.74375 0.15625 0.220833
1 0.40625 0.694792 0.16875 0.189583
1 0.425 0.458333 0.16875 0.241667
0 0.191406 0.80625 0.326562 0.3875
