1 0.951563 0.0864583 0.096875 0.172917
1 0.0945313 0.876042 0.142188 0.239583
1 0.939844 0.416667 0.120312 0.216667
1 0.445312 0.209375 0.171875 0.239583
1 0.640625 0.232292 0.175 0.172917
1 0.540625 0.235417 0.15 0.183333
1 0.25 0.594792 0.175 0.20625
1 0.484375 0.948958 0.15625 0.102083
1 0.770312 0.435417 0.178125 0.2375
1 0.119531 0.0916667 0.167187 0.183333
1 0.895312 0.144792 0.16875 0.222917
1 0.9125 0.872917 0.175 0.229167
1 0.59375 0.480208 0.159375 0.214583
0 0.214844 0.282292 0.242188 0.302083
