1 0.855769 0.75 0.163462 0.230769
1 0.632212 0.825721 0.201923 0.21875
1 0.948317 0.507212 0.0985577 0.216346
1 0.417067 0.978365 0.199519 0.0432692
1 0.0348558 0.27524 0.0697115 0.262019
1 0.313702 0.174279 0.185096 0.175481
1 0.328125 0.866587 0.185096 0.233173
1 0.0853365 0.768029 0.170673 0.233173
1 0.768029 0.915865 0.161058 0.163462
1 0.951923 0.789663 0.0913462 0.228365
1 0.116587 0.501202 0.151442 0.194712
1 0.205529 0.475962 0.175481 0.230769
1 0.379808 0.324519 0.168269 0.211538
1 0.135817 0.0805288 0.15625 0.161058
1 0.332933 0.543269 0.161058 0.211538
1 0.628606 0.596154 0.15625 0.216346
1 0.0865385 0.950721 0.173077 0.0985577
1 0.383413 0.105769 0.180288 0.201923
1 0.237981 0.704327 0.168269 0.221154
1 0.796875 0.52524 0.185096 0.233173
1 0.50601 0.825721 0.165865 0.223558
0 0.653846 0.24399 0.346154 0.425481
1 0.890625 0.331731 0.161058 0.206731
1 0.504808 0.50601 0.153846 0.199519
