1 0.228125 0.447917 0.13125 0.254167
1 0.7375 0.04375 0.18125 0.0875
1 0.228906 0.222917 0.164062 0.204167
1 0.614062 0.671875 0.178125 0.26875
1 0.565625 0.0510417 0.153125 0.102083
1 0.335156 0.0729167 0.176563 0.145833
1 0.595312 0.401042 0.16875 0.235417
0 0.303125 0.801042 0.36875 0.385417
1 0.644531 0.902083 0.185937 0.195833
1 0.81875 0.139583 0.1875 0.245833
1 0.350781 0.382292 0.157813 0.19375
1 0.442187 0.544792 0.159375 0.18125
1 0.796875 0.609375 0.18125 0.214583
1 0.0890625 0.708333 0.134375 0.25
1 0.460938 0.247917 0.178125 0.191667
1 0.728906 0.377083 0.154687 0.225
