1 0.164663 0.0408654 0.209135 0.0817308
1 0.0528846 0.512019 0.105769 0.197115
1 0.277644 0.739183 0.170673 0.199519
1 0.534856 0.858173 0.194712 0.25
1 0.153846 0.935096 0.177885 0.125
1 0.796875 0.407452 0.199519 0.213942
1 0.602163 0.0961538 0.185096 0.192308
1 0.621394 0.507212 0.141827 0.206731
1 0.605769 0.298077 0.201923 0.192308
0 0.430288 0.554087 0.336538 0.487981
1 0.334135 0.917067 0.163462 0.165865
1 0.764423 0.176683 0.149038 0.223558
1 0.914663 0.169471 0.161058 0.257212
1 0.0829327 0.324519 0.161058 0.240385
1 0.764423 0.909856 0.168269 0.180288
1 0.0889423 0.760817 0.173077 0.262019
1 0.836538 0.616587 0.201923 0.228365
1 0.389423 0.258413 0.168269 0.185096
