1 0.621094 0.182292 0.101562 0.21875
1 0.833594 0.980208 0.170312 0.0395833
1 0.7625 0.409375 0.15625 0.197917
1 0.973437 0.689583 0.05 0.1875
1 0.584375 0.197917 0.125 0.258333
1 0.201562 0.034375 0.184375 0.06875
1 0.966406 0.05 0.0640625 0.1
1 0.813281 0.351042 0.160938 0.21875
1 0.576563 0.0302083 0.165625 0.0604167
1 0.205469 0.809375 0.167187 0.24375
1 0.871875 0.765625 0.15 0.18125
1 0.0945313 0.970833 0.160938 0.0583333
1 0.0328125 0.496875 0.065625 0.197917
1 0.48125 0.945833 0.175 0.108333
1 0.078125 0.284375 0.15625 0.21875
1 0.671875 0.189583 0.178125 0.254167
1 0.0835937 0.0708333 0.145313 0.141667
1 0.309375 0.947917 0.1625 0.104167
1 0.859375 0.651042 0.16875 0.21875
1 0.914062 0.170833 0.171875 0.229167
1 0.108594 0.819792 0.164062 0.260417
1 0.942969 0.522917 0.114063 0.2125
1 0.385156 0.0604167 0.160938 0.120833
1 0.963281 0.903125 0.0734375 0.19375
1 0.348437 0.446875 0.125 0.29375
1 0.170312 0.58125 0.165625 0.208333
1 0.208594 0.402083 0.145313 0.195833
1 0.485938 0.534375 0.1625 0.21875
1 0.292969 0.189583 0.182812 0.195833
1 0.61875 0.4125 0.18125 0.220833
1 0.4125 0.76875 0.175 0.2375
0 0.649219 0.771875 0.339063 0.447917
