1 0.194531 0.348958 0.157813 0.235417
1 0.89375 0.0677083 0.19375 0.135417
1 0.56875 0.697917 0.1375 0.1875
1 0.651563 0.447917 0.15 0.204167
1 0.203906 0.122917 0.148438 0.204167
1 0.0429688 0.0916667 0.0859375 0.183333
1 0.0351562 0.86875 0.0671875 0.229167
1 0.917188 0.448958 0.159375 0.235417
1 0.94375 0.220833 0.1125 0.204167
1 0.50625 0.5125 0.15 0.216667
1 0.346875 0.713542 0.1625 0.21875
1 0.507812 0.241667 0.184375 0.220833
1 0.791406 0.266667 0.164062 0.220833
0 0.761719 0.789583 0.364062 0.420833
