1 0.367788 0.901442 0.182692 0.1875
1 0.911058 0.984375 0.144231 0.03125
1 0.512019 0.102163 0.206731 0.204327
1 0.270433 0.602163 0.180288 0.223558
1 0.207933 0.140625 0.237981 0.252404
1 0.139423 0.888221 0.1875 0.223558
1 0.0649038 0.83774 0.129808 0.228365
1 0.84375 0.0685096 0.177885 0.137019
1 0.938702 0.870192 0.122596 0.177885
1 0.746394 0.128606 0.21875 0.237981
1 0.967548 0.225962 0.0649038 0.225962
1 0.50601 0.950721 0.175481 0.0985577
2 0.0336538 0.97476 0.0576923 0.0504808
1 0.0252404 0.0901442 0.0504808 0.180288
1 0.890625 0.69351 0.185096 0.262019
2 0.965144 0.592548 0.0649038 0.108173
0 0.495192 0.564904 0.254808 0.269231
1 0.548077 0.804087 0.206731 0.213942
1 0.944712 0.417067 0.110577 0.252404
