1 0.90625 0.11899 0.177885 0.237981
1 0.144231 0.206731 0.168269 0.192308
1 0.705529 0.959135 0.161058 0.0817308
1 0.248798 0.0348558 0.170673 0.0697115
1 0.24399 0.88101 0.170673 0.237981
1 0.449519 0.0697115 0.197115 0.139423
1 0.771635 0.11899 0.177885 0.237981
1 0.0396635 0.487981 0.0793269 0.206731
1 0.128606 0.106971 0.170673 0.204327
1 0.632212 0.918269 0.163462 0.163462
1 0.15625 0.418269 0.163462 0.197115
1 0.527644 0.817308 0.146635 0.211538
1 0.0805288 0.94351 0.161058 0.112981
1 0.158654 0.652644 0.206731 0.252404
0 0.545673 0.507212 0.346154 0.480769
1 0.819712 0.338942 0.201923 0.216346
1 0.926683 0.74399 0.146635 0.204327
1 0.313702 0.328125 0.194712 0.21875
1 0.387019 0.722356 0.149038 0.209135
1 0.871394 0.905048 0.161058 0.189904
1 0.58774 0.16226 0.185096 0.213942
1 0.917067 0.522837 0.161058 0.204327
