1 0.876202 0.298077 0.194712 0.230769
1 0.338942 0.0240385 0.225962 0.0480769
1 0.134615 0.83774 0.168269 0.257212
1 0.121394 0.03125 0.199519 0.0625
1 0.0600962 0.580529 0.120192 0.252404
1 0.347356 0.817308 0.223558 0.240385
1 0.126202 0.566106 0.146635 0.180288
1 0.977163 0.484375 0.0456731 0.247596
1 0.217548 0.966346 0.180288 0.0673077
1 0.794471 0.0637019 0.165865 0.127404
1 0.0240385 0.884615 0.0480769 0.230769
1 0.0697115 0.356971 0.139423 0.223558
1 0.602163 0.921875 0.213942 0.151442
1 0.789663 0.918269 0.165865 0.163462
1 0.692308 0.324519 0.168269 0.211538
1 0.324519 0.143029 0.182692 0.237981
1 0.932692 0.919471 0.134615 0.151442
1 0.360577 0.467548 0.168269 0.28125
1 0.675481 0.536058 0.182692 0.230769
1 0.909856 0.108173 0.175481 0.211538
1 0.926683 0.674279 0.141827 0.266827
0 0.549279 0.235577 0.305288 0.379808
