1 0.83125 0.071875 0.21875 0.14375
1 0.2125 0.939583 0.165625 0.120833
1 0.324219 0.590625 0.182812 0.25625
1 0.432031 0.707292 0.148438 0.172917
2 0.0515625 0.253125 0.059375 0.0770833
1 0.646094 0.0364583 0.179688 0.0729167
1 0.682813 0.947917 0.190625 0.104167
1 0.95 0.0958333 0.096875 0.191667
1 0.389844 0.901042 0.182812 0.197917
1 0.907812 0.789583 0.153125 0.179167
1 0.875 0.94375 0.1875 0.1125
1 0.6375 0.679167 0.125 0.216667
1 0.963281 0.713542 0.0734375 0.247917
1 0.529688 0.709375 0.146875 0.185417
1 0.5125 0.857292 0.14375 0.172917
1 0.114844 0.911458 0.139062 0.172917
1 0.136719 0.436458 0.167187 0.15625
1 0.85 0.576042 0.18125 0.252083
0 0.08125 0.604167 0.1625 0.283333
1 0.679688 0.405208 0.165625 0.20625
1 0.452344 0.15625 0.189063 0.225
