1 0.935938 0.279167 0.128125 0.2
1 0.954687 0.3875 0.090625 0.208333
1 0.939062 0.922917 0.121875 0.154167
1 0.479688 0.491667 0.178125 0.241667
1 0.388281 0.9625 0.154687 0.075
1 0.567187 0.495833 0.109375 0.258333
1 0.604688 0.0739583 0.184375 0.147917
1 0.323438 0.836458 0.196875 0.210417
1 0.675781 0.928125 0.157813 0.14375
1 0.832812 0.891667 0.153125 0.216667
1 0.3125 0.391667 0.196875 0.2375
1 0.727344 0.727083 0.170312 0.233333
1 0.866406 0.557292 0.179688 0.247917
1 0.647656 0.251042 0.167187 0.23125
1 0.302344 0.629167 0.189063 0.2375
0 0.384375 0.159375 0.35 0.31875
1 0.513281 0.864583 0.179688 0.2375
