1 0.703906 0.396875 0.198437 0.239583
1 0.255469 0.857292 0.148438 0.247917
1 0.985937 0.815625 0.028125 0.25625
1 0.0304688 0.619792 0.0609375 0.252083
1 0.028125 0.0927083 0.05625 0.185417
1 0.0664062 0.976042 0.107813 0.0479167
1 0.0851562 0.773958 0.148438 0.202083
1 0.824219 0.071875 0.164062 0.14375
1 0.173438 0.942708 0.165625 0.110417
1 0.270312 0.0666667 0.171875 0.133333
1 0.761719 0.105208 0.167187 0.210417
1 0.714063 0.284375 0.15625 0.172917
1 0.246094 0.155208 0.160938 0.202083
0 0.447656 0.785417 0.339063 0.429167
1 0.860156 0.813542 0.160938 0.23125
1 0.777344 0.525 0.167187 0.220833
1 0.904688 0.372917 0.171875 0.2125
1 0.704687 0.745833 0.153125 0.233333
1 0.466406 0.313542 0.179688 0.252083
0 0.184375 0.513542 0.334375 0.497917
1 0.932813 0.5875 0.128125 0.241667
