1 0.307692 0.91226 0.149038 0.175481
1 0.859375 0.93149 0.161058 0.137019
1 0.960337 0.405048 0.0793269 0.28125
1 0.441106 0.0612981 0.161058 0.122596
1 0.58774 0.0637019 0.170673 0.127404
2 0.137019 0.34375 0.0625 0.0769231
1 0.846154 0.394231 0.168269 0.197115
1 0.242788 0.282452 0.197115 0.247596
1 0.75 0.390625 0.168269 0.170673
1 0.293269 0.0841346 0.177885 0.168269
1 0.328125 0.731971 0.189904 0.204327
1 0.955529 0.918269 0.0889423 0.163462
1 0.354567 0.489183 0.180288 0.213942
1 0.0853365 0.180288 0.170673 0.230769
1 0.508413 0.268029 0.21875 0.213942
1 0.858173 0.239183 0.173077 0.21875
1 0.948317 0.611779 0.103365 0.209135
1 0.71274 0.563702 0.175481 0.199519
1 0.873798 0.737981 0.194712 0.225962
0 0.579327 0.80649 0.370192 0.387019
