1 0.388221 0.808894 0.185096 0.194712
1 0.909856 0.326923 0.170673 0.211538
1 0.294471 0.9375 0.189904 0.125
1 0.0492788 0.387019 0.0985577 0.197115
2 0.16226 0.385817 0.0600962 0.0697115
1 0.735577 0.436298 0.149038 0.237981
1 0.774038 0.198317 0.149038 0.161058
1 0.667067 0.897837 0.161058 0.204327
1 0.373798 0.389423 0.189904 0.216346
1 0.0673077 0.676683 0.134615 0.209135
1 0.527644 0.838942 0.175481 0.1875
1 0.439904 0.0396635 0.168269 0.0793269
1 0.0661058 0.917067 0.132212 0.161058
1 0.914663 0.121394 0.165865 0.223558
1 0.955529 0.905048 0.0841346 0.189904
1 0.0673077 0.167067 0.134615 0.233173
1 0.961538 0.3125 0.0769231 0.230769
1 0.967548 0.710337 0.0649038 0.209135
1 0.572115 0.286058 0.201923 0.206731
1 0.739183 0.745192 0.151442 0.206731
1 0.222356 0.861779 0.170673 0.228365
1 0.861779 0.88101 0.189904 0.228365
1 0.614183 0.0805288 0.228365 0.161058
0 0.548077 0.545673 0.235577 0.274038
1 0.262019 0.635817 0.182692 0.213942
1 0.90024 0.534856 0.161058 0.194712
1 0.25 0.227163 0.1875 0.185096
1 0.417067 0.1875 0.175481 0.216346
1 0.112981 0.509615 0.216346 0.269231
