1 0.984375 0.553125 0.03125 0.197917
1 0.96875 0.808333 0.0625 0.2375
1 0.26875 0.128125 0.175 0.214583
1 0.858594 0.892708 0.251563 0.214583
1 0.261719 0.51875 0.185937 0.270833
1 0.452344 0.669792 0.167187 0.222917
1 0.213281 0.0572917 0.157813 0.114583
1 0.969531 0.341667 0.0609375 0.2125
1 0.714844 0.0541667 0.135937 0.108333
1 0.873438 0.395833 0.1625 0.245833
1 0.0351562 0.63125 0.0703125 0.220833
1 0.0484375 0.0947917 0.09375 0.189583
1 0.303906 0.777083 0.142188 0.220833
1 0.0375 0.872917 0.071875 0.254167
1 0.935938 0.116667 0.128125 0.229167
1 0.65625 0.932292 0.184375 0.135417
1 0.61875 0.341667 0.21875 0.2125
1 0.148438 0.513542 0.184375 0.222917
1 0.39375 0.914583 0.178125 0.170833
1 0.153906 0.840625 0.167187 0.239583
1 0.147656 0.294792 0.173438 0.21875
1 0.582031 0.136458 0.173438 0.214583
0 0.739062 0.639583 0.421875 0.525
