1 0.0540865 0.44351 0.108173 0.262019
1 0.450721 0.626202 0.209135 0.194712
1 0.53125 0.829327 0.134615 0.235577
1 0.921875 0.927885 0.15625 0.144231
1 0.0228365 0.161058 0.0456731 0.245192
1 0.923077 0.09375 0.153846 0.1875
1 0.438702 0.497596 0.189904 0.216346
1 0.915865 0.34976 0.153846 0.204327
1 0.752404 0.49399 0.177885 0.209135
1 0.28726 0.689904 0.199519 0.230769
1 0.695913 0.817308 0.175481 0.197115
1 0.0901442 0.961538 0.151442 0.0769231
1 0.247596 0.895433 0.201923 0.189904
1 0.293269 0.427885 0.206731 0.254808
1 0.885817 0.740385 0.175481 0.225962
0 0.0697115 0.774038 0.139423 0.389423
1 0.266827 0.15625 0.182692 0.25
1 0.419471 0.25601 0.189904 0.223558
