1 0.0265625 0.939583 0.053125 0.120833
1 0.596875 0.345833 0.190625 0.1875
2 0.0890625 0.422917 0.0625 0.0833333
1 0.933594 0.935417 0.132812 0.129167
1 0.0453125 0.109375 0.090625 0.189583
1 0.139062 0.153125 0.134375 0.29375
1 0.475 0.728125 0.16875 0.210417
1 0.964063 0.326042 0.071875 0.247917
1 0.294531 0.84375 0.192188 0.220833
1 0.75625 0.546875 0.2 0.227083
1 0.580469 0.444792 0.167187 0.235417
1 0.855469 0.0427083 0.182812 0.0854167
1 0.170312 0.95 0.1875 0.1
1 0.229687 0.754167 0.171875 0.216667
1 0.721094 0.322917 0.189063 0.216667
1 0.242969 0.0479167 0.179688 0.0958333
1 0.132031 0.580208 0.179688 0.202083
1 0.889844 0.860417 0.182812 0.216667
1 0.648438 0.107292 0.215625 0.214583
1 0.9 0.452083 0.14375 0.1875
1 0.482031 0.904167 0.170312 0.191667
1 0.626562 0.720833 0.153125 0.241667
1 0.0796875 0.814583 0.15625 0.2
1 0.709375 0.921875 0.2125 0.152083
0 0.332812 0.5 0.440625 0.558333
