1 0.365385 0.498798 0.173077 0.15625
2 0.938702 0.919471 0.0649038 0.0697115
1 0.0240385 0.938702 0.0480769 0.122596
1 0.817308 0.944712 0.221154 0.110577
1 0.354567 0.165865 0.170673 0.1875
1 0.754808 0.429087 0.125 0.194712
1 0.963942 0.223558 0.0721154 0.269231
1 0.0228365 0.217548 0.0456731 0.228365
1 0.207933 0.105769 0.165865 0.211538
1 0.552885 0.799279 0.197115 0.266827
1 0.540865 0.27524 0.149038 0.199519
1 0.9375 0.621394 0.120192 0.223558
1 0.664663 0.125 0.151442 0.201923
1 0.628606 0.573317 0.194712 0.228365
0 0.152644 0.709135 0.305288 0.394231
1 0.878606 0.420673 0.165865 0.225962
1 0.0697115 0.414663 0.139423 0.199519
