1 0.957812 0.04375 0.084375 0.0875
1 0.0609375 0.247917 0.121875 0.3125
1 0.161719 0.436458 0.176563 0.264583
1 0.396094 0.952083 0.229687 0.0958333
1 0.757812 0.676042 0.203125 0.20625
1 0.0664062 0.0885417 0.129688 0.177083
1 0.084375 0.908333 0.153125 0.183333
1 0.1125 0.709375 0.153125 0.210417
1 0.310156 0.78125 0.235938 0.2625
1 0.197656 0.15 0.170312 0.225
1 0.929688 0.826042 0.134375 0.210417
1 0.909375 0.515625 0.18125 0.26875
1 0.849219 0.186458 0.192188 0.260417
1 0.715625 0.0822917 0.175 0.164583
1 0.559375 0.823958 0.19375 0.235417
0 0.4875 0.191667 0.375 0.383333
