1 0.0564904 0.427885 0.112981 0.230769
1 0.277644 0.0372596 0.165865 0.0745192
1 0.486779 0.96274 0.165865 0.0745192
1 0.947115 0.0480769 0.105769 0.0961538
1 0.348558 0.280048 0.173077 0.194712
1 0.804087 0.465144 0.170673 0.286058
1 0.444712 0.602163 0.173077 0.28125
1 0.913462 0.709135 0.163462 0.221154
1 0.191106 0.483173 0.170673 0.1875
1 0.322115 0.939904 0.173077 0.120192
1 0.078125 0.954327 0.15625 0.0913462
1 0.0709135 0.192308 0.141827 0.221154
1 0.840144 0.913462 0.180288 0.173077
1 0.288462 0.72476 0.173077 0.228365
1 0.183894 0.264423 0.15625 0.201923
0 0.617788 0.295673 0.375 0.427885
