1 0.919531 0.983333 0.160938 0.0333333
2 0.375781 0.0541667 0.0828125 0.1
2 0.028125 0.747917 0.05 0.0958333
2 0.332812 0.230208 0.078125 0.102083
1 0.855469 0.858333 0.176563 0.216667
1 0.0304688 0.34375 0.0609375 0.266667
1 0.953906 0.264583 0.0921875 0.216667
1 0.532812 0.165625 0.178125 0.210417
1 0.278125 0.770833 0.153125 0.2
1 0.275781 0.9375 0.154687 0.125
1 0.510938 0.33125 0.190625 0.254167
1 0.539844 0.555208 0.189063 0.197917
1 0.199219 0.39375 0.135937 0.2
1 0.764063 0.804167 0.153125 0.225
1 0.944531 0.734375 0.110937 0.227083
1 0.0828125 0.8875 0.1625 0.2125
1 0.849219 0.108333 0.179688 0.216667
1 0.66875 0.08125 0.16875 0.1625
1 0.235938 0.158333 0.16875 0.258333
1 0.317187 0.538542 0.165625 0.23125
1 0.0804688 0.110417 0.157813 0.220833
1 0.110937 0.641667 0.190625 0.233333
1 0.739062 0.504167 0.171875 0.216667
0 0.507812 0.811458 0.359375 0.377083
