1 0.663462 0.915865 0.216346 0.158654
1 0.123798 0.932692 0.213942 0.129808
1 0.0288462 0.235577 0.0576923 0.192308
1 0.0769231 0.65625 0.149038 0.182692
2 0.661058 0.183894 0.0576923 0.0841346
1 0.147837 0.0396635 0.204327 0.0793269
1 0.429087 0.88101 0.146635 0.161058
1 0.96274 0.603365 0.0745192 0.221154
1 0.770433 0.859375 0.28125 0.28125
2 0.979567 0.878606 0.0408654 0.0841346
1 0.111779 0.430288 0.175481 0.216346
1 0.811298 0.290865 0.165865 0.245192
1 0.945913 0.311298 0.108173 0.185096
1 0.66226 0.0745192 0.209135 0.149038
1 0.84976 0.0841346 0.165865 0.168269
1 0.284856 0.25 0.180288 0.1875
0 0.479567 0.68149 0.209135 0.266827
1 0.19351 0.192308 0.161058 0.192308
1 0.453125 0.0877404 0.170673 0.175481
1 0.467548 0.405048 0.21875 0.209135
