1 0.75625 0.90625 0.1625 0.1875
1 0.259375 0.177083 0.121875 0.254167
1 0.660937 0.494792 0.159375 0.210417
1 0.0671875 0.923958 0.134375 0.152083
1 0.132812 0.115625 0.159375 0.214583
1 0.602344 0.805208 0.142188 0.25625
1 0.523438 0.877083 0.184375 0.2375
1 0.0398437 0.266667 0.0796875 0.2375
1 0.760156 0.682292 0.185937 0.272917
1 0.252344 0.433333 0.185937 0.266667
1 0.9 0.126042 0.1625 0.247917
1 0.91875 0.725 0.1625 0.216667
1 0.895312 0.908333 0.146875 0.183333
1 0.853125 0.520833 0.2 0.233333
0 0.453906 0.16875 0.379687 0.3375
