1 0.581731 0.622596 0.110577 0.182692
1 0.884615 0.0528846 0.153846 0.100962
1 0.0637019 0.913462 0.127404 0.173077
1 0.0733173 0.870192 0.146635 0.25
1 0.270433 0.046875 0.127404 0.09375
1 0.24399 0.262019 0.170673 0.163462
1 0.129808 0.102163 0.235577 0.204327
1 0.229567 0.21875 0.247596 0.269231
1 0.0216346 0.538462 0.0432692 0.259615
1 0.262019 0.423077 0.197115 0.182692
1 0.0192308 0.13101 0.0384615 0.170673
1 0.598558 0.414663 0.197115 0.146635
1 0.167067 0.969952 0.170673 0.0600962
1 0.513221 0.549279 0.165865 0.189904
1 0.875 0.933894 0.192308 0.132212
1 0.688702 0.887019 0.151442 0.225962
1 0.414663 0.0336538 0.175481 0.0673077
1 0.0757212 0.725962 0.151442 0.182692
0 0.466346 0.800481 0.341346 0.399038
1 0.472356 0.301683 0.141827 0.213942
1 0.0829327 0.311298 0.161058 0.237981
