1 0.355769 0.0456731 0.168269 0.0913462
1 0.248798 0.747596 0.175481 0.245192
0 0.544471 0.75601 0.444712 0.487981
1 0.288462 0.953125 0.177885 0.09375
1 0.93149 0.96274 0.137019 0.0745192
1 0.0612981 0.879808 0.122596 0.197115
1 0.799279 0.716346 0.165865 0.235577
1 0.0733173 0.651442 0.146635 0.245192
1 0.34976 0.507212 0.194712 0.197115
1 0.0564904 0.227163 0.112981 0.228365
1 0.780048 0.304087 0.185096 0.257212
1 0.929087 0.792067 0.137019 0.204327
1 0.612981 0.383413 0.168269 0.204327
1 0.65024 0.108173 0.170673 0.211538
1 0.433894 0.308894 0.175481 0.242788
