1 0.264844 0.0291667 0.239063 0.0583333
1 0.217187 0.941667 0.128125 0.116667
1 0.021875 0.715625 0.04375 0.24375
1 0.973437 0.6125 0.053125 0.208333
1 0.321094 0.558333 0.139062 0.208333
1 0.621094 0.897917 0.145313 0.204167
1 0.194531 0.767708 0.154687 0.21875
1 0.153125 0.536458 0.184375 0.202083
1 0.928125 0.394792 0.14375 0.235417
1 0.43125 0.380208 0.215625 0.289583
1 0.0679687 0.9 0.135937 0.2
1 0.860937 0.226042 0.184375 0.25625
1 0.610156 0.626042 0.151562 0.222917
1 0.925781 0.880208 0.148438 0.239583
0 0.396875 0.813542 0.35625 0.372917
1 0.623438 0.264583 0.178125 0.304167
