1 0.961719 0.48125 0.0734375 0.229167
1 0.495313 0.382292 0.159375 0.214583
1 0.596875 0.178125 0.15625 0.252083
1 0.0898438 0.460417 0.173438 0.254167
1 0.78125 0.15625 0.13125 0.195833
1 0.745313 0.948958 0.178125 0.102083
1 0.873438 0.417708 0.153125 0.19375
1 0.213281 0.784375 0.151562 0.210417
1 0.435156 0.195833 0.176563 0.216667
1 0.607031 0.415625 0.185937 0.214583
1 0.335938 0.879167 0.1625 0.208333
1 0.263281 0.479167 0.185937 0.225
1 0.09375 0.197917 0.1625 0.225
1 0.610937 0.89375 0.15 0.2125
0 0.853125 0.754167 0.29375 0.4
