1 0.960938 0.869792 0.078125 0.260417
0 0.424219 0.2375 0.401563 0.475
1 0.0445312 0.267708 0.0859375 0.260417
1 0.657031 0.629167 0.192188 0.233333
1 0.382031 0.932292 0.145313 0.135417
1 0.971875 0.15625 0.05625 0.208333
1 0.673437 0.776042 0.159375 0.235417
1 0.0632813 0.897917 0.126563 0.204167
1 0.105469 0.0697917 0.173438 0.139583
1 0.223438 0.938542 0.128125 0.11875
1 0.951563 0.586458 0.096875 0.20625
1 0.65625 0.339583 0.15 0.266667
1 0.357812 0.544792 0.184375 0.239583
1 0.785937 0.101042 0.159375 0.202083
1 0.217187 0.741667 0.203125 0.220833
1 0.8875 0.339583 0.15625 0.2125
1 0.107031 0.51875 0.160938 0.245833
