1 0.148438 0.634375 0.19375 0.272917
1 0.330469 0.145833 0.157813 0.1875
1 0.782812 0.48125 0.171875 0.2375
1 0.440625 0.090625 0.159375 0.18125
1 0.497656 0.18125 0.160938 0.179167
1 0.69375 0.490625 0.15625 0.227083
0 0.265625 0.915625 0.459375 0.160417
1 0.978125 0.291667 0.04375 0.241667
1 0.715625 0.9625 0.1625 0.075
1 0.925781 0.959375 0.145313 0.08125
1 0.103906 0.252083 0.207813 0.270833
1 0.647656 0.610417 0.179688 0.1875
1 0.592188 0.0583333 0.165625 0.116667
1 0.930469 0.836458 0.132812 0.202083
1 0.840625 0.246875 0.19375 0.23125
1 0.115625 0.059375 0.15 0.11875
1 0.0734375 0.385417 0.146875 0.2125
1 0.851562 0.0958333 0.146875 0.191667
1 0.7875 0.863542 0.16875 0.210417
1 0.0507812 0.809375 0.101562 0.214583
1 0.625781 0.322917 0.148438 0.229167
1 0.601562 0.871875 0.146875 0.19375
1 0.704687 0.146875 0.159375 0.227083
1 0.914062 0.651042 0.171875 0.23125
1 0.428906 0.819792 0.160938 0.21875
0 0.401563 0.429167 0.39375 0.429167
