2 0.43149 0.923077 0.0649038 0.0673077
1 0.134615 0.947115 0.192308 0.105769
1 0.320913 0.0396635 0.252404 0.0793269
1 0.561298 0.682692 0.204327 0.259615
1 0.657452 0.908654 0.165865 0.182692
1 0.0889423 0.771635 0.144231 0.168269
1 0.317308 0.34375 0.264423 0.235577
1 0.0456731 0.407452 0.0913462 0.223558
1 0.0588942 0.046875 0.117788 0.09375
1 0.939904 0.507212 0.120192 0.211538
1 0.961538 0.164663 0.0721154 0.165865
1 0.0805288 0.251202 0.141827 0.233173
1 0.658654 0.445913 0.192308 0.252404
1 0.840144 0.455529 0.141827 0.175481
1 0.942308 0.0733173 0.115385 0.146635
1 0.516827 0.0384615 0.149038 0.0769231
1 0.347356 0.153846 0.175481 0.182692
1 0.965144 0.888221 0.0697115 0.199519
1 0.219952 0.844952 0.165865 0.175481
1 0.487981 0.417067 0.163462 0.209135
1 0.913462 0.710337 0.168269 0.233173
0 0.24399 0.582933 0.257212 0.329327
