1 0.418269 0.198317 0.1875 0.21875
1 0.448317 0.0745192 0.170673 0.149038
1 0.960337 0.0516827 0.0745192 0.103365
1 0.487981 0.711538 0.182692 0.177885
1 0.840144 0.0168269 0.15625 0.0336538
1 0.0709135 0.969952 0.132212 0.0600962
1 0.538462 0.0252404 0.177885 0.0504808
1 0.965144 0.0384615 0.0697115 0.0769231
1 0.0889423 0.0216346 0.139423 0.0432692
1 0.301683 0.367788 0.180288 0.259615
1 0.222356 0.949519 0.209135 0.100962
1 0.317308 0.0817308 0.1875 0.163462
1 0.918269 0.551683 0.163462 0.185096
1 0.0384615 0.842548 0.0769231 0.257212
1 0.84976 0.836538 0.204327 0.240385
1 0.948317 0.418269 0.103365 0.192308
1 0.960337 0.19351 0.0793269 0.189904
1 0.16226 0.129808 0.189904 0.240385
1 0.927885 0.790865 0.144231 0.206731
1 0.786058 0.959135 0.206731 0.0817308
1 0.420673 0.93149 0.149038 0.132212
1 0.316106 0.55649 0.170673 0.233173
1 0.0685096 0.479567 0.132212 0.237981
1 0.652644 0.811298 0.165865 0.204327
0 0.551683 0.465144 0.391827 0.478365
