1 0.758594 0.963542 0.198437 0.06875
1 0.203906 0.120833 0.160938 0.195833
1 0.353906 0.119792 0.145313 0.210417
1 0.982031 0.311458 0.0359375 0.30625
1 0.910937 0.101042 0.165625 0.202083
1 0.226562 0.509375 0.18125 0.239583
1 0.157813 0.417708 0.16875 0.21875
1 0.792969 0.221875 0.129688 0.252083
1 0.692187 0.651042 0.178125 0.185417
1 0.538281 0.65625 0.164062 0.220833
1 0.0257812 0.592708 0.0515625 0.227083
1 0.491406 0.79375 0.170312 0.195833
1 0.701563 0.614583 0.184375 0.266667
1 0.13125 0.0385417 0.175 0.0770833
1 0.09375 0.272917 0.165625 0.204167
1 0.347656 0.680208 0.157813 0.202083
1 0.685156 0.207292 0.154687 0.247917
1 0.910937 0.883333 0.171875 0.225
1 0.0367187 0.204167 0.0734375 0.225
1 0.602344 0.951042 0.157813 0.0979167
1 0.0945313 0.6875 0.151562 0.195833
0 0.445312 0.401042 0.340625 0.43125
1 0.44375 0.9375 0.159375 0.125
1 0.1375 0.871875 0.14375 0.202083
1 0.909375 0.528125 0.175 0.210417
