1 0.554087 0.0949519 0.170673 0.189904
2 0.0168269 0.788462 0.0336538 0.0769231
1 0.959135 0.641827 0.0817308 0.230769
1 0.798077 0.0432692 0.173077 0.0865385
1 0.25601 0.204327 0.170673 0.192308
2 0.96875 0.320913 0.0625 0.108173
2 0.581731 0.88101 0.0721154 0.108173
1 0.96274 0.103365 0.0745192 0.206731
1 0.364183 0.0625 0.209135 0.125
1 0.96274 0.924279 0.0745192 0.151442
1 0.0985577 0.817308 0.182692 0.225962
1 0.0853365 0.460337 0.170673 0.199519
1 0.283654 0.768029 0.168269 0.233173
1 0.697115 0.163462 0.168269 0.153846
1 0.853365 0.1875 0.149038 0.25
1 0.688702 0.710337 0.151442 0.161058
1 0.453125 0.927885 0.170673 0.144231
1 0.456731 0.356971 0.168269 0.242788
1 0.503606 0.72476 0.161058 0.262019
1 0.179087 0.0889423 0.151442 0.177885
1 0.108173 0.629808 0.1875 0.197115
1 0.0769231 0.269231 0.153846 0.201923
1 0.882212 0.61899 0.192308 0.204327
1 0.336538 0.399038 0.173077 0.221154
1 0.72476 0.893029 0.194712 0.194712
0 0.669471 0.430288 0.334135 0.413462
