1 0.0898438 0.979167 0.179688 0.0416667
1 0.0390625 0.822917 0.078125 0.2375
1 0.0398437 0.753125 0.0796875 0.227083
1 0.126563 0.310417 0.13125 0.204167
1 0.627344 0.96875 0.148438 0.0625
1 0.877344 0.821875 0.179688 0.18125
1 0.213281 0.936458 0.129688 0.127083
1 0.610937 0.478125 0.134375 0.23125
1 0.965625 0.345833 0.06875 0.2375
1 0.258594 0.0520833 0.173438 0.104167
1 0.269531 0.217708 0.167187 0.21875
1 0.898438 0.952083 0.190625 0.0958333
1 0.734375 0.415625 0.146875 0.235417
1 0.920313 0.1125 0.159375 0.225
1 0.755469 0.640625 0.148438 0.20625
1 0.874219 0.38125 0.145313 0.220833
1 0.0585938 0.308333 0.114063 0.225
1 0.0429688 0.526042 0.0859375 0.202083
1 0.934375 0.614583 0.13125 0.25
1 0.526563 0.875 0.1625 0.233333
1 0.6875 0.845833 0.15 0.2
1 0.55 0.239583 0.165625 0.2
1 0.417188 0.09375 0.165625 0.1875
1 0.552344 0.647917 0.164062 0.1875
1 0.704687 0.161458 0.165625 0.239583
0 0.19375 0.682292 0.30625 0.44375
