1 0.110937 0.0770833 0.140625 0.154167
1 0.135937 0.947917 0.134375 0.104167
1 0.910937 0.6875 0.1375 0.2
1 0.210156 0.815625 0.204688 0.252083
1 0.186719 0.479167 0.148438 0.179167
1 0.364844 0.813542 0.142188 0.172917
1 0.951563 0.485417 0.09375 0.220833
1 0.813281 0.316667 0.167187 0.208333
1 0.713281 0.722917 0.148438 0.245833
1 0.378906 0.304167 0.167187 0.191667
1 0.951563 0.84375 0.090625 0.216667
1 0.139062 0.230208 0.140625 0.210417
1 0.557031 0.435417 0.167187 0.1875
1 0.4125 0.0708333 0.16875 0.141667
1 0.0710938 0.578125 0.142188 0.277083
1 0.719531 0.929167 0.167187 0.141667
1 0.5125 0.942708 0.140625 0.114583
1 0.945312 0.258333 0.109375 0.204167
1 0.289844 0.172917 0.142188 0.2125
0 0.619531 0.165625 0.276563 0.310417
