1 0.311298 0.459135 0.175481 0.245192
1 0.115385 0.936298 0.206731 0.122596
1 0.735577 0.0997596 0.259615 0.199519
1 0.262019 0.510817 0.225962 0.213942
1 0.980769 0.0709135 0.0384615 0.141827
1 0.0985577 0.907452 0.197115 0.185096
1 0.304087 0.896635 0.194712 0.197115
1 0.78726 0.875 0.209135 0.221154
1 0.0216346 0.316106 0.0432692 0.262019
1 0.97476 0.0745192 0.0504808 0.149038
1 0.1875 0.247596 0.1875 0.211538
1 0.362981 0.242788 0.163462 0.1875
1 0.347356 0.112981 0.165865 0.221154
1 0.961538 0.895433 0.0769231 0.204327
1 0.604567 0.710337 0.189904 0.247596
1 0.168269 0.0685096 0.163462 0.137019
1 0.567308 0.925481 0.173077 0.149038
1 0.0805288 0.663462 0.161058 0.269231
1 0.355769 0.699519 0.173077 0.211538
1 0.046875 0.103365 0.09375 0.206731
1 0.919471 0.328125 0.161058 0.21875
1 0.919471 0.540865 0.15625 0.225962
1 0.780048 0.646635 0.180288 0.225962
1 0.455529 0.832933 0.161058 0.223558
0 0.579327 0.358173 0.394231 0.495192
