1 0.867788 0.149038 0.149038 0.216346
1 0.938702 0.682692 0.117788 0.221154
1 0.509615 0.364183 0.144231 0.213942
2 0.903846 0.802885 0.0576923 0.0769231
1 0.373798 0.40024 0.141827 0.194712
1 0.706731 0.759615 0.139423 0.177885
1 0.584135 0.899038 0.177885 0.182692
1 0.814904 0.713942 0.149038 0.163462
1 0.41226 0.247596 0.175481 0.1875
1 0.0612981 0.780048 0.122596 0.257212
1 0.235577 0.88101 0.211538 0.237981
1 0.16226 0.413462 0.180288 0.197115
1 0.176683 0.711538 0.137019 0.177885
1 0.555288 0.170673 0.168269 0.206731
1 0.894231 0.938702 0.168269 0.122596
0 0.106971 0.209135 0.209135 0.264423
1 0.721154 0.219952 0.153846 0.223558
0 0.426683 0.701923 0.252404 0.3125
1 0.873798 0.461538 0.15625 0.216346
