2 0.960938 0.35625 0.065625 0.0833333
1 0.302344 0.933333 0.167187 0.125
1 0.290625 0.955208 0.146875 0.0895833
1 0.0882813 0.379167 0.139062 0.220833
1 0.976562 0.573958 0.046875 0.277083
1 0.6125 0.95625 0.1625 0.0875
1 0.442187 0.905208 0.15625 0.189583
1 0.0984375 0.423958 0.175 0.239583
1 0.68125 0.821875 0.134375 0.20625
1 0.809375 0.615625 0.159375 0.23125
1 0.332031 0.9 0.185937 0.191667
1 0.028125 0.746875 0.05625 0.272917
1 0.774219 0.0583333 0.145313 0.116667
1 0.889063 0.620833 0.140625 0.216667
1 0.3125 0.432292 0.18125 0.24375
1 0.121094 0.463542 0.148438 0.214583
1 0.471875 0.447917 0.165625 0.220833
1 0.110937 0.921875 0.203125 0.15625
1 0.782812 0.873958 0.165625 0.252083
1 0.0539063 0.128125 0.104687 0.25625
1 0.475781 0.6375 0.160938 0.191667
1 0.611719 0.576042 0.167187 0.222917
1 0.923437 0.0833333 0.153125 0.166667
0 0.385156 0.120833 0.254687 0.241667
