1 0.74375 0.904167 0.16875 0.191667
1 0.158594 0.05625 0.160938 0.1125
1 0.0539063 0.822917 0.104687 0.1875
1 0.732031 0.39375 0.160938 0.245833
1 0.417188 0.720833 0.15625 0.2
1 0.5875 0.657292 0.1625 0.222917
1 0.277344 0.570833 0.160938 0.225
1 0.754687 0.145833 0.165625 0.225
1 0.513281 0.880208 0.151562 0.227083
1 0.591406 0.071875 0.173438 0.14375
1 0.146094 0.675 0.173438 0.2375
1 0.189063 0.211458 0.159375 0.227083
1 0.934375 0.790625 0.125 0.222917
1 0.773438 0.623958 0.178125 0.23125
1 0.301562 0.882292 0.178125 0.20625
0 0.439063 0.305208 0.359375 0.497917
