1 0.0171875 0.510417 0.034375 0.2625
1 0.1125 0.891667 0.15625 0.216667
1 0.505469 0.739583 0.132812 0.1875
1 0.841406 0.09375 0.167187 0.1875
1 0.059375 0.872917 0.11875 0.220833
1 0.671875 0.0833333 0.18125 0.166667
1 0.973437 0.773958 0.053125 0.214583
1 0.346094 0.903125 0.185937 0.19375
1 0.952344 0.216667 0.0921875 0.254167
1 0.0796875 0.141667 0.15625 0.283333
1 0.523438 0.426042 0.140625 0.202083
1 0.575 0.78125 0.1625 0.2125
1 0.784375 0.722917 0.159375 0.241667
1 0.177344 0.776042 0.154687 0.214583
1 0.828125 0.936458 0.203125 0.127083
1 0.277344 0.452083 0.170312 0.2125
1 0.592969 0.254167 0.164062 0.216667
1 0.803906 0.347917 0.192188 0.220833
1 0.0664062 0.675 0.129688 0.166667
0 0.303906 0.179167 0.326562 0.358333
