1 0.661719 0.429167 0.151562 0.225
1 0.738281 0.236458 0.173438 0.222917
1 0.109375 0.40625 0.1375 0.1875
1 0.174219 0.210417 0.151562 0.254167
1 0.417969 0.8125 0.132812 0.2
1 0.059375 0.65 0.11875 0.2125
1 0.875 0.0947917 0.18125 0.185417
1 0.723437 0.929167 0.184375 0.141667
1 0.234375 0.559375 0.1375 0.210417
1 0.172656 0.646875 0.132812 0.177083
1 0.860156 0.227083 0.179688 0.229167
1 0.684375 0.0520833 0.1625 0.104167
1 0.917188 0.452083 0.165625 0.229167
1 0.071875 0.0770833 0.1375 0.154167
1 0.66875 0.688542 0.16875 0.222917
0 0.423438 0.467708 0.3 0.397917
