1 0.873438 0.2875 0.159375 0.2375
1 0.0429688 0.832292 0.0859375 0.222917
1 0.08125 0.79375 0.15625 0.229167
1 0.684375 0.397917 0.15625 0.1875
1 0.2125 0.683333 0.175 0.2
1 0.071875 0.564583 0.1375 0.229167
1 0.149219 0.454167 0.173438 0.233333
1 0.0625 0.301042 0.125 0.20625
1 0.148438 0.0625 0.178125 0.125
1 0.939062 0.204167 0.121875 0.254167
1 0.135156 0.951042 0.173438 0.0979167
1 0.803125 0.0583333 0.165625 0.116667
1 0.564062 0.878125 0.171875 0.239583
1 0.407031 0.95 0.173438 0.1
1 0.35625 0.25625 0.15625 0.2125
1 0.948438 0.628125 0.1 0.189583
1 0.675 0.7 0.153125 0.195833
1 0.541406 0.14375 0.182812 0.233333
1 0.790625 0.219792 0.19375 0.227083
1 0.513281 0.454167 0.195312 0.2125
1 0.813281 0.614583 0.142188 0.1875
1 0.41875 0.673958 0.196875 0.25625
1 0.183594 0.213542 0.182812 0.24375
0 0.802344 0.834375 0.351562 0.33125
