1 0.0289063 0.498958 0.0578125 0.185417
1 0.842969 0.194792 0.182812 0.202083
1 0.0289063 0.282292 0.0578125 0.222917
1 0.0375 0.0989583 0.06875 0.177083
2 0.0695312 0.96875 0.0484375 0.0625
1 0.433594 0.565625 0.151562 0.185417
1 0.065625 0.334375 0.125 0.210417
1 0.305469 0.0427083 0.170312 0.0854167
1 0.034375 0.654167 0.06875 0.216667
1 0.964063 0.165625 0.071875 0.214583
1 0.126563 0.905208 0.1625 0.177083
1 0.220313 0.198958 0.146875 0.264583
1 0.321875 0.405208 0.146875 0.21875
1 0.903125 0.945833 0.16875 0.108333
1 0.853125 0.0895833 0.1625 0.179167
1 0.425781 0.935417 0.148438 0.129167
1 0.945312 0.733333 0.10625 0.225
1 0.317969 0.186458 0.148438 0.197917
1 0.953906 0.522917 0.0921875 0.191667
1 0.140625 0.740625 0.1375 0.189583
1 0.817969 0.829167 0.160938 0.2
1 0.282813 0.69375 0.184375 0.270833
1 0.851562 0.639583 0.128125 0.1875
1 0.789844 0.430208 0.145313 0.185417
1 0.0953125 0.0885417 0.134375 0.177083
0 0.5375 0.311458 0.3625 0.447917
