1 0.374219 0.803125 0.176563 0.21875
1 0.25625 0.748958 0.146875 0.177083
1 0.879687 0.0395833 0.146875 0.075
1 0.698438 0.708333 0.159375 0.233333
1 0.0671875 0.253125 0.134375 0.24375
1 0.965625 0.184375 0.065625 0.239583
1 0.227344 0.891667 0.189063 0.2
1 0.592188 0.259375 0.196875 0.252083
1 0.0945313 0.927083 0.167187 0.145833
1 0.471875 0.941667 0.134375 0.116667
1 0.425 0.13125 0.15625 0.233333
1 0.965625 0.74375 0.06875 0.1875
1 0.828125 0.602083 0.16875 0.216667
1 0.115625 0.728125 0.146875 0.23125
1 0.64375 0.490625 0.153125 0.177083
0 0.320312 0.471875 0.328125 0.472917
