2 0.959375 0.854167 0.0625 0.075
1 0.867969 0.102083 0.210938 0.195833
1 0.769531 0.0875 0.154687 0.175
1 0.444531 0.8 0.201562 0.216667
1 0.463281 0.538542 0.176563 0.252083
1 0.93125 0.204167 0.1375 0.195833
1 0.260938 0.808333 0.146875 0.195833
1 0.688281 0.096875 0.157813 0.19375
1 0.629687 0.417708 0.146875 0.210417
1 0.0390625 0.446875 0.078125 0.19375
1 0.096875 0.651042 0.178125 0.214583
1 0.132031 0.934375 0.148438 0.127083
1 0.302344 0.904167 0.148438 0.170833
1 0.574219 0.25 0.192188 0.241667
1 0.71875 0.626042 0.19375 0.252083
1 0.9375 0.330208 0.125 0.25625
1 0.533594 0.05625 0.164062 0.1125
1 0.365625 0.679167 0.1625 0.208333
1 0.05 0.216667 0.1 0.229167
1 0.046875 0.859375 0.090625 0.185417
1 0.953906 0.686458 0.0921875 0.25625
1 0.721875 0.886458 0.165625 0.222917
1 0.604688 0.936458 0.175 0.127083
1 0.797656 0.3 0.173438 0.233333
0 0.310156 0.222917 0.392188 0.445833
