1 0.85625 0.779167 0.165625 0.225
1 0.480469 0.0354167 0.151562 0.0708333
1 0.0445312 0.864583 0.0890625 0.270833
1 0.977344 0.748958 0.0453125 0.210417
1 0.602344 0.6 0.170312 0.233333
1 0.315625 0.208333 0.18125 0.166667
1 0.832031 0.454167 0.164062 0.220833
1 0.95625 0.513542 0.0875 0.210417
1 0.314063 0.0625 0.146875 0.125
1 0.667188 0.716667 0.1625 0.2
1 0.282031 0.576042 0.164062 0.214583
1 0.0648438 0.34375 0.126563 0.2125
1 0.467969 0.245833 0.157813 0.2125
1 0.945312 0.0802083 0.109375 0.160417
1 0.353125 0.370833 0.190625 0.1875
1 0.8125 0.0458333 0.1625 0.0916667
1 0.142969 0.0822917 0.182812 0.164583
1 0.490625 0.461458 0.15 0.189583
1 0.177344 0.35 0.151562 0.233333
1 0.739062 0.494792 0.153125 0.25625
1 0.945312 0.913542 0.109375 0.172917
1 0.816406 0.221875 0.195312 0.227083
1 0.185156 0.877083 0.173438 0.229167
1 0.635156 0.0791667 0.182812 0.158333
1 0.121094 0.560417 0.157813 0.216667
0 0.434375 0.797917 0.35 0.404167
