1 0.772837 0.342548 0.170673 0.233173
1 0.0360577 0.584135 0.0721154 0.264423
1 0.348558 0.929087 0.216346 0.141827
1 0.828125 0.465144 0.189904 0.180288
1 0.829327 0.0528846 0.149038 0.105769
1 0.715144 0.11899 0.189904 0.233173
1 0.102163 0.746394 0.170673 0.209135
1 0.715144 0.457933 0.141827 0.209135
1 0.0480769 0.77524 0.0913462 0.223558
1 0.96875 0.15625 0.0625 0.173077
1 0.240385 0.0480769 0.182692 0.0961538
1 0.235577 0.429087 0.235577 0.194712
1 0.927885 0.0456731 0.144231 0.0913462
1 0.903846 0.805288 0.192308 0.221154
1 0.882212 0.211538 0.153846 0.206731
1 0.0456731 0.0709135 0.0913462 0.141827
1 0.200721 0.164663 0.199519 0.170673
1 0.938702 0.627404 0.122596 0.254808
1 0.0793269 0.221154 0.153846 0.201923
1 0.75601 0.920673 0.209135 0.158654
1 0.582933 0.311298 0.194712 0.237981
1 0.158654 0.895433 0.173077 0.194712
0 0.425481 0.721154 0.389423 0.466346
