1 0.0367187 0.09375 0.0734375 0.1875
1 0.920313 0.239583 0.159375 0.2125
1 0.514063 0.229167 0.146875 0.275
1 0.329688 0.944792 0.209375 0.110417
1 0.1125 0.935417 0.178125 0.129167
1 0.783594 0.540625 0.142188 0.227083
1 0.0914062 0.278125 0.182812 0.24375
1 0.18125 0.675 0.175 0.25
1 0.879687 0.416667 0.146875 0.208333
1 0.339844 0.434375 0.204688 0.210417
1 0.923437 0.642708 0.146875 0.23125
1 0.183594 0.0927083 0.170312 0.185417
1 0.760156 0.163542 0.164062 0.272917
0 0.485156 0.738542 0.367188 0.48125
