1 0.259375 0.0322917 0.1375 0.0645833
1 0.697656 0.4625 0.148438 0.170833
1 0.464844 0.679167 0.164062 0.175
1 0.898438 0.609375 0.171875 0.20625
2 0.422656 0.8375 0.0734375 0.104167
1 0.64375 0.0489583 0.19375 0.09375
1 0.950781 0.75625 0.0984375 0.183333
1 0.144531 0.547917 0.157813 0.2625
1 0.948438 0.490625 0.103125 0.23125
1 0.564062 0.0520833 0.153125 0.104167
1 0.870313 0.495833 0.1375 0.191667
1 0.0609375 0.228125 0.121875 0.23125
1 0.138281 0.09375 0.173438 0.1875
1 0.155469 0.229167 0.142188 0.208333
1 0.825781 0.0729167 0.201562 0.145833
1 0.0351562 0.94375 0.0703125 0.1125
1 0.31875 0.908333 0.16875 0.183333
1 0.160156 0.828125 0.160938 0.24375
1 0.613281 0.416667 0.167187 0.2
1 0.921875 0.248958 0.15625 0.25625
1 0.711719 0.573958 0.176563 0.185417
0 0.3125 0.445833 0.20625 0.2375
1 0.898438 0.9125 0.159375 0.175
0 0.572656 0.88125 0.251563 0.2375
