1 0.402344 0.904167 0.123438 0.183333
1 0.028125 0.780208 0.05625 0.277083
1 0.0875 0.551042 0.109375 0.185417
1 0.9625 0.930208 0.075 0.139583
1 0.771875 0.80625 0.14375 0.216667
1 0.028125 0.448958 0.05625 0.260417
1 0.959375 0.0822917 0.08125 0.164583
1 0.895312 0.213542 0.196875 0.30625
1 0.735937 0.895833 0.159375 0.208333
1 0.579687 0.969792 0.140625 0.0604167
1 0.892187 0.927083 0.165625 0.145833
1 0.950781 0.717708 0.0984375 0.252083
1 0.760938 0.0354167 0.159375 0.0708333
1 0.459375 0.807292 0.1625 0.214583
1 0.0976562 0.071875 0.148438 0.14375
1 0.608594 0.591667 0.123438 0.2
1 0.582812 0.373958 0.140625 0.222917
1 0.775 0.267708 0.14375 0.18125
1 0.29375 0.80625 0.178125 0.2375
0 0.373437 0.40625 0.253125 0.316667
