1 0.659375 0.132292 0.16875 0.210417
1 0.627344 0.1125 0.145313 0.195833
1 0.0601562 0.059375 0.120312 0.11875
1 0.951563 0.935417 0.096875 0.129167
1 0.911719 0.780208 0.167187 0.235417
1 0.2125 0.957292 0.178125 0.0854167
1 0.407813 0.0802083 0.190625 0.160417
1 0.40625 0.925 0.178125 0.145833
1 0.95 0.1875 0.1 0.25
1 0.178125 0.672917 0.153125 0.2
1 0.301562 0.615625 0.1625 0.210417
1 0.785156 0.626042 0.201562 0.23125
1 0.817969 0.260417 0.148438 0.191667
1 0.2875 0.825 0.15 0.1875
1 0.303906 0.26875 0.164062 0.2125
1 0.596875 0.645833 0.16875 0.225
1 0.657031 0.844792 0.151562 0.210417
1 0.175 0.115625 0.134375 0.160417
0 0.123438 0.378125 0.246875 0.44375
1 0.63125 0.373958 0.19375 0.23125
1 0.91875 0.459375 0.1625 0.25625
