1 0.29375 0.634375 0.175 0.202083
1 0.0382813 0.626042 0.0765625 0.227083
1 0.683594 0.905208 0.195312 0.189583
1 0.946875 0.505208 0.10625 0.272917
1 0.520312 0.839583 0.190625 0.245833
1 0.964063 0.902083 0.071875 0.195833
1 0.878125 0.722917 0.175 0.270833
1 0.142969 0.623958 0.164062 0.25625
1 0.0515625 0.816667 0.1 0.195833
1 0.692187 0.260417 0.2 0.241667
1 0.517187 0.5625 0.171875 0.241667
1 0.699219 0.511458 0.164062 0.247917
1 0.845312 0.921875 0.15625 0.152083
1 0.710938 0.0822917 0.196875 0.164583
1 0.85625 0.458333 0.178125 0.279167
0 0.248437 0.329167 0.346875 0.441667
