1 0.573317 0.436298 0.170673 0.228365
2 0.170673 0.459135 0.0528846 0.0769231
2 0.293269 0.901442 0.105769 0.129808
1 0.429087 0.59976 0.165865 0.199519
1 0.861779 0.0336538 0.170673 0.0673077
1 0.592548 0.65024 0.161058 0.228365
1 0.959135 0.356971 0.0817308 0.257212
1 0.955529 0.104567 0.0841346 0.204327
1 0.0384615 0.433894 0.0769231 0.223558
1 0.105769 0.780048 0.206731 0.209135
1 0.0588942 0.0697115 0.117788 0.139423
1 0.258413 0.201923 0.175481 0.25
1 0.370192 0.473558 0.192308 0.1875
1 0.883413 0.888221 0.170673 0.223558
0 0.495192 0.870192 0.206731 0.259615
1 0.698317 0.816106 0.161058 0.185096
1 0.228365 0.591346 0.197115 0.211538
1 0.698317 0.237981 0.175481 0.221154
