1 0.865625 0.915625 0.196875 0.16875
1 0.0265625 0.726042 0.053125 0.214583
1 0.707031 0.428125 0.132812 0.19375
1 0.944531 0.647917 0.110937 0.220833
1 0.929688 0.392708 0.134375 0.214583
1 0.5375 0.326042 0.14375 0.29375
1 0.939062 0.703125 0.121875 0.197917
1 0.671875 0.433333 0.13125 0.2
1 0.9625 0.934375 0.075 0.13125
1 0.422656 0.040625 0.185937 0.08125
1 0.980469 0.539583 0.0390625 0.208333
1 0.95 0.273958 0.1 0.239583
1 0.6625 0.18125 0.16875 0.229167
1 0.0710938 0.909375 0.142188 0.18125
1 0.738281 0.795833 0.173438 0.225
1 0.95625 0.0927083 0.0875 0.18125
1 0.0671875 0.754167 0.13125 0.233333
1 0.829687 0.389583 0.1625 0.245833
1 0.470313 0.553125 0.171875 0.260417
1 0.0859375 0.428125 0.153125 0.210417
0 0.341406 0.316667 0.267188 0.283333
