1 0.01875 0.65625 0.0375 0.254167
1 0.0726563 0.5125 0.145313 0.216667
1 0.0265625 0.177083 0.053125 0.204167
1 0.207813 0.05 0.1875 0.1
1 0.320312 0.757292 0.165625 0.197917
1 0.664062 0.520833 0.1375 0.208333
1 0.575 0.870833 0.1875 0.25
1 0.646875 0.3125 0.19375 0.2
1 0.189844 0.941667 0.179688 0.116667
1 0.103906 0.339583 0.198437 0.254167
1 0.838281 0.428125 0.195312 0.214583
1 0.645312 0.107292 0.184375 0.214583
1 0.374219 0.922917 0.164062 0.154167
1 0.809375 0.1875 0.15 0.233333
1 0.878125 0.63125 0.19375 0.229167
1 0.807031 0.913542 0.164062 0.172917
1 0.122656 0.777083 0.176563 0.254167
1 0.940625 0.180208 0.115625 0.260417
1 0.429688 0.273958 0.1625 0.189583
0 0.473437 0.577083 0.321875 0.495833
