1 0.36875 0.0197917 0.175 0.0395833
1 0.94375 0.0270833 0.1125 0.0541667
1 0.592188 0.688542 0.159375 0.239583
1 0.028125 0.121875 0.05625 0.24375
1 0.667969 0.9625 0.170312 0.075
1 0.970312 0.276042 0.059375 0.222917
1 0.916406 0.119792 0.117188 0.18125
1 0.973437 0.879167 0.053125 0.241667
1 0.04375 0.666667 0.0875 0.233333
1 0.322656 0.625 0.223438 0.25
1 0.492188 0.125 0.190625 0.216667
1 0.257812 0.951042 0.16875 0.0979167
1 0.25625 0.36875 0.178125 0.229167
1 0.65625 0.158333 0.18125 0.258333
1 0.0617188 0.886458 0.123438 0.227083
1 0.510938 0.909375 0.165625 0.18125
0 0.49375 0.413542 0.3375 0.472917
1 0.103125 0.485417 0.19375 0.208333
1 0.710156 0.738542 0.192188 0.277083
1 0.289844 0.140625 0.185937 0.239583
