1 0.272656 0.936458 0.198437 0.127083
1 0.607031 0.960417 0.173438 0.0791667
1 0.471094 0.0635417 0.176563 0.127083
1 0.660937 0.103125 0.171875 0.20625
1 0.303906 0.433333 0.192188 0.191667
1 0.805469 0.0916667 0.154687 0.183333
1 0.721875 0.43125 0.2125 0.2375
1 0.182031 0.09375 0.179688 0.1875
1 0.898438 0.576042 0.178125 0.197917
1 0.05625 0.386458 0.109375 0.185417
1 0.0546875 0.140625 0.109375 0.214583
1 0.925781 0.198958 0.145313 0.197917
1 0.630469 0.683333 0.142188 0.225
1 0.710156 0.204167 0.154687 0.233333
1 0.778125 0.745833 0.2125 0.258333
0 0.267188 0.685417 0.228125 0.279167
