1 0.05 0.947917 0.1 0.104167
1 0.654688 0.388542 0.146875 0.177083
1 0.0460938 0.654167 0.0921875 0.241667
1 0.141406 0.514583 0.142188 0.195833
1 0.2375 0.827083 0.16875 0.245833
1 0.4125 0.830208 0.18125 0.189583
1 0.939062 0.0552083 0.121875 0.110417
1 0.36875 0.151042 0.15 0.19375
1 0.05 0.483333 0.1 0.2
1 0.8 0.0947917 0.14375 0.189583
1 0.241406 0.130208 0.154687 0.222917
1 0.797656 0.701042 0.185937 0.21875
1 0.9375 0.309375 0.125 0.222917
1 0.919531 0.858333 0.160938 0.216667
1 0.820312 0.445833 0.1625 0.241667
1 0.717188 0.883333 0.146875 0.225
1 0.654688 0.192708 0.165625 0.21875
0 0.366406 0.522917 0.382812 0.516667
