1 0.0324519 0.567308 0.0649038 0.245192
1 0.969952 0.16226 0.0600962 0.21875
1 0.923077 0.324519 0.153846 0.211538
1 0.830529 0.463942 0.180288 0.182692
1 0.344952 0.228365 0.194712 0.216346
1 0.0504808 0.776442 0.100962 0.225962
1 0.09375 0.759615 0.173077 0.235577
1 0.774038 0.347356 0.173077 0.237981
1 0.240385 0.046875 0.182692 0.09375
1 0.350962 0.929087 0.225962 0.137019
1 0.705529 0.121394 0.180288 0.228365
1 0.225962 0.430288 0.206731 0.192308
1 0.905048 0.80649 0.185096 0.223558
1 0.71274 0.460337 0.141827 0.194712
1 0.206731 0.168269 0.201923 0.163462
1 0.0444712 0.0709135 0.0889423 0.137019
1 0.941106 0.626202 0.112981 0.257212
1 0.88101 0.209135 0.151442 0.201923
1 0.0805288 0.216346 0.161058 0.197115
1 0.580529 0.310096 0.189904 0.235577
1 0.159856 0.895433 0.175481 0.194712
1 0.751202 0.920673 0.213942 0.158654
0 0.419471 0.715144 0.382212 0.430288
