0 0.115625 0.477083 0.1875 0.166667
0 0.0203125 0.635417 0.040625 0.195833
0 0.463281 0.059375 0.145313 0.11875
0 0.0359375 0.361458 0.071875 0.23125
0 0.795313 0.0479167 0.153125 0.0958333
0 0.589844 0.0625 0.151562 0.125
0 0.271094 0.040625 0.173438 0.08125
0 0.660156 0.959375 0.164062 0.08125
0 0.93125 0.309375 0.1375 0.239583
0 0.0976562 0.821875 0.176563 0.189583
0 0.789062 0.364583 0.134375 0.2125
0 0.815625 0.5125 0.1625 0.2
0 0.698438 0.898958 0.178125 0.189583
0 0.523438 0.289583 0.153125 0.233333
0 0.886719 0.0520833 0.123438 0.104167
1 0.291406 0.248958 0.342187 0.464583
0 0.609375 0.670833 0.178125 0.208333
0 0.902344 0.676042 0.164062 0.18125
0 0.885156 0.905208 0.182812 0.189583
0 0.228906 0.929167 0.173438 0.141667
0 0.750781 0.697917 0.142188 0.183333
0 0.942187 0.501042 0.115625 0.18125
0 0.65625 0.342708 0.159375 0.222917
0 0.5125 0.530208 0.18125 0.19375
0 0.254687 0.563542 0.184375 0.21875
0 0.410156 0.833333 0.164062 0.208333
