0 0.890625 0.0348558 0.170673 0.0697115
0 0.965144 0.484375 0.0697115 0.199519
1 0.953125 0.841346 0.09375 0.197115
1 0.0408654 0.949519 0.0817308 0.100962
1 0.512019 0.850962 0.153846 0.211538
1 0.891827 0.0348558 0.173077 0.0697115
1 0.893029 0.430288 0.180288 0.264423
1 0.329327 0.294471 0.1875 0.213942
1 0.419471 0.963942 0.161058 0.0721154
1 0.586538 0.796875 0.158654 0.209135
1 0.25601 0.908654 0.161058 0.177885
1 0.25601 0.111779 0.161058 0.175481
1 0.570913 0.0348558 0.151442 0.0697115
1 0.713942 0.0432692 0.129808 0.0865385
1 0.102163 0.100962 0.165865 0.201923
1 0.853365 0.93149 0.182692 0.137019
1 0.870192 0.211538 0.182692 0.206731
1 0.813702 0.782452 0.165865 0.204327
1 0.612981 0.94351 0.149038 0.112981
1 0.335337 0.74399 0.175481 0.204327
1 0.0516827 0.347356 0.103365 0.242788
1 0.144231 0.294471 0.153846 0.242788
1 0.671875 0.605769 0.170673 0.225962
0 0.782452 0.477163 0.0697115 0.0841346
1 0.0516827 0.824519 0.103365 0.225962
2 0.450721 0.46274 0.353365 0.420673
1 0.716346 0.183894 0.153846 0.194712
1 0.492788 0.135817 0.192308 0.21875
