0 0.0515625 0.35 0.103125 0.208333
0 0.361719 0.95 0.167187 0.1
0 0.0679687 0.86875 0.132812 0.191667
0 0.898438 0.2875 0.146875 0.2
0 0.140625 0.921875 0.175 0.15625
0 0.95 0.121875 0.1 0.16875
0 0.01875 0.0979167 0.0375 0.195833
0 0.920313 0.9125 0.134375 0.175
0 0.301562 0.0572917 0.1625 0.114583
0 0.285937 0.838542 0.16875 0.235417
0 0.876562 0.736458 0.165625 0.23125
0 0.379687 0.804167 0.146875 0.204167
0 0.2375 0.575 0.15 0.208333
0 0.109375 0.2 0.196875 0.270833
0 0.807031 0.2625 0.157813 0.208333
0 0.957031 0.585417 0.0859375 0.241667
0 0.822656 0.0895833 0.170312 0.179167
0 0.0703125 0.6375 0.1375 0.233333
0 0.404687 0.561458 0.171875 0.222917
1 0.432813 0.132292 0.209375 0.260417
