0 0.23125 0.384375 0.153125 0.23125
0 0.059375 0.922917 0.115625 0.129167
0 0.0367187 0.175 0.0734375 0.3
0 0.817187 0.0666667 0.196875 0.133333
0 0.314844 0.96875 0.182812 0.0625
0 0.85 0.147917 0.15625 0.204167
0 0.388281 0.723958 0.148438 0.197917
0 0.153125 0.935417 0.153125 0.129167
0 0.95625 0.341667 0.0875 0.220833
0 0.339063 0.85625 0.140625 0.195833
0 0.129688 0.0739583 0.165625 0.147917
0 0.559375 0.040625 0.165625 0.08125
0 0.665625 0.227083 0.14375 0.204167
0 0.165625 0.25625 0.1875 0.229167
0 0.767969 0.384375 0.179688 0.227083
0 0.400781 0.5125 0.157813 0.2
0 0.377344 0.29375 0.170312 0.2125
0 0.2625 0.0854167 0.146875 0.170833
0 0.0976562 0.495833 0.164062 0.241667
0 0.923437 0.595833 0.153125 0.208333
1 0.671094 0.75 0.201562 0.25
