0 0.0851562 0.517708 0.148438 0.260417
0 0.0765625 0.780208 0.153125 0.25625
0 0.244531 0.08125 0.148438 0.1625
0 0.585938 0.747917 0.153125 0.179167
0 0.425781 0.93125 0.154687 0.1375
0 0.634375 0.853125 0.19375 0.227083
0 0.939062 0.290625 0.121875 0.235417
0 0.5875 0.1875 0.1625 0.204167
0 0.629687 0.316667 0.159375 0.208333
0 0.460938 0.783333 0.159375 0.216667
0 0.95 0.497917 0.1 0.229167
0 0.585156 0.571875 0.176563 0.252083
0 0.7125 0.2 0.146875 0.2
1 0.301562 0.411458 0.284375 0.335417
0 0.811719 0.353125 0.176563 0.235417
0 0.773438 0.679167 0.171875 0.2
