1 0.376202 0.0408654 0.170673 0.0817308
1 0.0673077 0.459135 0.129808 0.278846
1 0.0865385 0.0240385 0.168269 0.0480769
1 0.49399 0.945913 0.170673 0.108173
1 0.884615 0.347356 0.134615 0.199519
1 0.527644 0.741587 0.209135 0.15625
1 0.390625 0.932692 0.151442 0.134615
1 0.302885 0.735577 0.168269 0.182692
1 0.456731 0.789663 0.149038 0.204327
1 0.186298 0.0889423 0.146635 0.177885
1 0.173077 0.451923 0.125 0.254808
1 0.653846 0.352163 0.139423 0.180288
1 0.41226 0.115385 0.161058 0.211538
1 0.0600962 0.292067 0.120192 0.209135
0 0.713942 0.867788 0.0769231 0.105769
1 0.959135 0.612981 0.0817308 0.254808
0 0.234375 0.241587 0.0697115 0.0841346
1 0.516827 0.21274 0.197115 0.199519
1 0.923077 0.078125 0.153846 0.15625
1 0.78726 0.0745192 0.170673 0.149038
1 0.209135 0.604567 0.168269 0.209135
1 0.784856 0.268029 0.151442 0.223558
1 0.111779 0.929087 0.175481 0.141827
1 0.673077 0.544471 0.201923 0.21875
1 0.544471 0.0709135 0.146635 0.141827
2 0.377404 0.430288 0.355769 0.461538
1 0.838942 0.86899 0.173077 0.247596
