0 0.960938 0.0291667 0.078125 0.0583333
0 0.463281 0.961458 0.164062 0.0770833
0 0.192188 0.860417 0.171875 0.179167
0 0.470313 0.661458 0.171875 0.197917
0 0.661719 0.49375 0.167187 0.216667
0 0.7125 0.140625 0.18125 0.272917
0 0.747656 0.904167 0.151562 0.183333
0 0.26875 0.930208 0.16875 0.139583
0 0.260156 0.179167 0.126563 0.245833
0 0.498437 0.536458 0.175 0.20625
0 0.525 0.877083 0.184375 0.225
0 0.0648438 0.921875 0.126563 0.152083
0 0.602344 0.796875 0.142188 0.239583
0 0.0421875 0.2625 0.084375 0.2375
0 0.894531 0.125 0.167187 0.2375
0 0.132031 0.107292 0.160938 0.20625
0 0.761719 0.683333 0.182812 0.25
0 0.253906 0.435417 0.182812 0.245833
0 0.897656 0.908333 0.145313 0.183333
1 0.457031 0.159375 0.370313 0.31875
0 0.91875 0.725 0.1625 0.216667
0 0.85 0.520833 0.196875 0.229167
