0 0.015625 0.659375 0.03125 0.222917
0 0.0375 0.920833 0.075 0.158333
0 0.110937 0.0635417 0.14375 0.127083
0 0.789062 0.246875 0.165625 0.239583
0 0.374219 0.0552083 0.189063 0.110417
0 0.0296875 0.295833 0.059375 0.191667
0 0.859375 0.963542 0.18125 0.0729167
0 0.615625 0.964583 0.1625 0.0708333
0 0.860156 0.065625 0.148438 0.13125
0 0.11875 0.91875 0.15 0.1625
0 0.942969 0.234375 0.110937 0.197917
0 0.21875 0.919792 0.15 0.160417
0 0.0289063 0.109375 0.0578125 0.189583
0 0.724219 0.6 0.157813 0.204167
0 0.253906 0.0895833 0.185937 0.179167
0 0.636719 0.826042 0.154687 0.197917
0 0.671094 0.3875 0.170312 0.229167
0 0.776563 0.877083 0.159375 0.191667
0 0.621094 0.596875 0.154687 0.210417
0 0.121875 0.229167 0.165625 0.229167
0 0.739062 0.0854167 0.171875 0.170833
0 0.0710938 0.55625 0.139062 0.204167
0 0.182812 0.738542 0.153125 0.239583
0 0.510938 0.367708 0.165625 0.235417
0 0.31875 0.4 0.15625 0.216667
0 0.571875 0.065625 0.14375 0.13125
1 0.384375 0.686458 0.30625 0.385417
