0 0.015625 0.117708 0.03125 0.202083
0 0.970312 0.230208 0.05625 0.23125
0 0.0226563 0.475 0.0453125 0.2
0 0.675 0.944792 0.153125 0.110417
0 0.0203125 0.767708 0.040625 0.202083
0 0.98125 0.720833 0.0375 0.2
0 0.0789063 0.311458 0.154687 0.202083
0 0.0585938 0.10625 0.110937 0.2125
0 0.960156 0.49375 0.0796875 0.258333
0 0.6 0.819792 0.146875 0.160417
0 0.323438 0.447917 0.1625 0.254167
0 0.928906 0.909375 0.142188 0.177083
0 0.198437 0.922917 0.140625 0.154167
0 0.7125 0.269792 0.14375 0.189583
1 0.801562 0.663542 0.328125 0.45625
0 0.451562 0.9125 0.1625 0.175
0 0.421094 0.128125 0.173438 0.235417
0 0.705469 0.0791667 0.189063 0.158333
0 0.474219 0.571875 0.176563 0.210417
0 0.313281 0.1125 0.167187 0.208333
0 0.510156 0.714583 0.182812 0.2
0 0.075 0.628125 0.140625 0.197917
0 0.217969 0.485417 0.176563 0.2375
0 0.914062 0.133333 0.171875 0.2125
0 0.325781 0.704167 0.157813 0.233333
