1 0.96274 0.0300481 0.0745192 0.0600962
1 0.665865 0.894231 0.158654 0.201923
1 0.0492788 0.384615 0.0985577 0.216346
0 0.951923 0.903846 0.0961538 0.1875
0 0.163462 0.383413 0.0576923 0.0793269
1 0.296875 0.938702 0.175481 0.122596
1 0.771635 0.198317 0.149038 0.161058
1 0.138221 0.078125 0.151442 0.15625
1 0.74399 0.433894 0.151442 0.257212
1 0.951923 0.902644 0.0961538 0.185096
1 0.0673077 0.664663 0.134615 0.209135
1 0.966346 0.716346 0.0673077 0.206731
1 0.444712 0.0408654 0.177885 0.0817308
1 0.5625 0.289663 0.1875 0.194712
1 0.373798 0.379808 0.185096 0.201923
1 0.91226 0.122596 0.170673 0.230769
1 0.527644 0.844952 0.170673 0.209135
1 0.740385 0.740385 0.153846 0.206731
1 0.0661058 0.165865 0.132212 0.235577
1 0.961538 0.307692 0.0769231 0.235577
1 0.61899 0.0793269 0.21875 0.158654
1 0.223558 0.862981 0.168269 0.230769
1 0.25 0.227163 0.1875 0.189904
1 0.262019 0.634615 0.182692 0.216346
1 0.899038 0.534856 0.158654 0.194712
1 0.860577 0.878606 0.1875 0.233173
1 0.417067 0.1875 0.180288 0.216346
1 0.115385 0.518029 0.206731 0.262019
2 0.544471 0.539663 0.223558 0.276442
