0 0.103906 0.379167 0.195312 0.216667
0 0.985937 0.651042 0.028125 0.21875
0 0.948438 0.835417 0.103125 0.2
0 0.29375 0.03125 0.165625 0.0625
0 0.578125 0.941667 0.2125 0.116667
0 0.0570313 0.746875 0.114063 0.302083
0 0.132812 0.122917 0.203125 0.220833
0 0.452344 0.68125 0.173438 0.258333
0 0.379687 0.929167 0.184375 0.141667
0 0.682813 0.159375 0.196875 0.25625
0 0.323438 0.195833 0.228125 0.2625
0 0.4875 0.19375 0.175 0.220833
0 0.205469 0.897917 0.167187 0.204167
0 0.370313 0.439583 0.175 0.254167
1 0.195312 0.6125 0.23125 0.354167
