0 0.0585938 0.8625 0.117188 0.1875
0 0.892187 0.348958 0.15625 0.197917
0 0.964063 0.744792 0.071875 0.23125
0 0.841406 0.921875 0.154687 0.15625
0 0.616406 0.84375 0.179688 0.204167
0 0.0304688 0.254167 0.0609375 0.183333
0 0.0320312 0.4125 0.0609375 0.183333
0 0.413281 0.0833333 0.120312 0.166667
0 0.229687 0.0770833 0.178125 0.154167
0 0.422656 0.20625 0.160938 0.208333
0 0.657031 0.95 0.173438 0.1
0 0.0804688 0.610417 0.148438 0.220833
0 0.48125 0.31875 0.165625 0.170833
0 0.241406 0.880208 0.167187 0.239583
0 0.876562 0.25 0.159375 0.195833
0 0.0796875 0.763542 0.15625 0.214583
0 0.392969 0.848958 0.167187 0.23125
0 0.298438 0.465625 0.153125 0.210417
0 0.560156 0.078125 0.157813 0.15625
0 0.953906 0.1125 0.0921875 0.220833
1 0.495313 0.605208 0.34375 0.439583
0 0.703906 0.232292 0.170312 0.26875
0 0.285156 0.664583 0.157813 0.208333
0 0.810938 0.09375 0.165625 0.1875
0 0.0601562 0.0885417 0.120312 0.177083
0 0.89375 0.50625 0.175 0.229167
0 0.780469 0.827083 0.164062 0.204167
