0 0.0492188 0.0510417 0.0984375 0.0979167
0 0.874219 0.40625 0.170312 0.225
0 0.327344 0.125 0.167187 0.208333
0 0.220313 0.0322917 0.171875 0.0645833
0 0.385156 0.969792 0.179688 0.0604167
0 0.4375 0.0385417 0.19375 0.0770833
0 0.620313 0.108333 0.153125 0.191667
0 0.940625 0.822917 0.11875 0.2625
0 0.55625 0.958333 0.16875 0.0833333
0 0.40625 0.604167 0.159375 0.175
0 0.0359375 0.213542 0.071875 0.239583
0 0.132031 0.888542 0.195312 0.222917
0 0.784375 0.651042 0.19375 0.23125
0 0.599219 0.558333 0.148438 0.216667
0 0.729688 0.2625 0.20625 0.220833
0 0.822656 0.0708333 0.157813 0.141667
0 0.536719 0.753125 0.192188 0.197917
1 0.448438 0.3125 0.340625 0.4625
0 0.0765625 0.657292 0.15 0.24375
0 0.796875 0.882292 0.18125 0.227083
0 0.20625 0.346875 0.175 0.247917
0 0.357812 0.829167 0.190625 0.229167
