0 0.98125 0.101042 0.0375 0.202083
0 0.01875 0.236458 0.0375 0.25625
0 0.335938 0.975 0.134375 0.05
0 0.922656 0.332292 0.151562 0.252083
0 0.945312 0.889583 0.109375 0.220833
0 0.603906 0.797917 0.223438 0.254167
0 0.777344 0.29375 0.195312 0.216667
0 0.274219 0.846875 0.198437 0.247917
0 0.65 0.10625 0.2 0.2125
0 0.227344 0.0739583 0.173438 0.147917
0 0.5375 0.539583 0.18125 0.220833
0 0.383594 0.661458 0.195312 0.210417
1 0.769531 0.583333 0.332812 0.466667
0 0.571875 0.314583 0.1875 0.2375
0 0.260156 0.291667 0.167187 0.233333
