0 0.960938 0.635417 0.078125 0.2125
0 0.0460938 0.0291667 0.0890625 0.0583333
0 0.117969 0.969792 0.170312 0.0604167
0 0.367969 0.0614583 0.201562 0.122917
0 0.240625 0.970833 0.134375 0.0583333
0 0.695312 0.166667 0.165625 0.1625
0 0.797656 0.0458333 0.170312 0.0916667
0 0.257031 0.198958 0.160938 0.189583
0 0.965625 0.927083 0.06875 0.145833
0 0.549219 0.0854167 0.160938 0.170833
0 0.964063 0.1 0.071875 0.2
0 0.0984375 0.813542 0.18125 0.23125
0 0.084375 0.461458 0.16875 0.21875
0 0.0773437 0.269792 0.154687 0.20625
0 0.279687 0.766667 0.15625 0.225
0 0.463281 0.354167 0.164062 0.245833
0 0.853125 0.182292 0.15625 0.25625
0 0.455469 0.926042 0.164062 0.147917
0 0.180469 0.0864583 0.154687 0.172917
0 0.722656 0.889583 0.189063 0.2
0 0.690625 0.708333 0.15 0.166667
0 0.882812 0.617708 0.18125 0.20625
0 0.504687 0.723958 0.165625 0.260417
0 0.107031 0.630208 0.179688 0.202083
0 0.3375 0.396875 0.178125 0.227083
1 0.664062 0.428125 0.328125 0.410417
