0 0.135156 0.425 0.164062 0.2
0 0.911719 0.794792 0.176563 0.214583
0 0.284375 0.4375 0.16875 0.229167
0 0.851562 0.103125 0.171875 0.19375
0 0.283594 0.0625 0.145313 0.125
0 0.860937 0.471875 0.146875 0.21875
0 0.184375 0.902083 0.16875 0.195833
0 0.939062 0.492708 0.121875 0.197917
0 0.95625 0.0729167 0.0875 0.145833
0 0.0335938 0.952083 0.0671875 0.0958333
0 0.0367187 0.352083 0.0734375 0.216667
0 0.969531 0.702083 0.0609375 0.179167
0 0.667969 0.951042 0.189063 0.0979167
0 0.927344 0.958333 0.145313 0.0833333
0 0.444531 0.272917 0.170312 0.170833
0 0.0578125 0.201042 0.115625 0.21875
0 0.939844 0.295833 0.120312 0.1875
0 0.684375 0.564583 0.21875 0.2375
0 0.295312 0.167708 0.178125 0.23125
0 0.410937 0.0645833 0.159375 0.129167
0 0.522656 0.107292 0.164062 0.210417
0 0.479688 0.43125 0.15 0.179167
0 0.753906 0.0958333 0.154687 0.191667
0 0.145313 0.071875 0.15 0.14375
0 0.644531 0.209375 0.157813 0.214583
0 0.338281 0.923958 0.160938 0.152083
0 0.666406 0.392708 0.185937 0.20625
0 0.553906 0.691667 0.148438 0.183333
0 0.507812 0.854167 0.196875 0.216667
1 0.1125 0.680208 0.225 0.43125
0 0.778906 0.81875 0.179688 0.204167
