1 0.0564904 0.388221 0.112981 0.189904
1 0.734375 0.0504808 0.141827 0.100962
0 0.442308 0.207933 0.0673077 0.0889423
1 0.361779 0.0997596 0.194712 0.194712
0 0.350962 0.55649 0.0528846 0.0649038
1 0.288462 0.938702 0.177885 0.122596
1 0.186298 0.09375 0.189904 0.1875
0 0.191106 0.09375 0.194712 0.1875
1 0.897837 0.575721 0.180288 0.204327
0 0.0552885 0.387019 0.110577 0.1875
0 0.747596 0.948317 0.0576923 0.0841346
1 0.606971 0.961538 0.161058 0.0769231
1 0.473558 0.0600962 0.182692 0.120192
1 0.80649 0.0925481 0.165865 0.185096
1 0.657452 0.105769 0.161058 0.197115
1 0.304087 0.435096 0.199519 0.192308
0 0.0564904 0.141827 0.112981 0.211538
1 0.926683 0.199519 0.146635 0.192308
1 0.633413 0.685096 0.15625 0.221154
1 0.728365 0.4375 0.206731 0.230769
1 0.776442 0.746394 0.216346 0.252404
1 0.707933 0.209135 0.161058 0.216346
2 0.268029 0.6875 0.247596 0.298077
