0 0.416406 0.965625 0.160938 0.06875
0 0.0421875 0.973958 0.084375 0.0520833
0 0.0492188 0.777083 0.0984375 0.216667
0 0.808594 0.638542 0.164062 0.189583
0 0.346094 0.227083 0.176563 0.220833
0 0.970312 0.157292 0.059375 0.177083
0 0.827344 0.0520833 0.135937 0.104167
0 0.921875 0.322917 0.15 0.220833
0 0.0304688 0.560417 0.0609375 0.229167
0 0.7125 0.454167 0.140625 0.2
0 0.923437 0.046875 0.146875 0.09375
0 0.240625 0.0541667 0.18125 0.108333
0 0.940625 0.629167 0.11875 0.245833
0 0.203906 0.428125 0.160938 0.197917
0 0.882031 0.204167 0.145313 0.2
0 0.20625 0.167708 0.1875 0.177083
0 0.0976562 0.746875 0.167187 0.21875
0 0.0445312 0.0677083 0.0859375 0.135417
0 0.753906 0.916667 0.201562 0.166667
0 0.078125 0.217708 0.15625 0.197917
0 0.579687 0.308333 0.190625 0.245833
0 0.159375 0.895833 0.16875 0.2
1 0.417188 0.720833 0.384375 0.466667
