0 0.155469 0.933333 0.185937 0.133333
0 0.0484375 0.511458 0.096875 0.19375
0 0.167969 0.0395833 0.189063 0.0791667
0 0.277344 0.74375 0.167187 0.195833
0 0.798437 0.410417 0.190625 0.204167
0 0.607031 0.297917 0.192188 0.195833
0 0.622656 0.507292 0.139062 0.20625
0 0.917188 0.165625 0.165625 0.252083
0 0.599219 0.1 0.185937 0.2
1 0.433594 0.559375 0.317187 0.49375
0 0.0796875 0.321875 0.159375 0.24375
0 0.7625 0.907292 0.1625 0.18125
0 0.532812 0.858333 0.190625 0.258333
0 0.333594 0.915625 0.160938 0.16875
0 0.7625 0.175 0.15 0.225
0 0.83125 0.614583 0.19375 0.229167
0 0.0859375 0.758333 0.171875 0.25
0 0.389062 0.255208 0.165625 0.189583
