1 0.941106 0.617788 0.117788 0.230769
1 0.772837 0.335337 0.170673 0.223558
1 0.0420673 0.972356 0.0841346 0.0552885
1 0.0492788 0.774038 0.0985577 0.216346
1 0.418269 0.338942 0.173077 0.240385
0 0.901442 0.805288 0.1875 0.221154
1 0.0324519 0.5625 0.0649038 0.240385
1 0.971154 0.163462 0.0576923 0.163462
0 0.241587 0.0564904 0.180288 0.112981
1 0.826923 0.0492788 0.144231 0.0985577
0 0.0432692 0.0685096 0.0865385 0.132212
1 0.919471 0.31851 0.15625 0.233173
1 0.24399 0.0552885 0.180288 0.110577
1 0.0961538 0.75601 0.163462 0.237981
0 0.234375 0.43149 0.223558 0.194712
1 0.0444712 0.0661058 0.0889423 0.132212
1 0.926683 0.0456731 0.141827 0.0913462
0 0.204327 0.167067 0.197115 0.170673
1 0.713942 0.457933 0.144231 0.204327
1 0.882212 0.209135 0.149038 0.211538
0 0.078125 0.21875 0.15625 0.197115
0 0.753606 0.920673 0.204327 0.158654
2 0.424279 0.721154 0.372596 0.447115
1 0.579327 0.307692 0.1875 0.245192
1 0.158654 0.896635 0.168269 0.192308
