1 0.104567 0.403846 0.199519 0.274038
1 0.415865 0.969952 0.173077 0.0600962
1 0.276442 0.237981 0.182692 0.264423
1 0.234375 0.402644 0.189904 0.228365
0 0.63101 0.896635 0.21875 0.206731
1 0.171875 0.0192308 0.204327 0.0384615
1 0.36899 0.0516827 0.237981 0.103365
0 0.816106 0.0144231 0.0600962 0.0288462
1 0.935096 0.944712 0.129808 0.110577
1 0.731971 0.520433 0.15625 0.175481
0 0.385817 0.33774 0.0600962 0.0600962
1 0.832933 0.6875 0.204327 0.25
1 0.420673 0.188702 0.168269 0.213942
1 0.483173 0.334135 0.163462 0.225962
1 0.965144 0.540865 0.0697115 0.302885
1 0.0625 0.930288 0.125 0.139423
1 0.469952 0.596154 0.170673 0.235577
1 0.269231 0.90625 0.221154 0.1875
1 0.41226 0.719952 0.170673 0.223558
1 0.078125 0.242788 0.15625 0.216346
1 0.586538 0.447115 0.163462 0.221154
2 0.682692 0.155048 0.25 0.310096
