0 0.961538 0.450721 0.0769231 0.194712
0 0.0925481 0.965144 0.146635 0.0697115
0 0.350962 0.0192308 0.0913462 0.0384615
1 0.853365 0.496394 0.197115 0.21875
1 0.0552885 0.4375 0.110577 0.274038
1 0.0228365 0.158654 0.0456731 0.235577
1 0.951923 0.930288 0.0961538 0.139423
1 0.445913 0.622596 0.194712 0.192308
1 0.703125 0.0673077 0.132212 0.134615
1 0.527644 0.828125 0.127404 0.223558
1 0.915865 0.347356 0.153846 0.204327
1 0.926683 0.0925481 0.146635 0.185096
1 0.0949519 0.963942 0.151442 0.0721154
1 0.698317 0.813702 0.170673 0.189904
2 0.0697115 0.765625 0.139423 0.362981
1 0.441106 0.502404 0.189904 0.221154
1 0.288462 0.688702 0.192308 0.228365
1 0.295673 0.427885 0.206731 0.264423
1 0.75601 0.492788 0.185096 0.206731
1 0.0709135 0.772837 0.137019 0.358173
1 0.246394 0.893029 0.194712 0.189904
1 0.888221 0.736779 0.175481 0.228365
1 0.268029 0.15625 0.185096 0.259615
1 0.419471 0.253606 0.180288 0.233173
