0 0.0757812 0.134375 0.145313 0.21875
0 0.894531 0.08125 0.173438 0.1625
0 0.1875 0.523958 0.14375 0.19375
0 0.736719 0.576042 0.176563 0.197917
0 0.391406 0.241667 0.185937 0.216667
0 0.01875 0.890625 0.0375 0.18125
0 0.0890625 0.514583 0.1625 0.220833
0 0.949219 0.938542 0.0984375 0.122917
0 0.0804688 0.329167 0.160938 0.216667
0 0.2125 0.0916667 0.153125 0.183333
0 0.0382813 0.679167 0.0765625 0.258333
0 0.288281 0.295833 0.157813 0.220833
0 0.692187 0.936458 0.146875 0.127083
0 0.953125 0.23125 0.09375 0.229167
0 0.8 0.104167 0.18125 0.208333
0 0.514844 0.929167 0.192188 0.141667
0 0.75625 0.338542 0.1875 0.247917
0 0.440625 0.0572917 0.1625 0.114583
0 0.553125 0.191667 0.19375 0.25
0 0.959375 0.708333 0.08125 0.233333
0 0.65625 0.392708 0.1625 0.214583
1 0.192969 0.80625 0.335938 0.3875
0 0.821094 0.816667 0.164062 0.204167
0 0.917188 0.458333 0.165625 0.225
0 0.571875 0.74375 0.15625 0.2125
0 0.407031 0.69375 0.173438 0.195833
0 0.424219 0.458333 0.170312 0.233333
