0 0.6375 0.43125 0.1875 0.204167
0 0.0421875 0.398958 0.084375 0.214583
0 0.053125 0.116667 0.10625 0.229167
0 0.864062 0.0333333 0.190625 0.0666667
0 0.534375 0.028125 0.175 0.05625
0 0.689062 0.964583 0.140625 0.0708333
0 0.717188 0.323958 0.190625 0.222917
0 0.405469 0.946875 0.120312 0.10625
0 0.935938 0.767708 0.128125 0.214583
0 0.303125 0.114583 0.175 0.2125
0 0.546094 0.958333 0.154687 0.0833333
0 0.801562 0.713542 0.171875 0.210417
0 0.040625 0.60625 0.08125 0.1625
0 0.94375 0.176042 0.1125 0.189583
0 0.684375 0.620833 0.18125 0.208333
0 0.95625 0.514583 0.0875 0.204167
0 0.884375 0.3125 0.175 0.204167
0 0.832812 0.919792 0.146875 0.160417
0 0.457812 0.432292 0.153125 0.210417
0 0.264844 0.6125 0.157813 0.208333
0 0.225 0.383333 0.165625 0.216667
1 0.192969 0.85 0.314063 0.3
0 0.414062 0.683333 0.159375 0.216667
