0 0.0421875 0.835417 0.084375 0.208333
0 0.872656 0.2875 0.164062 0.229167
0 0.0195312 0.629167 0.0390625 0.216667
0 0.942969 0.202083 0.114063 0.229167
0 0.0632813 0.291667 0.123438 0.204167
0 0.144531 0.459375 0.164062 0.222917
0 0.0789063 0.791667 0.154687 0.225
0 0.213281 0.679167 0.179688 0.204167
0 0.149219 0.0614583 0.179688 0.122917
0 0.136719 0.954167 0.176563 0.0916667
0 0.0726563 0.565625 0.139062 0.235417
0 0.683594 0.402083 0.151562 0.1875
0 0.40625 0.953125 0.16875 0.09375
0 0.804688 0.059375 0.165625 0.11875
0 0.514063 0.45625 0.2 0.2125
0 0.948438 0.630208 0.103125 0.18125
0 0.355469 0.25 0.157813 0.208333
1 0.803906 0.840625 0.351562 0.31875
0 0.564062 0.879167 0.171875 0.241667
0 0.789062 0.21875 0.190625 0.225
0 0.675 0.698958 0.15625 0.202083
0 0.54375 0.142708 0.184375 0.23125
0 0.185937 0.209375 0.18125 0.24375
0 0.8125 0.614583 0.14375 0.195833
0 0.419531 0.673958 0.204688 0.25625
