1 0.0408654 0.614183 0.0817308 0.257212
1 0.276442 0.865385 0.173077 0.197115
1 0.88101 0.0649038 0.161058 0.129808
1 0.0300481 0.179087 0.0600962 0.257212
1 0.316106 0.177885 0.175481 0.192308
1 0.826923 0.146635 0.149038 0.230769
1 0.88101 0.43149 0.189904 0.209135
1 0.71875 0.336538 0.211538 0.211538
1 0.697115 0.503606 0.1875 0.286058
1 0.467548 0.0793269 0.180288 0.158654
1 0.274038 0.9375 0.163462 0.120192
1 0.350962 0.444712 0.177885 0.254808
0 0.15625 0.143029 0.0576923 0.0793269
1 0.145433 0.489183 0.204327 0.242788
1 0.264423 0.705529 0.168269 0.262019
1 0.0877404 0.0637019 0.175481 0.127404
1 0.469952 0.947115 0.185096 0.105769
0 0.481971 0.728365 0.0504808 0.0817308
1 0.861779 0.94351 0.194712 0.112981
1 0.652644 0.103365 0.180288 0.206731
1 0.512019 0.300481 0.173077 0.216346
1 0.104567 0.830529 0.185096 0.237981
1 0.935096 0.225962 0.129808 0.235577
2 0.627404 0.828125 0.288462 0.34375
