0 0.125 0.259375 0.178125 0.20625
0 0.217969 0.973958 0.185937 0.0520833
0 0.114844 0.480208 0.145313 0.189583
0 0.379687 0.0666667 0.16875 0.133333
0 0.0585938 0.463542 0.117188 0.20625
0 0.885938 0.964583 0.171875 0.0708333
0 0.38125 0.345833 0.11875 0.283333
0 0.235938 0.88125 0.15 0.1625
0 0.0265625 0.891667 0.053125 0.216667
0 0.282031 0.075 0.167187 0.15
0 0.920313 0.9125 0.159375 0.166667
0 0.682813 0.0541667 0.159375 0.108333
0 0.617969 0.841667 0.179688 0.2625
0 0.417969 0.9375 0.185937 0.125
0 0.108594 0.15 0.201562 0.233333
0 0.951563 0.475 0.096875 0.216667
0 0.699219 0.223958 0.157813 0.214583
0 0.246875 0.759375 0.184375 0.214583
0 0.333594 0.597917 0.173438 0.208333
0 0.0726563 0.694792 0.145313 0.214583
0 0.260156 0.407292 0.145313 0.222917
0 0.423438 0.773958 0.171875 0.214583
0 0.835156 0.351042 0.182812 0.247917
0 0.815625 0.10625 0.16875 0.2125
1 0.553906 0.510417 0.351562 0.479167
0 0.53125 0.154167 0.15 0.2125
0 0.75625 0.672917 0.16875 0.2375
0 0.921094 0.702083 0.157813 0.220833
