1 0.90625 0.980769 0.173077 0.0384615
0 0.0324519 0.34375 0.0649038 0.25
1 0.853365 0.855769 0.182692 0.221154
0 0.84976 0.100962 0.185096 0.201923
1 0.03125 0.338942 0.0625 0.240385
0 0.373798 0.0540865 0.09375 0.0985577
1 0.850962 0.103365 0.182692 0.206731
0 0.0276442 0.746394 0.0552885 0.0985577
1 0.951923 0.264423 0.0961538 0.216346
1 0.533654 0.164663 0.182692 0.209135
1 0.540865 0.55649 0.192308 0.189904
0 0.334135 0.234375 0.0817308 0.103365
1 0.668269 0.0805288 0.173077 0.161058
1 0.276442 0.9375 0.158654 0.125
1 0.510817 0.330529 0.189904 0.252404
1 0.0829327 0.884615 0.165865 0.221154
1 0.276442 0.769231 0.158654 0.197115
1 0.94351 0.737981 0.112981 0.230769
1 0.199519 0.394231 0.139423 0.197115
1 0.764423 0.800481 0.153846 0.206731
1 0.316106 0.53726 0.175481 0.228365
1 0.240385 0.155048 0.173077 0.257212
2 0.50601 0.8125 0.362981 0.375
1 0.109375 0.641827 0.185096 0.225962
1 0.0817308 0.104567 0.163462 0.209135
1 0.739183 0.502404 0.175481 0.211538
