0 0.269531 0.975 0.173438 0.05
0 0.160938 0.04375 0.190625 0.0875
0 0.655469 0.915625 0.167187 0.16875
0 0.553906 0.0895833 0.176563 0.179167
0 0.804688 0.7375 0.115625 0.191667
0 0.385938 0.735417 0.171875 0.204167
0 0.914062 0.05 0.165625 0.1
0 0.121094 0.148958 0.164062 0.19375
0 0.1875 0.15 0.134375 0.204167
0 0.0273438 0.451042 0.0546875 0.210417
0 0.690625 0.5375 0.15 0.216667
0 0.465625 0.921875 0.1625 0.15625
0 0.0320312 0.917708 0.0640625 0.164583
0 0.949219 0.2875 0.0984375 0.204167
0 0.639063 0.277083 0.178125 0.245833
0 0.91875 0.183333 0.15625 0.2125
0 0.544531 0.627083 0.148438 0.258333
0 0.39375 0.0875 0.159375 0.175
0 0.78125 0.564583 0.1625 0.220833
0 0.948438 0.790625 0.103125 0.21875
0 0.220313 0.579167 0.153125 0.208333
1 0.330469 0.367708 0.251563 0.285417
