0 0.576563 0.0208333 0.146875 0.0416667
0 0.240625 0.184375 0.159375 0.20625
0 0.960938 0.028125 0.078125 0.05625
0 0.0140625 0.91875 0.028125 0.1625
0 0.892187 0.690625 0.146875 0.21875
0 0.970312 0.927083 0.059375 0.141667
0 0.416406 0.936458 0.135937 0.127083
0 0.274219 0.040625 0.173438 0.08125
0 0.501562 0.936458 0.153125 0.127083
0 0.278906 0.939583 0.160938 0.120833
0 0.785937 0.0270833 0.178125 0.0541667
0 0.171875 0.513542 0.1875 0.202083
0 0.0679687 0.1125 0.132812 0.2
0 0.651563 0.830208 0.184375 0.227083
0 0.264844 0.339583 0.164062 0.2125
0 0.979688 0.607292 0.040625 0.202083
0 0.025 0.588542 0.05 0.210417
0 0.102344 0.930208 0.154687 0.135417
0 0.44375 0.065625 0.175 0.13125
0 0.717188 0.438542 0.184375 0.227083
0 0.792188 0.255208 0.15625 0.247917
0 0.245312 0.720833 0.165625 0.275
0 0.107813 0.759375 0.146875 0.19375
0 0.589063 0.295833 0.184375 0.25
1 0.435156 0.704167 0.264062 0.345833
