0 0.985156 0.078125 0.0296875 0.15625
0 0.407813 0.977083 0.1875 0.0458333
0 0.49375 0.380208 0.1625 0.20625
0 0.328125 0.379167 0.159375 0.208333
0 0.921875 0.219792 0.15 0.264583
0 0.021875 0.313542 0.04375 0.197917
0 0.0492188 0.04375 0.0984375 0.0875
0 0.785156 0.152083 0.129688 0.2
0 0.0179687 0.585417 0.0359375 0.245833
0 0.964063 0.484375 0.071875 0.235417
0 0.555469 0.034375 0.160938 0.06875
0 0.596875 0.177083 0.15625 0.241667
0 0.0679687 0.835417 0.132812 0.2
0 0.3875 0.0635417 0.184375 0.127083
0 0.746875 0.947917 0.175 0.104167
0 0.198437 0.0364583 0.190625 0.0729167
0 0.885938 0.0375 0.171875 0.075
0 0.0914062 0.459375 0.167187 0.239583
0 0.609375 0.410417 0.18125 0.2125
0 0.2125 0.784375 0.15 0.20625
0 0.436719 0.198958 0.179688 0.214583
0 0.875 0.417708 0.15625 0.189583
0 0.0960938 0.195833 0.167187 0.225
0 0.263281 0.478125 0.185937 0.222917
0 0.335938 0.875 0.1625 0.2125
0 0.611719 0.89375 0.160938 0.2125
1 0.851562 0.752083 0.296875 0.404167
