0 0.984375 0.877083 0.03125 0.245833
0 0.984375 0.229167 0.03125 0.195833
0 0.95625 0.419792 0.0875 0.252083
0 0.639063 0.0208333 0.190625 0.0416667
0 0.0664062 0.701042 0.132812 0.197917
0 0.780469 0.577083 0.139062 0.233333
0 0.576563 0.367708 0.175 0.16875
0 0.914062 0.192708 0.146875 0.210417
0 0.157813 0.710417 0.15625 0.170833
0 0.0421875 0.391667 0.084375 0.2625
0 0.0929687 0.04375 0.176563 0.0875
0 0.671875 0.398958 0.159375 0.19375
0 0.571875 0.541667 0.2 0.233333
0 0.89375 0.820833 0.1625 0.233333
0 0.263281 0.1 0.195312 0.2
0 0.132031 0.461458 0.142188 0.214583
0 0.446875 0.919792 0.153125 0.160417
0 0.720312 0.777083 0.159375 0.204167
1 0.31875 0.388542 0.28125 0.377083
