0 0.884375 0.979167 0.19375 0.0416667
0 0.184375 0.0270833 0.20625 0.0541667
0 0.367188 0.133333 0.1875 0.204167
0 0.157031 0.178125 0.185937 0.222917
0 0.121875 0.388542 0.14375 0.19375
0 0.95625 0.8875 0.0875 0.208333
0 0.0164062 0.235417 0.0328125 0.208333
0 0.409375 0.0604167 0.1625 0.120833
0 0.100781 0.9 0.176563 0.2
0 0.4 0.954167 0.16875 0.0916667
0 0.750781 0.895833 0.160938 0.208333
0 0.165625 0.733333 0.121875 0.2
0 0.591406 0.9625 0.167187 0.075
0 0.0335938 0.534375 0.0671875 0.235417
0 0.78125 0.334375 0.18125 0.19375
0 0.7125 0.647917 0.175 0.254167
0 0.621875 0.071875 0.15 0.14375
0 0.826563 0.438542 0.159375 0.222917
0 0.935156 0.289583 0.129688 0.2125
0 0.296094 0.840625 0.160938 0.214583
0 0.535937 0.241667 0.171875 0.2375
1 0.358594 0.527083 0.332812 0.4625
0 0.835938 0.128125 0.178125 0.222917
