1 0.323317 0.730769 0.194712 0.211538
0 0.747596 0.397837 0.163462 0.185096
0 0.957933 0.925481 0.0841346 0.149038
1 0.383413 0.236779 0.209135 0.233173
0 0.850962 0.393029 0.163462 0.189904
1 0.361779 0.489183 0.175481 0.213942
1 0.862981 0.933894 0.158654 0.132212
0 0.873798 0.736779 0.194712 0.223558
1 0.748798 0.395433 0.165865 0.180288
1 0.590144 0.0649038 0.165865 0.129808
1 0.848558 0.394231 0.163462 0.1875
0 0.356971 0.491587 0.180288 0.213942
2 0.576923 0.807692 0.370192 0.384615
1 0.507212 0.268029 0.211538 0.213942
1 0.947115 0.614183 0.105769 0.209135
1 0.233173 0.276442 0.173077 0.245192
0 0.945913 0.616587 0.103365 0.209135
0 0.324519 0.731971 0.197115 0.213942
1 0.442308 0.0600962 0.158654 0.120192
1 0.716346 0.560096 0.173077 0.201923
1 0.575721 0.811298 0.377404 0.377404
0 0.715144 0.560096 0.170673 0.201923
0 0.508413 0.269231 0.209135 0.211538
1 0.872596 0.736779 0.1875 0.228365
1 0.293269 0.0865385 0.173077 0.173077
0 0.135817 0.342548 0.0649038 0.0889423
1 0.860577 0.239183 0.168269 0.223558
1 0.0865385 0.179087 0.173077 0.233173
