1 0.112981 0.591346 0.129808 0.211538
0 0.913462 0.661058 0.158654 0.168269
0 0.0504808 0.825721 0.100962 0.247596
1 0.951923 0.463942 0.0961538 0.235577
1 0.91226 0.66226 0.161058 0.175481
0 0.951923 0.463942 0.0961538 0.235577
1 0.302885 0.945913 0.1875 0.108173
1 0.46875 0.125 0.149038 0.216346
1 0.563702 0.68149 0.185096 0.247596
1 0.551683 0.3125 0.165865 0.225962
1 0.373798 0.472356 0.175481 0.228365
1 0.90024 0.807692 0.185096 0.225962
1 0.0384615 0.109375 0.0769231 0.21875
1 0.0600962 0.367788 0.115385 0.182692
1 0.280048 0.0552885 0.165865 0.110577
1 0.532452 0.901442 0.127404 0.197115
1 0.389423 0.146635 0.153846 0.216346
1 0.182692 0.264423 0.182692 0.283654
1 0.639423 0.103365 0.182692 0.206731
2 0.777644 0.283654 0.21875 0.302885
1 0.933894 0.0889423 0.132212 0.177885
