0 0.0421875 0.295833 0.084375 0.2375
0 0.364062 0.834375 0.146875 0.197917
0 0.361719 0.975 0.214062 0.05
0 0.292188 0.8 0.159375 0.191667
0 0.5625 0.841667 0.125 0.2
0 0.984375 0.841667 0.03125 0.225
0 0.710156 0.484375 0.176563 0.239583
0 0.672656 0.977083 0.167187 0.0458333
0 0.189844 0.74375 0.151562 0.204167
0 0.617188 0.625 0.14375 0.2125
0 0.0210938 0.545833 0.0421875 0.229167
0 0.141406 0.411458 0.160938 0.210417
0 0.957031 0.321875 0.0859375 0.247917
0 0.0328125 0.823958 0.065625 0.25625
0 0.194531 0.875 0.164062 0.208333
0 0.966406 0.113542 0.0671875 0.20625
0 0.619531 0.0677083 0.198437 0.135417
0 0.809375 0.08125 0.1875 0.1625
0 0.630469 0.844792 0.148438 0.214583
0 0.939062 0.676042 0.121875 0.202083
0 0.0414063 0.120833 0.0828125 0.204167
0 0.207813 0.179167 0.18125 0.241667
0 0.28125 0.53125 0.159375 0.225
0 0.873438 0.829167 0.184375 0.241667
1 0.446094 0.328125 0.332812 0.41875
0 0.879687 0.490625 0.184375 0.222917
