0 0.909375 0.222917 0.16875 0.191667
0 0.767969 0.355208 0.151562 0.21875
0 0.185937 0.123958 0.20625 0.147917
0 0.967969 0.93125 0.0640625 0.1375
0 0.98125 0.495833 0.0375 0.191667
0 0.378125 0.114583 0.1875 0.225
0 0.0226563 0.078125 0.0453125 0.15625
0 0.232031 0.269792 0.142188 0.189583
0 0.926562 0.341667 0.146875 0.2
0 0.410156 0.945833 0.164062 0.108333
0 0.491406 0.0552083 0.176563 0.110417
0 0.667188 0.385417 0.178125 0.220833
0 0.176563 0.925 0.171875 0.15
0 0.075 0.840625 0.14375 0.227083
0 0.859375 0.0666667 0.15625 0.133333
0 0.695312 0.5375 0.165625 0.216667
0 0.0585938 0.278125 0.117188 0.23125
0 0.664844 0.0572917 0.167187 0.114583
0 0.947656 0.704167 0.104687 0.216667
0 0.830469 0.85 0.167187 0.225
0 0.5625 0.202083 0.18125 0.216667
0 0.55 0.888542 0.146875 0.202083
1 0.1625 0.547917 0.325 0.4375
0 0.382031 0.35 0.179688 0.25
0 0.391406 0.728125 0.176563 0.214583
0 0.671875 0.748958 0.16875 0.227083
