0 0.429688 0.084375 0.184375 0.16875
0 0.025 0.0875 0.05 0.166667
0 0.857813 0.886458 0.190625 0.20625
0 0.0703125 0.958333 0.134375 0.0833333
0 0.133594 0.13125 0.192188 0.208333
0 0.259375 0.327083 0.18125 0.229167
0 0.4 0.626042 0.16875 0.20625
0 0.724219 0.49375 0.176563 0.191667
0 0.160156 0.8125 0.173438 0.208333
0 0.03125 0.832292 0.0625 0.21875
0 0.875 0.034375 0.15625 0.06875
0 0.3625 0.301042 0.140625 0.214583
0 0.919531 0.252083 0.160938 0.225
0 0.892969 0.453125 0.195312 0.20625
0 0.307031 0.608333 0.132812 0.191667
0 0.139062 0.66875 0.16875 0.204167
0 0.622656 0.757292 0.170312 0.239583
0 0.0765625 0.35 0.153125 0.2375
1 0.645312 0.233333 0.446875 0.466667
0 0.383594 0.8 0.167187 0.225
