0 0.0671875 0.288542 0.134375 0.23125
0 0.416406 0.927083 0.179688 0.145833
0 0.677344 0.701042 0.173438 0.239583
0 0.350781 0.217708 0.198437 0.222917
0 0.0898438 0.870833 0.167187 0.208333
0 0.411719 0.748958 0.173438 0.189583
0 0.934375 0.0260417 0.13125 0.0520833
0 0.539844 0.286458 0.173438 0.25625
0 0.925781 0.25 0.148438 0.233333
0 0.85 0.427083 0.11875 0.1375
0 0.182031 0.10625 0.170312 0.2125
0 0.929688 0.841667 0.140625 0.175
0 0.7625 0.26875 0.1875 0.233333
0 0.645312 0.458333 0.184375 0.220833
0 0.7625 0.644792 0.171875 0.222917
0 0.613281 0.065625 0.164062 0.13125
0 0.774219 0.0666667 0.135937 0.133333
0 0.621875 0.820833 0.14375 0.2
0 0.91875 0.6625 0.1625 0.225
1 0.279687 0.496875 0.4625 0.50625
