0 0.982031 0.352083 0.0359375 0.1875
0 0.028125 0.804167 0.05625 0.233333
0 0.94375 0.942708 0.1125 0.114583
0 0.394531 0.219792 0.160938 0.21875
0 0.815625 0.0447917 0.15625 0.0895833
0 0.308594 0.59375 0.173438 0.245833
0 0.264062 0.373958 0.2 0.214583
0 0.046875 0.557292 0.09375 0.247917
0 0.951563 0.155208 0.096875 0.214583
0 0.157813 0.702083 0.153125 0.220833
1 0.229687 0.127083 0.334375 0.25
0 0.703125 0.177083 0.175 0.204167
0 0.64375 0.69375 0.20625 0.2625
0 0.7375 0.465625 0.221875 0.252083
0 0.7875 0.925 0.15 0.15
0 0.360938 0.778125 0.175 0.24375
0 0.530469 0.882292 0.185937 0.21875
