0 0.560938 0.940625 0.203125 0.11875
0 0.0859375 0.939583 0.15 0.120833
0 0.121094 0.0239583 0.176563 0.04375
0 0.451562 0.754167 0.203125 0.216667
0 0.3125 0.125 0.1875 0.191667
0 0.359375 0.24375 0.1875 0.225
0 0.833594 0.955208 0.192188 0.0895833
0 0.50625 0.101042 0.19375 0.202083
0 0.0914062 0.745833 0.160938 0.166667
0 0.970312 0.58125 0.059375 0.225
0 0.957812 0.202083 0.084375 0.195833
0 0.957812 0.329167 0.084375 0.2
0 0.934375 0.786458 0.13125 0.24375
0 0.300781 0.947917 0.179688 0.104167
0 0.0726563 0.429167 0.145313 0.216667
0 0.829687 0.548958 0.153125 0.23125
0 0.635938 0.463542 0.159375 0.189583
0 0.93125 0.0625 0.1375 0.125
1 0.4375 0.528125 0.2125 0.285417
0 0.5375 0.301042 0.171875 0.235417
0 0.255469 0.789583 0.214062 0.2625
0 0.170312 0.24375 0.190625 0.220833
