1 0.495192 0.0288462 0.173077 0.0576923
1 0.782452 0.96274 0.122596 0.0745192
1 0.0288462 0.936298 0.0576923 0.127404
1 0.171875 0.270433 0.165865 0.228365
1 0.509615 0.182692 0.197115 0.264423
0 0.0576923 0.0661058 0.115385 0.132212
1 0.575721 0.43149 0.180288 0.233173
1 0.0588942 0.0637019 0.112981 0.127404
1 0.426683 0.600962 0.175481 0.201923
1 0.856971 0.0360577 0.15625 0.0721154
1 0.0372596 0.427885 0.0745192 0.211538
1 0.956731 0.102163 0.0865385 0.204327
1 0.597356 0.646635 0.170673 0.235577
1 0.960337 0.352163 0.0793269 0.242788
1 0.0961538 0.776442 0.192308 0.206731
0 0.293269 0.905048 0.110577 0.132212
1 0.258413 0.198317 0.180288 0.247596
1 0.370192 0.473558 0.1875 0.1875
0 0.168269 0.455529 0.0576923 0.0793269
2 0.492788 0.862981 0.201923 0.259615
1 0.885817 0.888221 0.161058 0.223558
1 0.230769 0.588942 0.197115 0.216346
1 0.695913 0.817308 0.161058 0.1875
1 0.698317 0.236779 0.175481 0.213942
