0 0.247656 0.11875 0.170312 0.204167
0 0.266406 0.770833 0.201562 0.245833
0 0.025 0.183333 0.046875 0.241667
0 0.984375 0.515625 0.03125 0.189583
0 0.457812 0.975 0.165625 0.05
0 0.800781 0.853125 0.167187 0.160417
0 0.0625 0.445833 0.125 0.225
0 0.554688 0.682292 0.159375 0.235417
0 0.96875 0.334375 0.0625 0.20625
0 0.0671875 0.805208 0.134375 0.24375
0 0.85625 0.953125 0.15625 0.09375
0 0.482812 0.0833333 0.190625 0.166667
0 0.090625 0.561458 0.1625 0.20625
0 0.95625 0.890625 0.0875 0.20625
0 0.846094 0.0447917 0.179688 0.0895833
0 0.959375 0.683333 0.08125 0.191667
0 0.630469 0.310417 0.164062 0.191667
0 0.853125 0.240625 0.19375 0.260417
0 0.546094 0.417708 0.164062 0.19375
0 0.940625 0.134375 0.1125 0.202083
0 0.623438 0.891667 0.159375 0.2
0 0.470313 0.232292 0.16875 0.197917
0 0.447656 0.852083 0.173438 0.191667
1 0.760938 0.58125 0.34375 0.479167
