0 0.971875 0.491667 0.05625 0.191667
0 0.860937 0.673958 0.159375 0.222917
0 0.942187 0.975 0.115625 0.05
0 0.0820312 0.976042 0.126563 0.0479167
0 0.848437 0.04375 0.165625 0.0875
0 0.658594 0.0791667 0.170312 0.158333
0 0.682813 0.932292 0.15 0.13125
0 0.758594 0.302083 0.145313 0.183333
0 0.825 0.125 0.1625 0.195833
0 0.0226563 0.883333 0.0453125 0.2125
0 0.01875 0.313542 0.0375 0.20625
0 0.0757812 0.407292 0.135937 0.19375
0 0.960156 0.0895833 0.0796875 0.179167
0 0.359375 0.541667 0.19375 0.241667
0 0.927344 0.277083 0.139062 0.1875
0 0.259375 0.410417 0.13125 0.166667
0 0.9625 0.845833 0.075 0.2
0 0.834375 0.873958 0.15 0.189583
0 0.657031 0.832292 0.151562 0.202083
0 0.56875 0.733333 0.15625 0.216667
0 0.158594 0.310417 0.173438 0.220833
0 0.673437 0.341667 0.134375 0.175
0 0.567969 0.433333 0.148438 0.220833
0 0.94375 0.633333 0.1125 0.1875
0 0.105469 0.123958 0.189063 0.214583
0 0.109375 0.744792 0.171875 0.227083
0 0.639063 0.622917 0.159375 0.2125
0 0.8125 0.596875 0.146875 0.20625
1 0.264844 0.839583 0.326562 0.320833
1 0.410156 0.2375 0.298438 0.383333
