0 0.954687 0.609375 0.090625 0.16875
0 0.235938 0.358333 0.165625 0.2375
0 0.785937 0.570833 0.171875 0.225
0 0.935938 0.761458 0.128125 0.16875
0 0.161719 0.5875 0.173438 0.216667
0 0.605469 0.972917 0.145313 0.0541667
0 0.0546875 0.111458 0.109375 0.20625
1 0.946094 0.898958 0.104687 0.202083
0 0.0421875 0.677083 0.084375 0.229167
0 0.546094 0.177083 0.145313 0.191667
0 0.721875 0.707292 0.14375 0.239583
0 0.802344 0.221875 0.154687 0.21875
0 0.821875 0.0645833 0.14375 0.129167
0 0.0671875 0.503125 0.134375 0.177083
0 0.665625 0.336458 0.209375 0.197917
0 0.3625 0.695833 0.159375 0.204167
0 0.658594 0.141667 0.160938 0.2125
0 0.09375 0.889583 0.159375 0.1875
0 0.475 0.583333 0.159375 0.191667
0 0.825 0.934375 0.15625 0.13125
0 0.291406 0.495833 0.142188 0.216667
0 0.605469 0.65625 0.164062 0.204167
1 0.335938 0.105208 0.253125 0.210417
