0 0.739844 0.234375 0.154687 0.197917
0 0.495313 0.570833 0.196875 0.2
0 0.283594 0.0229167 0.157813 0.0458333
0 0.942187 0.444792 0.115625 0.264583
0 0.575781 0.95625 0.198437 0.0875
0 0.157031 0.308333 0.117188 0.175
0 0.0601562 0.0333333 0.120312 0.0666667
0 0.25625 0.736458 0.15 0.214583
0 0.228125 0.920833 0.178125 0.158333
0 0.0304688 0.363542 0.0609375 0.189583
0 0.936719 0.744792 0.126563 0.189583
0 0.930469 0.880208 0.132812 0.239583
0 0.509375 0.36875 0.15 0.195833
0 0.0609375 0.802083 0.121875 0.179167
0 0.110937 0.614583 0.171875 0.2375
0 0.7625 0.578125 0.15625 0.227083
0 0.797656 0.459375 0.170312 0.23125
0 0.929688 0.583333 0.140625 0.2125
0 0.0539063 0.234375 0.104687 0.21875
0 0.0695312 0.90625 0.139062 0.1875
0 0.589844 0.090625 0.164062 0.18125
0 0.43125 0.326042 0.15625 0.20625
0 0.920313 0.0739583 0.159375 0.147917
0 0.19375 0.202083 0.15625 0.233333
0 0.778906 0.071875 0.160938 0.14375
0 0.935938 0.272917 0.128125 0.241667
0 0.778906 0.836458 0.151562 0.222917
0 0.357812 0.723958 0.171875 0.222917
0 0.260156 0.508333 0.170312 0.216667
0 0.385156 0.107292 0.179688 0.214583
1 0.627344 0.775 0.245312 0.325
