0 0.0179687 0.65 0.0359375 0.225
0 0.0695312 0.511458 0.139062 0.210417
0 0.0273438 0.16875 0.0546875 0.204167
0 0.31875 0.754167 0.1625 0.191667
0 0.194531 0.941667 0.176563 0.116667
0 0.209375 0.0489583 0.1875 0.0979167
0 0.939844 0.18125 0.120312 0.254167
0 0.648438 0.314583 0.190625 0.195833
0 0.666406 0.525 0.139062 0.208333
0 0.574219 0.872917 0.189063 0.245833
0 0.839063 0.427083 0.196875 0.2125
0 0.374219 0.923958 0.167187 0.152083
0 0.102344 0.338542 0.198437 0.24375
0 0.807031 0.189583 0.154687 0.225
0 0.808594 0.915625 0.160938 0.16875
0 0.875 0.63125 0.19375 0.229167
1 0.471094 0.58125 0.304688 0.4875
0 0.644531 0.105208 0.185937 0.210417
0 0.430469 0.275 0.164062 0.191667
0 0.121875 0.773958 0.184375 0.247917
