0 0.0234375 0.430208 0.046875 0.20625
0 0.480469 0.0260417 0.129688 0.0520833
0 0.83125 0.582292 0.171875 0.222917
0 0.215625 0.0916667 0.1875 0.183333
0 0.442969 0.717708 0.135937 0.189583
0 0.198437 0.795833 0.159375 0.216667
0 0.0382813 0.339583 0.0765625 0.2375
0 0.117188 0.105208 0.146875 0.20625
0 0.177344 0.338542 0.182812 0.264583
0 0.110156 0.883333 0.164062 0.220833
0 0.621875 0.921875 0.2 0.152083
0 0.319531 0.526042 0.176563 0.20625
0 0.144531 0.589583 0.160938 0.204167
0 0.475781 0.477083 0.154687 0.233333
0 0.367969 0.727083 0.151562 0.2125
0 0.733594 0.615625 0.157813 0.20625
0 0.0601562 0.548958 0.120312 0.202083
0 0.626562 0.430208 0.159375 0.210417
0 0.865625 0.928125 0.1625 0.14375
0 0.878125 0.338542 0.15 0.18125
0 0.355469 0.307292 0.139062 0.202083
0 0.945312 0.723958 0.109375 0.202083
1 0.68125 0.170833 0.36875 0.341667
0 0.923437 0.5125 0.153125 0.166667
