0 0.954687 0.505208 0.090625 0.19375
0 0.180469 0.663542 0.145313 0.210417
0 0.260156 0.625 0.170312 0.270833
0 0.0328125 0.617708 0.065625 0.16875
0 0.267969 0.975 0.145313 0.05
0 0.532812 0.0270833 0.1375 0.0541667
0 0.85625 0.975 0.19375 0.05
0 0.590625 0.922917 0.1625 0.154167
0 0.971875 0.132292 0.05625 0.235417
0 0.307031 0.179167 0.142188 0.2375
0 0.686719 0.0645833 0.173438 0.129167
0 0.335938 0.321875 0.178125 0.24375
0 0.7125 0.433333 0.171875 0.208333
0 0.95625 0.815625 0.0875 0.202083
0 0.538281 0.31875 0.210938 0.170833
0 0.889063 0.498958 0.146875 0.21875
0 0.355469 0.591667 0.173438 0.183333
0 0.707812 0.563542 0.165625 0.19375
0 0.745313 0.751042 0.18125 0.210417
0 0.18125 0.10625 0.15625 0.2
0 0.392188 0.803125 0.171875 0.214583
0 0.554688 0.63125 0.165625 0.225
0 0.0609375 0.876042 0.121875 0.19375
0 0.461719 0.139583 0.160938 0.191667
0 0.901563 0.323958 0.16875 0.222917
1 0.135937 0.379167 0.271875 0.404167
