0 0.0304688 0.94375 0.0609375 0.1125
0 0.0367187 0.446875 0.0734375 0.177083
0 0.0148437 0.071875 0.0296875 0.14375
0 0.935938 0.3375 0.128125 0.241667
0 0.44375 0.798958 0.18125 0.21875
0 0.0296875 0.565625 0.059375 0.172917
0 0.260938 0.8125 0.14375 0.2
0 0.0992187 0.652083 0.182812 0.220833
0 0.63125 0.413542 0.15 0.210417
0 0.3 0.904167 0.15 0.183333
0 0.0460938 0.854167 0.0921875 0.183333
0 0.539062 0.05625 0.165625 0.1125
0 0.572656 0.246875 0.179688 0.23125
0 0.132812 0.936458 0.14375 0.122917
0 0.604688 0.938542 0.1625 0.122917
0 0.05 0.216667 0.1 0.233333
0 0.954687 0.688542 0.090625 0.24375
0 0.367188 0.68125 0.159375 0.2125
0 0.720312 0.628125 0.196875 0.252083
0 0.721094 0.886458 0.173438 0.222917
0 0.799219 0.3 0.176563 0.225
1 0.313281 0.226042 0.379687 0.44375
