1 0.0240385 0.929087 0.0480769 0.141827
1 0.527644 0.0853365 0.175481 0.170673
1 0.364183 0.491587 0.175481 0.175481
1 0.171875 0.288462 0.185096 0.206731
0 0.936298 0.920673 0.0697115 0.0721154
1 0.352163 0.164663 0.170673 0.194712
1 0.0204327 0.215144 0.0408654 0.237981
1 0.965144 0.228365 0.0697115 0.259615
1 0.206731 0.104567 0.163462 0.209135
1 0.752404 0.427885 0.125 0.1875
1 0.941106 0.617788 0.117788 0.216346
1 0.552885 0.795673 0.192308 0.269231
2 0.147837 0.71875 0.295673 0.418269
1 0.538462 0.269231 0.153846 0.197115
1 0.665865 0.11899 0.153846 0.199519
1 0.629808 0.574519 0.192308 0.230769
1 0.0697115 0.411058 0.139423 0.201923
1 0.877404 0.418269 0.168269 0.225962
