0 0.442969 0.034375 0.154687 0.06875
0 0.780469 0.4875 0.164062 0.258333
0 0.742188 0.252083 0.171875 0.1875
0 0.953125 0.0489583 0.09375 0.0979167
0 0.0421875 0.233333 0.084375 0.195833
0 0.408594 0.211458 0.154687 0.185417
0 0.0296875 0.59375 0.059375 0.2
0 0.907031 0.594792 0.164062 0.197917
0 0.0289063 0.805208 0.0578125 0.214583
0 0.726562 0.0697917 0.184375 0.139583
0 0.046875 0.101042 0.09375 0.19375
0 0.433594 0.892708 0.195312 0.214583
0 0.540625 0.084375 0.16875 0.16875
0 0.610937 0.365625 0.190625 0.20625
0 0.282813 0.914583 0.15 0.170833
0 0.908594 0.928125 0.173438 0.14375
0 0.390625 0.407292 0.1625 0.222917
0 0.303906 0.68125 0.157813 0.204167
1 0.569531 0.640625 0.342187 0.45625
0 0.790625 0.772917 0.18125 0.2375
0 0.144531 0.630208 0.167187 0.23125
0 0.164844 0.251042 0.160938 0.214583
