0 0.867188 0.972917 0.18125 0.0541667
0 0.490625 0.820833 0.134375 0.208333
0 0.0921875 0.0833333 0.134375 0.1625
0 0.0328125 0.208333 0.065625 0.191667
0 0.339063 0.0270833 0.153125 0.0541667
0 0.167969 0.958333 0.114063 0.0833333
0 0.133594 0.315625 0.189063 0.21875
0 0.492188 0.964583 0.221875 0.0708333
0 0.235938 0.823958 0.171875 0.239583
0 0.0507812 0.945833 0.101562 0.108333
0 0.653125 0.389583 0.15 0.179167
0 0.142969 0.513542 0.145313 0.19375
0 0.0460938 0.646875 0.0921875 0.239583
0 0.0507812 0.484375 0.101562 0.20625
0 0.939844 0.05625 0.120312 0.1125
0 0.372656 0.15 0.151562 0.2
0 0.414062 0.833333 0.178125 0.191667
0 0.9375 0.310417 0.125 0.216667
0 0.8 0.0947917 0.159375 0.189583
0 0.240625 0.132292 0.159375 0.222917
0 0.796875 0.702083 0.184375 0.2125
0 0.715625 0.886458 0.15625 0.222917
0 0.817969 0.445833 0.167187 0.233333
0 0.91875 0.85625 0.1625 0.2125
1 0.36875 0.519792 0.38125 0.49375
0 0.654688 0.194792 0.171875 0.21875
