1 0.115385 0.0204327 0.177885 0.0408654
1 0.979567 0.234375 0.0408654 0.194712
1 0.0204327 0.518029 0.0408654 0.199519
1 0.746394 0.206731 0.161058 0.192308
1 0.965144 0.38101 0.0697115 0.237981
1 0.538462 0.377404 0.177885 0.278846
1 0.108173 0.411058 0.163462 0.182692
1 0.622596 0.828125 0.120192 0.213942
1 0.509615 0.933894 0.149038 0.132212
1 0.965144 0.0793269 0.0697115 0.153846
1 0.485577 0.0252404 0.139423 0.0504808
1 0.632212 0.108173 0.115385 0.153846
1 0.545673 0.840144 0.120192 0.228365
0 0.877404 0.263221 0.0673077 0.0985577
1 0.760817 0.632212 0.170673 0.25
1 0.0264423 0.942308 0.0528846 0.115385
1 0.74399 0.887019 0.161058 0.216346
1 0.817308 0.0516827 0.1875 0.103365
1 0.192308 0.457933 0.168269 0.237981
1 0.641827 0.364183 0.139423 0.213942
1 0.0805288 0.192308 0.161058 0.182692
1 0.78125 0.384615 0.158654 0.206731
1 0.530048 0.641827 0.180288 0.230769
2 0.117788 0.706731 0.235577 0.317308
1 0.233173 0.0829327 0.163462 0.165865
1 0.326923 0.387019 0.149038 0.197115
1 0.405048 0.174279 0.170673 0.228365
1 0.356971 0.823317 0.161058 0.194712
