0 0.815625 0.0739583 0.175 0.14375
0 0.707031 0.40625 0.198437 0.2375
0 0.0671875 0.975 0.115625 0.05
0 0.180469 0.939583 0.151562 0.120833
0 0.0289063 0.0864583 0.0546875 0.172917
0 0.272656 0.0645833 0.167187 0.129167
0 0.764063 0.105208 0.171875 0.210417
0 0.246094 0.157292 0.160938 0.202083
0 0.715625 0.289583 0.15625 0.183333
0 0.934375 0.590625 0.13125 0.222917
0 0.860937 0.811458 0.165625 0.23125
0 0.704687 0.744792 0.153125 0.23125
1 0.448438 0.78125 0.334375 0.395833
0 0.90625 0.371875 0.16875 0.210417
1 0.177344 0.509375 0.342187 0.510417
0 0.777344 0.523958 0.170312 0.21875
0 0.465625 0.311458 0.18125 0.247917
