0 0.071875 0.98125 0.14375 0.0375
0 0.459375 0.953125 0.16875 0.09375
0 0.977344 0.910417 0.0453125 0.179167
0 0.0414063 0.297917 0.0828125 0.233333
0 0.369531 0.0447917 0.157813 0.0895833
0 0.842188 0.957292 0.16875 0.0854167
0 0.174219 0.211458 0.154687 0.247917
0 0.0320312 0.861458 0.0609375 0.18125
0 0.0609375 0.655208 0.121875 0.202083
0 0.107813 0.402083 0.140625 0.1875
0 0.735937 0.235417 0.165625 0.220833
0 0.546875 0.852083 0.146875 0.191667
0 0.501562 0.16875 0.196875 0.2125
0 0.658594 0.426042 0.151562 0.21875
0 0.875781 0.09375 0.182812 0.1875
0 0.723437 0.929167 0.190625 0.141667
0 0.41875 0.809375 0.134375 0.197917
0 0.9125 0.451042 0.1625 0.214583
0 0.685938 0.0520833 0.165625 0.104167
0 0.859375 0.228125 0.175 0.227083
0 0.071875 0.0770833 0.14375 0.154167
0 0.233594 0.5625 0.142188 0.2125
0 0.169531 0.648958 0.135937 0.18125
0 0.66875 0.6875 0.175 0.225
1 0.423438 0.46875 0.296875 0.391667
