1 0.96274 0.16226 0.0745192 0.175481
1 0.27524 0.0360577 0.141827 0.0721154
0 0.516827 0.0420673 0.149038 0.0841346
1 0.320913 0.34375 0.252404 0.25
1 0.657452 0.442308 0.185096 0.259615
1 0.0480769 0.409856 0.0913462 0.21875
1 0.762019 0.688702 0.163462 0.233173
0 0.963942 0.16226 0.0721154 0.15625
1 0.546875 0.664663 0.180288 0.223558
1 0.0540865 0.046875 0.103365 0.09375
1 0.653846 0.90625 0.173077 0.182692
0 0.427885 0.926683 0.0576923 0.0697115
1 0.939904 0.521635 0.120192 0.211538
1 0.34375 0.151442 0.173077 0.182692
1 0.516827 0.0408654 0.149038 0.0817308
1 0.94351 0.0769231 0.108173 0.153846
1 0.0817308 0.248798 0.139423 0.233173
1 0.840144 0.449519 0.146635 0.173077
1 0.965144 0.889423 0.0697115 0.201923
1 0.487981 0.417067 0.163462 0.213942
1 0.219952 0.842548 0.165865 0.170673
1 0.914663 0.707933 0.165865 0.228365
2 0.236779 0.578125 0.252404 0.324519
