0 0.791406 0.479167 0.173438 0.229167
0 0.496875 0.182292 0.1625 0.185417
1 0.264062 0.920833 0.409375 0.154167
0 0.976562 0.29375 0.046875 0.229167
0 0.441406 0.090625 0.160938 0.18125
0 0.925 0.9625 0.15 0.075
0 0.7125 0.9625 0.171875 0.075
0 0.692969 0.494792 0.160938 0.21875
0 0.648438 0.609375 0.178125 0.18125
0 0.150781 0.653125 0.192188 0.222917
0 0.102344 0.247917 0.201562 0.258333
0 0.071875 0.384375 0.14375 0.214583
0 0.592969 0.059375 0.164062 0.11875
0 0.841406 0.24375 0.192188 0.229167
0 0.93125 0.835417 0.134375 0.195833
0 0.119531 0.059375 0.151562 0.11875
0 0.626562 0.323958 0.153125 0.227083
0 0.705469 0.145833 0.164062 0.225
0 0.85 0.0958333 0.15 0.191667
0 0.0507812 0.8125 0.101562 0.220833
0 0.603125 0.869792 0.15 0.19375
0 0.914062 0.652083 0.171875 0.225
0 0.789062 0.866667 0.171875 0.208333
1 0.407031 0.429167 0.410937 0.425
0 0.429688 0.819792 0.171875 0.222917
