0 0.54375 0.985417 0.15625 0.025
0 0.70625 0.0520833 0.1375 0.104167
0 0.278906 0.119792 0.179688 0.235417
0 0.789062 0.0947917 0.159375 0.189583
0 0.782812 0.754167 0.159375 0.2
0 0.973437 0.653125 0.053125 0.214583
0 0.369531 0.970833 0.185937 0.0583333
0 0.0773437 0.545833 0.139062 0.216667
0 0.0132813 0.0885417 0.0265625 0.177083
0 0.496875 0.630208 0.175 0.210417
0 0.01875 0.714583 0.0375 0.254167
0 0.93125 0.15625 0.1375 0.220833
0 0.896094 0.842708 0.195312 0.252083
0 0.220313 0.43125 0.196875 0.229167
0 0.0671875 0.395833 0.134375 0.258333
0 0.679688 0.746875 0.178125 0.19375
0 0.8 0.564583 0.15 0.208333
0 0.267188 0.303125 0.140625 0.164583
0 0.645312 0.542708 0.171875 0.23125
0 0.401563 0.61875 0.146875 0.220833
0 0.327344 0.826042 0.179688 0.264583
1 0.49375 0.183333 0.275 0.316667
