0 0.0192308 0.34976 0.0384615 0.0504808
1 0.625 0.929087 0.177885 0.141827
1 0.710337 0.885817 0.185096 0.189904
1 0.254808 0.6875 0.192308 0.211538
1 0.861779 0.540865 0.185096 0.206731
0 0.46274 0.901442 0.189904 0.1875
0 0.114183 0.951923 0.15625 0.0961538
0 0.432692 0.194712 0.0625 0.0769231
1 0.152644 0.0408654 0.209135 0.0817308
1 0.811298 0.885817 0.161058 0.223558
1 0.233173 0.501202 0.168269 0.194712
1 0.0252404 0.228365 0.0504808 0.197115
1 0.770433 0.466346 0.189904 0.245192
1 0.965144 0.605769 0.0697115 0.211538
1 0.0721154 0.657452 0.144231 0.189904
0 0.979567 0.88101 0.0408654 0.0889423
1 0.111779 0.427885 0.175481 0.216346
1 0.28726 0.245192 0.170673 0.182692
0 0.658654 0.1875 0.0673077 0.0865385
1 0.663462 0.0745192 0.197115 0.149038
1 0.944712 0.31851 0.110577 0.180288
1 0.465144 0.407452 0.209135 0.204327
1 0.80649 0.28726 0.15625 0.233173
1 0.850962 0.0889423 0.173077 0.177885
1 0.19351 0.19351 0.165865 0.194712
2 0.472356 0.674279 0.204327 0.262019
1 0.450721 0.0877404 0.175481 0.175481
