0 0.405469 0.246875 0.185937 0.20625
0 0.197656 0.514583 0.170312 0.220833
0 0.015625 0.591667 0.03125 0.166667
0 0.535156 0.636458 0.148438 0.19375
0 0.0296875 0.755208 0.059375 0.20625
0 0.028125 0.0885417 0.053125 0.172917
0 0.742188 0.357292 0.175 0.214583
0 0.307813 0.961458 0.184375 0.0770833
0 0.44375 0.632292 0.16875 0.227083
0 0.957812 0.0697917 0.084375 0.135417
0 0.564844 0.194792 0.148438 0.202083
0 0.185937 0.7375 0.1625 0.2
0 0.127344 0.190625 0.170312 0.272917
0 0.182812 0.41875 0.159375 0.204167
0 0.964063 0.507292 0.071875 0.210417
0 0.641406 0.413542 0.154687 0.214583
0 0.419531 0.444792 0.189063 0.21875
0 0.347656 0.796875 0.164062 0.260417
0 0.653125 0.0604167 0.1625 0.120833
1 0.545313 0.859375 0.340625 0.28125
0 0.277344 0.138542 0.132812 0.19375
0 0.192188 0.872917 0.18125 0.195833
0 0.0554687 0.421875 0.107813 0.227083
0 0.904688 0.30625 0.190625 0.241667
0 0.792969 0.116667 0.160938 0.225
0 0.921875 0.855208 0.15625 0.214583
0 0.760156 0.80625 0.170312 0.195833
0 0.776563 0.570833 0.171875 0.229167
