0 0.960938 0.935417 0.078125 0.129167
0 0.521094 0.93125 0.176563 0.1375
0 0.492969 0.025 0.185937 0.05
0 0.0671875 0.972917 0.128125 0.0541667
0 0.849219 0.448958 0.157813 0.239583
0 0.474219 0.95625 0.157813 0.0875
0 0.711719 0.959375 0.195312 0.08125
0 0.0210938 0.59375 0.0421875 0.220833
0 0.0703125 0.797917 0.140625 0.279167
0 0.96875 0.75 0.0625 0.258333
0 0.0640625 0.353125 0.125 0.289583
0 0.960938 0.53125 0.078125 0.204167
0 0.852344 0.0614583 0.179688 0.122917
0 0.667188 0.109375 0.190625 0.21875
0 0.142188 0.123958 0.14375 0.239583
0 0.700781 0.316667 0.192188 0.225
0 0.646875 0.527083 0.16875 0.2125
0 0.420312 0.782292 0.16875 0.222917
0 0.272656 0.701042 0.154687 0.214583
0 0.1875 0.90625 0.165625 0.1875
0 0.433594 0.561458 0.192188 0.210417
1 0.353125 0.252083 0.359375 0.475
0 0.826563 0.85625 0.184375 0.220833
