0 0.859375 0.688542 0.171875 0.202083
0 0.546094 0.230208 0.123438 0.185417
0 0.978125 0.745833 0.04375 0.2
0 0.0421875 0.861458 0.084375 0.272917
0 0.855469 0.782292 0.157813 0.202083
0 0.603125 0.604167 0.1625 0.229167
0 0.478125 0.0354167 0.1625 0.0708333
0 0.316406 0.0645833 0.154687 0.129167
0 0.957812 0.520833 0.084375 0.2
0 0.945312 0.0760417 0.109375 0.152083
0 0.832812 0.451042 0.165625 0.210417
0 0.664844 0.716667 0.164062 0.2
0 0.351562 0.36875 0.1875 0.195833
0 0.3125 0.209375 0.18125 0.164583
0 0.946875 0.915625 0.10625 0.16875
0 0.814844 0.0458333 0.164062 0.0916667
0 0.0648438 0.338542 0.129688 0.210417
0 0.28125 0.573958 0.16875 0.20625
0 0.488281 0.45625 0.154687 0.1875
0 0.634375 0.0802083 0.18125 0.160417
0 0.184375 0.878125 0.18125 0.23125
0 0.46875 0.245833 0.15625 0.2125
0 0.141406 0.0833333 0.185937 0.166667
0 0.175 0.346875 0.15625 0.227083
0 0.817187 0.222917 0.190625 0.220833
0 0.736719 0.494792 0.164062 0.252083
0 0.122656 0.558333 0.160938 0.216667
1 0.435937 0.797917 0.353125 0.391667
