0 0.649219 0.95625 0.151562 0.0875
0 0.713281 0.9375 0.123438 0.125
0 0.0148437 0.383333 0.0296875 0.216667
0 0.01875 0.853125 0.0375 0.264583
0 0.192969 0.025 0.179688 0.0458333
0 0.8 0.339583 0.14375 0.1875
0 0.344531 0.326042 0.167187 0.202083
0 0.0171875 0.1125 0.034375 0.2125
0 0.328125 0.627083 0.203125 0.258333
0 0.389062 0.410417 0.153125 0.1875
0 0.0820312 0.964583 0.164062 0.0708333
0 0.507031 0.675 0.179688 0.225
0 0.41875 0.96875 0.184375 0.0625
0 0.876562 0.30625 0.165625 0.216667
0 0.953125 0.136458 0.09375 0.210417
0 0.964063 0.420833 0.071875 0.204167
0 0.633594 0.705208 0.170312 0.189583
0 0.704687 0.383333 0.175 0.216667
0 0.722656 0.0833333 0.220313 0.166667
0 0.263281 0.775 0.151562 0.216667
0 0.9125 0.548958 0.16875 0.185417
0 0.128125 0.835417 0.175 0.204167
0 0.0976562 0.170833 0.167187 0.216667
0 0.363281 0.10625 0.189063 0.2125
0 0.4625 0.823958 0.1625 0.214583
0 0.135937 0.444792 0.171875 0.197917
0 0.616406 0.225 0.189063 0.216667
1 0.864062 0.795833 0.271875 0.408333
