0 0.264062 0.325 0.159375 0.208333
0 0.688281 0.836458 0.170312 0.23125
0 0.677344 0.657292 0.189063 0.222917
0 0.971875 0.4125 0.05625 0.2125
0 0.970312 0.620833 0.059375 0.204167
0 0.632031 0.04375 0.232812 0.0875
0 0.09375 0.096875 0.1875 0.19375
0 0.4375 0.9125 0.1625 0.175
0 0.06875 0.319792 0.1375 0.235417
0 0.272656 0.477083 0.173438 0.2375
0 0.288281 0.0979167 0.160938 0.1875
0 0.096875 0.85625 0.178125 0.241667
0 0.932031 0.830208 0.135937 0.227083
0 0.930469 0.105208 0.139062 0.197917
0 0.417188 0.677083 0.165625 0.275
0 0.857031 0.627083 0.173438 0.2375
0 0.855469 0.394792 0.170312 0.202083
1 0.465625 0.25 0.3125 0.45
0 0.122656 0.634375 0.189063 0.214583
0 0.267969 0.79375 0.170312 0.216667
