0 0.233594 0.0197917 0.167187 0.0395833
0 0.0585938 0.0583333 0.117188 0.116667
0 0.2125 0.960417 0.175 0.0791667
0 0.953125 0.938542 0.09375 0.122917
0 0.628125 0.111458 0.15625 0.20625
0 0.913281 0.780208 0.164062 0.227083
0 0.408594 0.078125 0.189063 0.15625
0 0.405469 0.926042 0.182812 0.147917
0 0.95 0.189583 0.1 0.245833
0 0.302344 0.265625 0.167187 0.214583
0 0.817187 0.2625 0.153125 0.2
0 0.300781 0.614583 0.160938 0.204167
0 0.657031 0.845833 0.157813 0.216667
0 0.178906 0.671875 0.154687 0.197917
0 0.285937 0.825 0.153125 0.191667
0 0.784375 0.626042 0.1875 0.227083
0 0.173438 0.119792 0.134375 0.16875
0 0.917969 0.4625 0.164062 0.25
1 0.121875 0.378125 0.24375 0.439583
0 0.630469 0.372917 0.189063 0.229167
0 0.596875 0.645833 0.16875 0.229167
