0 0.954687 0.590625 0.090625 0.210417
0 0.0375 0.446875 0.075 0.24375
0 0.0195312 0.907292 0.0390625 0.16875
0 0.675781 0.952083 0.170312 0.0916667
0 0.974219 0.196875 0.0515625 0.177083
0 0.771875 0.0416667 0.175 0.0833333
0 0.954687 0.0552083 0.090625 0.110417
0 0.445312 0.927083 0.159375 0.145833
0 0.232812 0.936458 0.175 0.127083
0 0.517969 0.747917 0.164062 0.220833
0 0.682031 0.234375 0.164062 0.21875
0 0.660156 0.486458 0.170312 0.239583
0 0.346875 0.8125 0.159375 0.2
0 0.0882813 0.111458 0.167187 0.202083
0 0.117969 0.3 0.164062 0.220833
1 0.361719 0.401042 0.354688 0.49375
0 0.885938 0.883333 0.178125 0.225
0 0.208594 0.661458 0.167187 0.21875
0 0.264062 0.0864583 0.190625 0.172917
0 0.521094 0.120833 0.185937 0.233333
0 0.0796875 0.7625 0.159375 0.225
0 0.700781 0.715625 0.182812 0.23125
