0 0.0179687 0.708333 0.0359375 0.308333
0 0.0617188 0.25 0.117188 0.291667
0 0.332031 0.529167 0.192188 0.216667
0 0.958594 0.0385417 0.0828125 0.0770833
0 0.910937 0.966667 0.178125 0.0666667
0 0.397656 0.955208 0.217187 0.0895833
0 0.0679687 0.0854167 0.132812 0.166667
0 0.196094 0.151042 0.176563 0.227083
0 0.926562 0.828125 0.14375 0.21875
0 0.759375 0.677083 0.2 0.204167
0 0.1625 0.4375 0.18125 0.2625
0 0.1125 0.70625 0.15625 0.2125
0 0.0828125 0.907292 0.153125 0.18125
0 0.30625 0.78125 0.240625 0.279167
0 0.716406 0.0833333 0.173438 0.166667
0 0.846875 0.189583 0.19375 0.258333
0 0.907812 0.514583 0.184375 0.2625
0 0.559375 0.826042 0.196875 0.235417
1 0.485938 0.191667 0.35625 0.383333
