0 0.960337 0.21274 0.0793269 0.223558
1 0.164663 0.94351 0.141827 0.112981
1 0.0757212 0.951923 0.146635 0.0961538
1 0.384615 0.944712 0.177885 0.110577
1 0.0252404 0.610577 0.0504808 0.3125
1 0.961538 0.213942 0.0769231 0.230769
1 0.402644 0.86899 0.242788 0.262019
1 0.289663 0.0625 0.199519 0.125
1 0.683894 0.894231 0.15625 0.1875
1 0.227163 0.69351 0.165865 0.199519
1 0.236779 0.192308 0.132212 0.201923
1 0.957933 0.68149 0.0841346 0.209135
1 0.888221 0.83774 0.165865 0.213942
1 0.622596 0.957933 0.139423 0.0841346
1 0.647837 0.705529 0.199519 0.257212
1 0.455529 0.0829327 0.185096 0.165865
1 0.455529 0.600962 0.199519 0.221154
1 0.195913 0.417067 0.204327 0.262019
2 0.403846 0.314904 0.245192 0.3125
1 0.747596 0.503606 0.173077 0.213942
