0 0.0120192 0.0432692 0.0240385 0.0865385
1 0.961538 0.758413 0.0769231 0.228365
0 0.719952 0.09375 0.194712 0.1875
1 0.55649 0.0336538 0.165865 0.0673077
1 0.969952 0.927885 0.0600962 0.129808
1 0.71875 0.09375 0.192308 0.1875
1 0.769231 0.953125 0.153846 0.09375
1 0.1875 0.0709135 0.100962 0.141827
1 0.634615 0.911058 0.177885 0.177885
1 0.0829327 0.0336538 0.141827 0.0673077
1 0.471154 0.40024 0.1875 0.233173
1 0.448317 0.783654 0.165865 0.225962
1 0.83774 0.143029 0.170673 0.237981
1 0.638221 0.746394 0.137019 0.199519
1 0.257212 0.878606 0.192308 0.242788
1 0.614183 0.4375 0.165865 0.197115
1 0.169471 0.665865 0.161058 0.230769
2 0.34375 0.0997596 0.278846 0.194712
1 0.0456731 0.783654 0.0913462 0.201923
1 0.930288 0.53726 0.139423 0.233173
1 0.894231 0.772837 0.177885 0.237981
