0 0.674219 0.958333 0.185937 0.0833333
0 0.21875 0.941667 0.15 0.116667
0 0.810156 0.0614583 0.195312 0.122917
0 0.946875 0.0916667 0.10625 0.183333
0 0.326562 0.579167 0.19375 0.266667
0 0.394531 0.897917 0.182812 0.204167
0 0.532812 0.709375 0.146875 0.185417
0 0.642969 0.0354167 0.176563 0.0708333
0 0.426562 0.7 0.140625 0.183333
0 0.875 0.941667 0.19375 0.116667
0 0.961719 0.721875 0.0765625 0.25625
0 0.658594 0.677083 0.173438 0.229167
0 0.510938 0.852083 0.140625 0.179167
0 0.135156 0.4375 0.167187 0.158333
0 0.114063 0.911458 0.140625 0.172917
1 0.0820312 0.604167 0.160938 0.275
0 0.85 0.576042 0.1875 0.260417
0 0.452344 0.15625 0.192188 0.225
0 0.680469 0.404167 0.167187 0.204167
