0 0.904688 0.980208 0.178125 0.0395833
0 0.03125 0.335417 0.0625 0.241667
0 0.275 0.9375 0.15625 0.125
0 0.532812 0.164583 0.175 0.2125
0 0.765625 0.802083 0.146875 0.2125
0 0.953125 0.269792 0.09375 0.214583
0 0.510156 0.333333 0.195312 0.25
0 0.541406 0.557292 0.192188 0.202083
0 0.66875 0.0822917 0.16875 0.164583
0 0.275781 0.766667 0.160938 0.2
0 0.94375 0.7375 0.1125 0.225
0 0.198437 0.389583 0.140625 0.204167
0 0.85 0.10625 0.184375 0.2125
0 0.08125 0.885417 0.1625 0.220833
0 0.0820312 0.10625 0.160938 0.2125
0 0.238281 0.157292 0.173438 0.252083
0 0.314844 0.535417 0.173438 0.225
1 0.504687 0.8125 0.359375 0.375
0 0.108594 0.641667 0.189063 0.229167
0 0.738281 0.502083 0.173438 0.2125
