0 0.217187 0.396875 0.203125 0.18125
0 0.817969 0.0364583 0.160938 0.0729167
0 0.0320312 0.3375 0.0640625 0.191667
0 0.9625 0.244792 0.075 0.197917
0 0.0476562 0.605208 0.0953125 0.16875
0 0.428906 0.727083 0.176563 0.2125
0 0.967188 0.929167 0.065625 0.141667
0 0.0210938 0.459375 0.0421875 0.18125
0 0.4 0.896875 0.175 0.202083
0 0.492188 0.338542 0.140625 0.222917
0 0.938281 0.071875 0.123438 0.14375
0 0.0828125 0.848958 0.165625 0.277083
0 0.376563 0.28125 0.190625 0.2375
0 0.540625 0.885417 0.16875 0.2125
0 0.649219 0.105208 0.176563 0.210417
0 0.239063 0.566667 0.165625 0.2125
0 0.647656 0.767708 0.164062 0.222917
0 0.95 0.651042 0.1 0.21875
0 0.81875 0.530208 0.16875 0.20625
1 0.120312 0.105208 0.221875 0.20625
0 0.765625 0.16875 0.175 0.208333
