0 0.709135 0.723558 0.0865385 0.0913462
1 0.0817308 0.324519 0.163462 0.235577
0 0.165865 0.0420673 0.1875 0.0841346
1 0.0516827 0.508413 0.103365 0.194712
1 0.278846 0.745192 0.173077 0.192308
1 0.604567 0.0961538 0.185096 0.192308
1 0.155048 0.935096 0.180288 0.129808
0 0.0817308 0.323317 0.163462 0.242788
1 0.796875 0.41226 0.199519 0.209135
1 0.604567 0.298077 0.194712 0.192308
1 0.536058 0.855769 0.192308 0.259615
1 0.834135 0.615385 0.197115 0.225962
2 0.425481 0.563702 0.317308 0.483173
1 0.332933 0.915865 0.170673 0.168269
1 0.388221 0.25601 0.165865 0.189904
1 0.622596 0.507212 0.144231 0.211538
1 0.768029 0.908654 0.165865 0.182692
1 0.0865385 0.759615 0.173077 0.259615
1 0.917067 0.165865 0.165865 0.259615
1 0.763221 0.175481 0.151442 0.225962
