1 0.0973558 0.907452 0.194712 0.185096
1 0.311298 0.449519 0.170673 0.211538
1 0.763221 0.0757212 0.199519 0.151442
1 0.362981 0.245192 0.153846 0.182692
1 0.772837 0.875 0.185096 0.216346
0 0.96274 0.901442 0.0745192 0.197115
1 0.294471 0.897837 0.175481 0.199519
1 0.186298 0.245192 0.185096 0.211538
1 0.603365 0.707933 0.182692 0.252404
1 0.0829327 0.664663 0.165865 0.257212
2 0.578125 0.359375 0.382212 0.478365
1 0.346154 0.106971 0.168269 0.209135
1 0.170673 0.0697115 0.163462 0.139423
1 0.56851 0.923077 0.175481 0.153846
1 0.356971 0.694712 0.165865 0.216346
1 0.0444712 0.100962 0.0889423 0.201923
1 0.918269 0.324519 0.163462 0.216346
1 0.778846 0.647837 0.182692 0.233173
1 0.456731 0.829327 0.158654 0.225962
1 0.920673 0.539663 0.158654 0.228365
