0 0.170312 0.79375 0.1375 0.204167
0 0.0570313 0.116667 0.114063 0.225
0 0.789062 0.0479167 0.146875 0.0958333
0 0.945312 0.792708 0.109375 0.222917
0 0.926562 0.958333 0.1375 0.0833333
0 0.238281 0.08125 0.167187 0.1625
0 0.053125 0.29375 0.10625 0.220833
0 0.95625 0.172917 0.0875 0.204167
0 0.84375 0.842708 0.1375 0.214583
0 0.85 0.283333 0.19375 0.216667
0 0.175 0.941667 0.128125 0.116667
0 0.501562 0.922917 0.171875 0.154167
0 0.259375 0.273958 0.15 0.19375
0 0.0523437 0.942708 0.104687 0.114583
0 0.674219 0.695833 0.151562 0.195833
0 0.303906 0.921875 0.148438 0.15625
0 0.658594 0.892708 0.204688 0.214583
0 0.415625 0.084375 0.175 0.16875
0 0.878125 0.501042 0.146875 0.20625
0 0.639844 0.078125 0.157813 0.15625
0 0.746875 0.446875 0.16875 0.20625
0 0.442969 0.683333 0.185937 0.225
0 0.145313 0.445833 0.140625 0.220833
1 0.471094 0.351042 0.301562 0.39375
