1 0.707933 0.96274 0.141827 0.0745192
1 0.716346 0.72476 0.153846 0.257212
1 0.145433 0.205529 0.161058 0.189904
1 0.454327 0.0685096 0.182692 0.137019
1 0.774038 0.116587 0.177885 0.233173
1 0.25 0.0372596 0.158654 0.0745192
1 0.0396635 0.483173 0.0793269 0.197115
1 0.128606 0.100962 0.170673 0.197115
1 0.15625 0.414663 0.168269 0.199519
1 0.528846 0.811298 0.144231 0.199519
1 0.24399 0.894231 0.165865 0.206731
1 0.590144 0.157452 0.194712 0.21875
2 0.543269 0.496394 0.331731 0.483173
1 0.0805288 0.942308 0.161058 0.115385
1 0.823317 0.336538 0.199519 0.225962
1 0.63101 0.917067 0.165865 0.165865
1 0.159856 0.652644 0.189904 0.242788
1 0.385817 0.719952 0.151442 0.204327
1 0.314904 0.325721 0.197115 0.223558
1 0.927885 0.747596 0.144231 0.206731
1 0.870192 0.902644 0.168269 0.194712
1 0.918269 0.520433 0.163462 0.209135
