0 0.619531 0.973958 0.110937 0.0520833
0 0.98125 0.394792 0.0375 0.21875
0 0.0179687 0.592708 0.0359375 0.222917
0 0.269531 0.596875 0.182812 0.185417
0 0.514844 0.689583 0.210938 0.220833
0 0.0960938 0.408333 0.192188 0.275
0 0.18125 0.0541667 0.19375 0.108333
0 0.382812 0.08125 0.18125 0.1625
0 0.532812 0.866667 0.171875 0.208333
0 0.541406 0.14375 0.160938 0.2125
1 0.385156 0.3875 0.426562 0.495833
0 0.3125 0.821875 0.225 0.264583
0 0.727344 0.0708333 0.164062 0.141667
0 0.926562 0.558333 0.146875 0.225
0 0.10625 0.225 0.18125 0.225
0 0.684375 0.377083 0.19375 0.2375
0 0.710938 0.876042 0.175 0.235417
0 0.880469 0.286458 0.176563 0.247917
0 0.874219 0.784375 0.179688 0.23125
