0 0.0140625 0.685417 0.028125 0.2625
0 0.307813 0.94375 0.15 0.1125
0 0.965625 0.0385417 0.06875 0.0770833
0 0.984375 0.461458 0.03125 0.177083
0 0.796094 0.0375 0.164062 0.075
0 0.149219 0.935417 0.151562 0.129167
0 0.965625 0.205208 0.06875 0.214583
0 0.0265625 0.435417 0.053125 0.225
0 0.03125 0.227083 0.0625 0.208333
0 0.8125 0.177083 0.19375 0.191667
0 0.0664062 0.0739583 0.132812 0.147917
0 0.670313 0.864583 0.178125 0.2375
0 0.1625 0.738542 0.19375 0.24375
0 0.0554687 0.895833 0.110937 0.195833
0 0.579687 0.0875 0.178125 0.175
0 0.501562 0.939583 0.184375 0.116667
0 0.410156 0.259375 0.126563 0.202083
0 0.423438 0.0833333 0.1625 0.166667
0 0.403125 0.475 0.178125 0.233333
0 0.566406 0.392708 0.164062 0.20625
0 0.26875 0.3375 0.1875 0.2375
0 0.1125 0.583333 0.16875 0.216667
1 0.795313 0.5 0.371875 0.55
0 0.889844 0.854167 0.198437 0.25
0 0.382812 0.688542 0.159375 0.20625
0 0.55625 0.626042 0.175 0.214583
0 0.160156 0.165625 0.167187 0.227083
