0 0.180469 0.0802083 0.154687 0.15625
0 0.838281 0.447917 0.135937 0.245833
0 0.332812 0.0427083 0.165625 0.0854167
0 0.971094 0.49375 0.0578125 0.220833
0 0.25625 0.929167 0.20625 0.141667
0 0.034375 0.21875 0.06875 0.254167
0 0.260156 0.764583 0.139062 0.195833
0 0.0273438 0.501042 0.0546875 0.222917
0 0.071875 0.910417 0.14375 0.179167
0 0.932813 0.8375 0.134375 0.225
0 0.761719 0.445833 0.160938 0.225
0 0.0875 0.0729167 0.1375 0.145833
0 0.935938 0.123958 0.128125 0.222917
1 0.553125 0.86875 0.2875 0.2625
0 0.561719 0.0760417 0.179688 0.147917
0 0.349219 0.570833 0.192188 0.220833
0 0.465625 0.434375 0.1625 0.222917
0 0.189844 0.526042 0.151562 0.21875
0 0.567187 0.625 0.18125 0.225
0 0.175 0.313542 0.175 0.235417
0 0.330469 0.221875 0.173438 0.23125
0 0.721094 0.207292 0.182812 0.222917
