0 0.407031 0.538542 0.0984375 0.185417
0 0.238281 0.979167 0.182812 0.0416667
0 0.985937 0.552083 0.028125 0.220833
0 0.96875 0.807292 0.0625 0.235417
0 0.214062 0.0541667 0.159375 0.108333
1 0.857813 0.888542 0.240625 0.21875
0 0.935156 0.121875 0.129688 0.21875
0 0.970312 0.34375 0.059375 0.204167
0 0.303906 0.776042 0.145313 0.222917
0 0.269531 0.130208 0.173438 0.20625
0 0.267188 0.514583 0.175 0.266667
0 0.450781 0.66875 0.170312 0.225
0 0.0359375 0.866667 0.071875 0.25
0 0.0351562 0.627083 0.0703125 0.2125
0 0.05 0.0947917 0.096875 0.189583
0 0.657812 0.935417 0.178125 0.129167
0 0.146094 0.514583 0.182812 0.229167
0 0.71875 0.05625 0.15 0.1125
0 0.39375 0.914583 0.178125 0.170833
0 0.871875 0.401042 0.1625 0.235417
0 0.615625 0.34375 0.21875 0.220833
1 0.735937 0.636458 0.409375 0.50625
0 0.15625 0.8375 0.175 0.233333
0 0.146094 0.294792 0.179688 0.21875
0 0.582031 0.136458 0.176563 0.210417
