1 0.913462 0.911058 0.149038 0.168269
1 0.721154 0.490385 0.139423 0.177885
1 0.317308 0.885817 0.129808 0.151442
1 0.314904 0.0420673 0.134615 0.0841346
1 0.236779 0.597356 0.141827 0.189904
1 0.0228365 0.885817 0.0456731 0.199519
0 0.611779 0.171875 0.0697115 0.0793269
1 0.15625 0.480769 0.125 0.192308
1 0.737981 0.950721 0.125 0.0985577
1 0.278846 0.128606 0.149038 0.194712
1 0.641827 0.421875 0.158654 0.237981
1 0.960337 0.0504808 0.0793269 0.100962
1 0.938702 0.798077 0.122596 0.1875
1 0.594952 0.963942 0.180288 0.0721154
1 0.0841346 0.646635 0.149038 0.201923
1 0.835337 0.168269 0.170673 0.230769
1 0.325721 0.612981 0.165865 0.182692
1 0.9375 0.52524 0.120192 0.194712
1 0.811298 0.56851 0.146635 0.209135
1 0.674279 0.141827 0.141827 0.206731
1 0.116587 0.409856 0.170673 0.209135
1 0.0949519 0.766827 0.141827 0.211538
1 0.508413 0.282452 0.161058 0.204327
1 0.158654 0.0889423 0.182692 0.177885
1 0.377404 0.736779 0.182692 0.242788
1 0.484375 0.486779 0.165865 0.209135
1 0.223558 0.903846 0.158654 0.182692
1 0.09375 0.268029 0.149038 0.204327
1 0.370192 0.342548 0.168269 0.228365
0 0.24399 0.283654 0.0649038 0.0913462
2 0.757212 0.754808 0.1875 0.235577
1 0.917067 0.399038 0.161058 0.230769
