0 0.386719 0.403125 0.157813 0.19375
0 0.946875 0.0364583 0.10625 0.0729167
0 0.025 0.558333 0.046875 0.245833
0 0.9625 0.602083 0.075 0.191667
0 0.692969 0.94375 0.160938 0.1125
0 0.204688 0.517708 0.165625 0.210417
0 0.8875 0.276042 0.175 0.23125
0 0.820312 0.16875 0.165625 0.2125
0 0.297656 0.344792 0.173438 0.235417
0 0.910937 0.486458 0.178125 0.177083
0 0.380469 0.538542 0.160938 0.197917
0 0.332031 0.898958 0.179688 0.197917
0 0.817187 0.64375 0.171875 0.175
0 0.135156 0.686458 0.176563 0.202083
1 0.515625 0.765625 0.34375 0.460417
0 0.610156 0.090625 0.198437 0.18125
0 0.719531 0.371875 0.157813 0.20625
0 0.364062 0.113542 0.171875 0.227083
0 0.172656 0.0885417 0.148438 0.177083
0 0.557031 0.3125 0.160938 0.216667
