0 0.215625 0.939583 0.13125 0.120833
0 0.130469 0.30625 0.129688 0.195833
0 0.0890625 0.978125 0.178125 0.04375
0 0.0414063 0.745833 0.0828125 0.208333
0 0.620313 0.969792 0.140625 0.0604167
0 0.878125 0.817708 0.18125 0.18125
0 0.933594 0.609375 0.129688 0.235417
0 0.264062 0.0552083 0.171875 0.110417
0 0.04375 0.522917 0.0875 0.195833
0 0.609375 0.478125 0.13125 0.227083
0 0.0601562 0.30625 0.117188 0.2125
0 0.963281 0.344792 0.0703125 0.222917
0 0.903125 0.95 0.1875 0.1
0 0.755469 0.639583 0.148438 0.2
0 0.873438 0.38125 0.146875 0.2125
0 0.919531 0.110417 0.160938 0.220833
0 0.734375 0.4125 0.15 0.233333
0 0.553125 0.645833 0.16875 0.195833
0 0.270312 0.21875 0.171875 0.216667
0 0.6875 0.844792 0.15625 0.197917
0 0.416406 0.09375 0.173438 0.1875
0 0.525 0.877083 0.16875 0.2375
0 0.548437 0.235417 0.165625 0.204167
1 0.195312 0.685417 0.30625 0.429167
0 0.704687 0.160417 0.171875 0.233333
