0 0.986719 0.655208 0.0265625 0.24375
0 0.163281 0.413542 0.185937 0.214583
0 0.342187 0.971875 0.153125 0.05625
0 0.491406 0.344792 0.126563 0.222917
0 0.832031 0.734375 0.135937 0.20625
0 0.0445312 0.909375 0.0890625 0.177083
0 0.15625 0.922917 0.15625 0.154167
0 0.764063 0.133333 0.184375 0.216667
0 0.25625 0.927083 0.15 0.145833
1 0.957812 0.1125 0.078125 0.220833
0 0.914062 0.747917 0.140625 0.1875
0 0.784375 0.848958 0.1625 0.214583
0 0.5875 0.360417 0.1625 0.216667
0 0.0609375 0.152083 0.121875 0.2125
0 0.775 0.455208 0.1625 0.197917
0 0.0273438 0.638542 0.0546875 0.197917
0 0.736719 0.58125 0.170312 0.2125
0 0.489062 0.135417 0.1875 0.225
0 0.208594 0.103125 0.176563 0.20625
0 0.842188 0.315625 0.178125 0.239583
1 0.54375 0.6125 0.259375 0.308333
