0 0.0375 0.972917 0.075 0.0541667
0 0.2875 0.965625 0.15 0.06875
0 0.0148437 0.346875 0.0296875 0.247917
0 0.0203125 0.838542 0.040625 0.227083
0 0.772656 0.457292 0.232812 0.21875
0 0.192969 0.530208 0.164062 0.227083
0 0.482031 0.957292 0.145313 0.0854167
0 0.45625 0.769792 0.18125 0.185417
0 0.725 0.08125 0.1875 0.1625
0 0.35 0.269792 0.16875 0.24375
0 0.919531 0.751042 0.154687 0.189583
0 0.117188 0.1875 0.1875 0.241667
0 0.222656 0.090625 0.157813 0.18125
0 0.0945313 0.582292 0.173438 0.239583
0 0.840625 0.935417 0.171875 0.129167
0 0.873438 0.641667 0.165625 0.208333
0 0.321875 0.805208 0.184375 0.23125
0 0.394531 0.0947917 0.167187 0.189583
0 0.0710938 0.0552083 0.139062 0.110417
0 0.942969 0.428125 0.114063 0.214583
0 0.14375 0.8875 0.20625 0.225
1 0.496875 0.480208 0.371875 0.44375
0 0.564062 0.171875 0.16875 0.239583
0 0.907812 0.0979167 0.184375 0.1875
0 0.789062 0.247917 0.19375 0.229167
0 0.664844 0.672917 0.173438 0.2125
0 0.667188 0.8875 0.18125 0.216667
