0 0.935938 0.053125 0.11875 0.102083
0 0.0140625 0.2125 0.028125 0.25
0 0.533594 0.814583 0.139062 0.254167
0 0.377344 0.938542 0.157813 0.11875
0 0.160938 0.03125 0.190625 0.0625
0 0.0242187 0.046875 0.0484375 0.0895833
0 0.979688 0.597917 0.040625 0.225
0 0.60625 0.1875 0.2 0.241667
0 0.476562 0.597917 0.1875 0.2125
0 0.130469 0.972917 0.145313 0.0541667
0 0.675 0.407292 0.18125 0.222917
0 0.329688 0.79375 0.15625 0.254167
0 0.839844 0.960417 0.157813 0.0791667
0 0.372656 0.546875 0.182812 0.21875
0 0.0570313 0.54375 0.114063 0.245833
1 0.698438 0.736458 0.321875 0.435417
0 0.452344 0.0875 0.154687 0.175
0 0.829687 0.319792 0.159375 0.214583
0 0.339063 0.348958 0.175 0.222917
0 0.247656 0.289583 0.173438 0.229167
0 0.879687 0.529167 0.165625 0.2
0 0.308594 0.0989583 0.151562 0.189583
0 0.175 0.75 0.16875 0.225
