0 0.459375 0.976042 0.140625 0.0479167
0 0.0601562 0.217708 0.120312 0.214583
0 0.910937 0.960417 0.165625 0.0791667
0 0.328125 0.255208 0.14375 0.197917
0 0.403906 0.05625 0.160938 0.1125
0 0.422656 0.360417 0.160938 0.195833
0 0.613281 0.370833 0.142188 0.216667
0 0.960156 0.595833 0.0765625 0.2
0 0.0335938 0.458333 0.0671875 0.225
0 0.920313 0.104167 0.159375 0.208333
0 0.776563 0.08125 0.171875 0.1625
0 0.517187 0.0520833 0.153125 0.104167
0 0.0703125 0.0854167 0.1375 0.170833
0 0.6875 0.653125 0.2 0.222917
0 0.490625 0.621875 0.18125 0.214583
0 0.874219 0.732292 0.167187 0.24375
0 0.766406 0.29375 0.198437 0.245833
0 0.882812 0.461458 0.153125 0.20625
0 0.184375 0.327083 0.15625 0.216667
1 0.275781 0.805208 0.360938 0.38125
