0 0.985937 0.379167 0.028125 0.229167
0 0.0328125 0.909375 0.065625 0.18125
0 0.0195312 0.182292 0.0390625 0.210417
0 0.0546875 0.0458333 0.103125 0.0916667
0 0.0289063 0.640625 0.0546875 0.227083
0 0.945312 0.89375 0.109375 0.191667
0 0.726562 0.334375 0.153125 0.202083
0 0.714844 0.958333 0.160938 0.0833333
0 0.65 0.04375 0.1625 0.0875
0 0.882812 0.255208 0.178125 0.185417
0 0.382812 0.533333 0.178125 0.195833
0 0.823438 0.0635417 0.165625 0.127083
0 0.965625 0.697917 0.06875 0.1875
0 0.879687 0.938542 0.140625 0.122917
0 0.803906 0.428125 0.104687 0.13125
0 0.914062 0.5125 0.159375 0.208333
0 0.207813 0.469792 0.159375 0.222917
0 0.942187 0.0625 0.115625 0.125
0 0.300781 0.11875 0.151562 0.204167
0 0.592969 0.195833 0.192188 0.220833
0 0.385156 0.929167 0.167187 0.141667
0 0.0632813 0.417708 0.126563 0.23125
0 0.383594 0.7625 0.207813 0.225
1 0.621875 0.642708 0.38125 0.50625
0 0.417188 0.291667 0.18125 0.254167
0 0.140625 0.201042 0.184375 0.222917
0 0.167187 0.809375 0.175 0.24375
