1 0.0516827 0.420673 0.0985577 0.192308
0 0.0697115 0.950721 0.139423 0.0985577
1 0.447115 0.984375 0.163462 0.03125
1 0.0204327 0.141827 0.0408654 0.235577
1 0.0685096 0.950721 0.137019 0.0985577
1 0.433894 0.362981 0.161058 0.25
0 0.872596 0.0300481 0.0769231 0.0600962
1 0.930288 0.945913 0.139423 0.108173
1 0.277644 0.920673 0.141827 0.153846
1 0.424279 0.139423 0.161058 0.221154
1 0.540865 0.0709135 0.168269 0.141827
2 0.168269 0.65625 0.326923 0.466346
1 0.814904 0.546875 0.125 0.161058
1 0.43149 0.578125 0.161058 0.189904
1 0.929087 0.209135 0.141827 0.264423
1 0.586538 0.274038 0.149038 0.25
1 0.298077 0.0661058 0.163462 0.132212
1 0.731971 0.15625 0.146635 0.197115
1 0.112981 0.252404 0.163462 0.211538
1 0.604567 0.883413 0.15625 0.21875
1 0.646635 0.480769 0.173077 0.206731
1 0.272837 0.242788 0.151442 0.1875
1 0.68149 0.682692 0.180288 0.211538
1 0.432692 0.84976 0.173077 0.213942
1 0.887019 0.699519 0.168269 0.201923
