0 0.977163 0.867788 0.0408654 0.0673077
1 0.581731 0.939904 0.173077 0.115385
1 0.859375 0.635817 0.185096 0.209135
1 0.896635 0.981971 0.177885 0.0360577
0 0.545673 0.352163 0.0528846 0.0649038
1 0.951923 0.734375 0.0961538 0.213942
1 0.550481 0.0372596 0.163462 0.0745192
1 0.927885 0.646635 0.144231 0.197115
1 0.140625 0.763221 0.137019 0.209135
1 0.725962 0.641827 0.158654 0.221154
0 0.629808 0.171875 0.0625 0.0793269
1 0.549279 0.126202 0.165865 0.204327
1 0.436298 0.856971 0.185096 0.204327
1 0.302885 0.829327 0.168269 0.225962
1 0.0408654 0.579327 0.0817308 0.221154
1 0.192308 0.955529 0.144231 0.0889423
1 0.314904 0.420673 0.177885 0.197115
1 0.127404 0.0829327 0.177885 0.165865
1 0.6875 0.919471 0.197115 0.161058
1 0.271635 0.570913 0.163462 0.247596
1 0.878606 0.376202 0.189904 0.247596
1 0.915865 0.0817308 0.163462 0.163462
1 0.674279 0.513221 0.175481 0.257212
1 0.923077 0.865385 0.153846 0.206731
1 0.758413 0.137019 0.170673 0.221154
2 0.469952 0.600962 0.252404 0.25
