1 0.645433 0.760817 0.146635 0.223558
1 0.979567 0.358173 0.0408654 0.254808
1 0.663462 0.967548 0.158654 0.0649038
1 0.847356 0.185096 0.15625 0.197115
1 0.15625 0.846154 0.144231 0.177885
1 0.352163 0.153846 0.151442 0.206731
1 0.236779 0.596154 0.21875 0.168269
1 0.486779 0.965144 0.15625 0.0697115
1 0.695913 0.78125 0.161058 0.216346
1 0.445913 0.597356 0.170673 0.286058
1 0.94351 0.046875 0.108173 0.09375
1 0.804087 0.461538 0.175481 0.278846
1 0.0721154 0.191106 0.144231 0.21875
1 0.0552885 0.423077 0.110577 0.230769
1 0.276442 0.0396635 0.158654 0.0793269
1 0.189904 0.485577 0.173077 0.197115
1 0.0769231 0.954327 0.153846 0.0913462
1 0.914663 0.710337 0.161058 0.21875
1 0.34976 0.276442 0.170673 0.201923
2 0.615385 0.292067 0.375 0.396635
1 0.842548 0.915865 0.180288 0.168269
1 0.325721 0.939904 0.170673 0.120192
1 0.183894 0.260817 0.161058 0.213942
1 0.28726 0.72476 0.165865 0.228365
