0 0.194531 0.469792 0.145313 0.202083
0 0.4375 0.44375 0.1375 0.195833
0 0.946094 0.01875 0.107813 0.0375
0 0.819531 0.976042 0.176563 0.0479167
0 0.563281 0.94375 0.192188 0.1125
0 0.978125 0.483333 0.04375 0.204167
0 0.0179687 0.227083 0.0359375 0.225
0 0.26875 0.452083 0.14375 0.183333
0 0.971875 0.810417 0.05625 0.329167
0 0.709375 0.815625 0.15625 0.252083
0 0.9625 0.336458 0.075 0.20625
0 0.9625 0.139583 0.075 0.183333
0 0.192969 0.05625 0.148438 0.1125
0 0.0320312 0.790625 0.0609375 0.20625
0 0.507812 0.776042 0.15 0.19375
0 0.691406 0.54375 0.173438 0.208333
0 0.5875 0.642708 0.178125 0.189583
0 0.0398437 0.46875 0.0796875 0.270833
0 0.535937 0.434375 0.159375 0.210417
0 0.0585938 0.06875 0.114063 0.1375
0 0.259375 0.670833 0.19375 0.2125
0 0.56875 0.0458333 0.2 0.0916667
0 0.103125 0.271875 0.140625 0.260417
0 0.0773437 0.690625 0.154687 0.21875
0 0.297656 0.278125 0.157813 0.177083
0 0.384375 0.865625 0.165625 0.210417
1 0.170312 0.891667 0.334375 0.216667
0 0.85625 0.439583 0.1875 0.25
0 0.3625 0.103125 0.2 0.20625
0 0.875781 0.74375 0.160938 0.216667
0 0.758594 0.148958 0.167187 0.19375
0 0.514844 0.21875 0.157813 0.2125
