0 0.132031 0.952083 0.110937 0.0958333
0 0.794531 0.960417 0.170312 0.0791667
0 0.0492188 0.0291667 0.0953125 0.0583333
0 0.189063 0.320833 0.159375 0.2125
0 0.0335938 0.902083 0.0671875 0.195833
0 0.226562 0.445833 0.134375 0.2375
0 0.613281 0.667708 0.176563 0.26875
0 0.735937 0.04375 0.178125 0.0875
0 0.232031 0.221875 0.167187 0.20625
0 0.644531 0.902083 0.192188 0.195833
0 0.567187 0.0541667 0.15625 0.108333
0 0.596875 0.404167 0.171875 0.229167
1 0.301562 0.802083 0.371875 0.395833
0 0.332812 0.0729167 0.171875 0.145833
0 0.35 0.382292 0.15625 0.189583
0 0.0890625 0.708333 0.140625 0.245833
0 0.444531 0.544792 0.160938 0.18125
0 0.461719 0.248958 0.173438 0.189583
0 0.817969 0.139583 0.189063 0.2375
0 0.727344 0.378125 0.151562 0.21875
0 0.794531 0.607292 0.182812 0.214583
