0 0.853125 0.327083 0.15625 0.1875
0 0.34375 0.9625 0.13125 0.075
0 0.1125 0.0989583 0.165625 0.189583
0 0.0117188 0.115625 0.0234375 0.214583
0 0.170312 0.0197917 0.15625 0.0395833
0 0.0796875 0.713542 0.14375 0.202083
0 0.798437 0.040625 0.165625 0.08125
0 0.959375 0.285417 0.08125 0.195833
0 0.73125 0.714583 0.15625 0.216667
0 0.0765625 0.9 0.153125 0.2
0 0.335938 0.355208 0.0875 0.152083
0 0.01875 0.686458 0.0375 0.210417
0 0.732813 0.926042 0.1625 0.147917
0 0.258594 0.705208 0.148438 0.19375
0 0.795313 0.238542 0.140625 0.222917
0 0.960938 0.133333 0.078125 0.233333
0 0.0523437 0.483333 0.104687 0.208333
0 0.136719 0.191667 0.123438 0.170833
0 0.450781 0.321875 0.198437 0.247917
0 0.215625 0.8875 0.134375 0.2
0 0.857813 0.889583 0.153125 0.204167
0 0.509375 0.160417 0.171875 0.2
0 0.686719 0.4125 0.173438 0.2875
1 0.498437 0.805208 0.365625 0.389583
0 0.141406 0.553125 0.135937 0.172917
0 0.303125 0.16875 0.184375 0.1875
0 0.896875 0.667708 0.1875 0.23125
