0 0.235938 0.941667 0.1875 0.116667
0 0.207813 0.065625 0.171875 0.13125
0 0.321094 0.427083 0.160938 0.204167
0 0.0164062 0.1375 0.0328125 0.2125
0 0.973437 0.894792 0.053125 0.197917
0 0.953125 0.246875 0.09375 0.227083
0 0.807813 0.935417 0.190625 0.129167
0 0.0648438 0.951042 0.129688 0.0979167
0 0.939062 0.69375 0.121875 0.179167
0 0.771094 0.811458 0.167187 0.16875
0 0.852344 0.120833 0.176563 0.241667
0 0.785937 0.634375 0.171875 0.210417
0 0.865625 0.517708 0.18125 0.18125
0 0.317969 0.819792 0.182812 0.185417
0 0.355469 0.308333 0.189063 0.2625
0 0.838281 0.345833 0.179688 0.179167
0 0.617188 0.0583333 0.165625 0.116667
0 0.592969 0.19375 0.170312 0.2
0 0.126563 0.448958 0.159375 0.189583
0 0.647656 0.845833 0.164062 0.216667
0 0.466406 0.815625 0.192188 0.21875
0 0.132031 0.777083 0.164062 0.208333
0 0.238281 0.629167 0.173438 0.220833
0 0.114063 0.246875 0.184375 0.222917
1 0.560938 0.491667 0.3625 0.425
