0 0.945312 0.6 0.109375 0.208333
0 0.19375 0.972917 0.2 0.0541667
0 0.871875 0.025 0.14375 0.05
0 0.953125 0.832292 0.0875 0.222917
0 0.942187 0.91875 0.109375 0.1625
0 0.01875 0.702083 0.0375 0.1875
0 0.0242187 0.21875 0.0484375 0.270833
0 0.935938 0.28125 0.128125 0.208333
0 0.955469 0.384375 0.0890625 0.202083
0 0.391406 0.964583 0.157813 0.0708333
0 0.48125 0.4875 0.178125 0.233333
0 0.602344 0.0770833 0.189063 0.154167
0 0.675 0.929167 0.159375 0.141667
0 0.567969 0.492708 0.123438 0.247917
0 0.325 0.834375 0.1875 0.20625
0 0.313281 0.392708 0.198437 0.239583
0 0.835156 0.892708 0.160938 0.214583
0 0.725781 0.726042 0.173438 0.227083
0 0.865625 0.558333 0.184375 0.2375
1 0.385938 0.159375 0.34375 0.31875
0 0.3 0.630208 0.19375 0.235417
0 0.650781 0.251042 0.179688 0.23125
0 0.5125 0.864583 0.18125 0.2375
