0 0.0992187 0.936458 0.185937 0.122917
0 0.960938 0.907292 0.075 0.185417
0 0.0523437 0.820833 0.104687 0.2
0 0.932813 0.0666667 0.134375 0.133333
0 0.948438 0.497917 0.103125 0.258333
0 0.678906 0.903125 0.185937 0.189583
0 0.524219 0.835417 0.192188 0.245833
0 0.878125 0.721875 0.18125 0.260417
0 0.854688 0.45625 0.178125 0.270833
0 0.0351562 0.626042 0.0671875 0.214583
0 0.848437 0.921875 0.153125 0.152083
0 0.714844 0.0833333 0.201562 0.166667
0 0.514844 0.563542 0.179688 0.235417
0 0.692187 0.259375 0.196875 0.239583
1 0.252344 0.332292 0.351562 0.44375
0 0.696875 0.511458 0.1625 0.24375
