0 0.271094 0.0864583 0.142188 0.16875
0 0.3375 0.320833 0.15625 0.254167
0 0.809375 0.871875 0.153125 0.164583
0 0.976562 0.0875 0.046875 0.175
0 0.440625 0.867708 0.153125 0.24375
0 0.788281 0.0489583 0.173438 0.0979167
0 0.946875 0.85 0.103125 0.2
0 0.190625 0.301042 0.16875 0.20625
0 0.114063 0.661458 0.19375 0.24375
0 0.0757812 0.322917 0.145313 0.2125
0 0.524219 0.45625 0.179688 0.229167
0 0.682813 0.1 0.165625 0.195833
0 0.414844 0.120833 0.182812 0.241667
0 0.892187 0.33125 0.16875 0.216667
0 0.666406 0.40625 0.182812 0.220833
0 0.245312 0.83125 0.1875 0.254167
1 0.634375 0.777083 0.21875 0.283333
