0 0.046875 0.346875 0.09375 0.23125
0 0.632812 0.0302083 0.18125 0.0604167
0 0.182812 0.138542 0.1625 0.197917
0 0.0664062 0.114583 0.132812 0.220833
0 0.0398437 0.713542 0.0796875 0.197917
0 0.357812 0.629167 0.153125 0.208333
0 0.735156 0.875 0.179688 0.225
0 0.926562 0.888542 0.140625 0.197917
0 0.0492188 0.572917 0.0984375 0.195833
0 0.951563 0.557292 0.096875 0.23125
0 0.467969 0.208333 0.151562 0.195833
0 0.114063 0.958333 0.159375 0.0833333
0 0.803125 0.201042 0.19375 0.285417
0 0.467187 0.590625 0.134375 0.21875
0 0.483594 0.386458 0.170312 0.19375
0 0.90625 0.0489583 0.175 0.0979167
0 0.304688 0.242708 0.15625 0.202083
0 0.195312 0.751042 0.140625 0.185417
0 0.557031 0.14375 0.160938 0.208333
0 0.315625 0.419792 0.14375 0.21875
0 0.220313 0.419792 0.140625 0.202083
0 0.310156 0.834375 0.154687 0.222917
0 0.655469 0.188542 0.167187 0.252083
0 0.576563 0.901042 0.159375 0.185417
0 0.95 0.297917 0.1 0.220833
0 0.88125 0.673958 0.15625 0.21875
1 0.678906 0.597917 0.320312 0.416667
