1 0.0829327 0.292067 0.165865 0.358173
1 0.282452 0.862981 0.194712 0.274038
0 0.939904 0.876202 0.120192 0.161058
1 0.512019 0.947115 0.182692 0.105769
1 0.947115 0.414663 0.105769 0.237981
1 0.262019 0.597356 0.163462 0.21875
1 0.96875 0.236779 0.0625 0.228365
1 0.0252404 0.0901442 0.0504808 0.180288
0 0.945913 0.419471 0.108173 0.242788
1 0.550481 0.804087 0.197115 0.213942
1 0.518029 0.0997596 0.194712 0.199519
2 0.497596 0.563702 0.221154 0.290865
1 0.891827 0.691106 0.177885 0.262019
0 0.0336538 0.973558 0.0625 0.0528846
0 0.96274 0.590144 0.0745192 0.108173
