0 0.119531 0.0302083 0.164062 0.0604167
0 0.471094 0.0208333 0.179688 0.0416667
0 0.0875 0.933333 0.16875 0.125
0 0.282813 0.93125 0.16875 0.1375
0 0.285937 0.847917 0.159375 0.2375
0 0.0273438 0.55 0.0515625 0.216667
0 0.603125 0.960417 0.225 0.0791667
0 0.791406 0.627083 0.189063 0.220833
0 0.179688 0.0895833 0.178125 0.179167
0 0.0328125 0.09375 0.0625 0.1875
0 0.176563 0.307292 0.19375 0.235417
0 0.128125 0.426042 0.159375 0.222917
0 0.630469 0.572917 0.164062 0.195833
0 0.967188 0.413542 0.065625 0.214583
0 0.660156 0.808333 0.167187 0.233333
0 0.825 0.922917 0.203125 0.154167
0 0.748438 0.0927083 0.178125 0.185417
0 0.810938 0.497917 0.178125 0.216667
0 0.9125 0.0583333 0.1625 0.116667
0 0.267188 0.567708 0.178125 0.247917
0 0.942969 0.685417 0.114063 0.225
0 0.3625 0.104167 0.15625 0.208333
0 0.454688 0.572917 0.1875 0.229167
1 0.563281 0.28125 0.329688 0.470833
0 0.114063 0.81875 0.184375 0.2375
