0 0.0429688 0.729167 0.0859375 0.2125
0 0.021875 0.0979167 0.04375 0.195833
0 0.0484375 0.152083 0.090625 0.175
0 0.867969 0.939583 0.170312 0.120833
0 0.565625 0.071875 0.18125 0.14375
0 0.160938 0.578125 0.146875 0.210417
0 0.605469 0.728125 0.154687 0.20625
0 0.380469 0.225 0.192188 0.208333
0 0.951563 0.470833 0.096875 0.216667
0 0.760938 0.708333 0.165625 0.208333
0 0.532812 0.955208 0.190625 0.0895833
0 0.385938 0.071875 0.15625 0.14375
0 0.0804688 0.373958 0.160938 0.23125
0 0.496875 0.809375 0.13125 0.172917
0 0.715625 0.81875 0.18125 0.195833
0 0.835156 0.0364583 0.189063 0.0729167
0 0.0726563 0.858333 0.145313 0.216667
0 0.5125 0.204167 0.16875 0.216667
0 0.373437 0.832292 0.153125 0.177083
0 0.725781 0.496875 0.214062 0.202083
0 0.210938 0.244792 0.165625 0.177083
0 0.924219 0.259375 0.151562 0.222917
0 0.745313 0.233333 0.190625 0.258333
1 0.363281 0.526042 0.382812 0.485417
