1 0.0228365 0.883413 0.0456731 0.233173
1 0.686298 0.760817 0.15625 0.233173
1 0.341346 0.817308 0.206731 0.245192
0 0.78726 0.917067 0.161058 0.161058
1 0.909856 0.106971 0.180288 0.209135
1 0.930288 0.918269 0.139423 0.163462
1 0.799279 0.0649038 0.165865 0.129808
1 0.602163 0.733173 0.175481 0.206731
1 0.340144 0.0240385 0.194712 0.0480769
0 0.796875 0.0649038 0.165865 0.129808
1 0.97476 0.485577 0.0504808 0.225962
1 0.13101 0.850962 0.180288 0.288462
1 0.120192 0.03125 0.177885 0.0625
1 0.926683 0.664663 0.146635 0.252404
0 0.926683 0.673077 0.146635 0.264423
1 0.78726 0.917067 0.161058 0.161058
1 0.695913 0.322115 0.15625 0.206731
1 0.0709135 0.355769 0.141827 0.221154
1 0.59976 0.920673 0.199519 0.158654
1 0.325721 0.139423 0.180288 0.25
1 0.216346 0.96875 0.168269 0.0625
0 0.908654 0.105769 0.182692 0.206731
1 0.675481 0.533654 0.1875 0.235577
1 0.361779 0.46875 0.165865 0.264423
2 0.542067 0.229567 0.286058 0.377404
