0 0.7 0.9125 0.15625 0.1625
0 0.3875 0.658333 0.15 0.2
0 0.905469 0.0708333 0.176563 0.141667
0 0.0421875 0.347917 0.084375 0.170833
0 0.975 0.579167 0.05 0.208333
0 0.386719 0.469792 0.189063 0.24375
0 0.766406 0.557292 0.148438 0.19375
0 0.627344 0.584375 0.164062 0.177083
0 0.975 0.28125 0.05 0.2125
0 0.0429688 0.5375 0.0859375 0.166667
0 0.598437 0.9125 0.165625 0.170833
0 0.489062 0.771875 0.159375 0.210417
0 0.101562 0.419792 0.159375 0.185417
0 0.285156 0.938542 0.182812 0.122917
0 0.0773437 0.145833 0.151562 0.2375
0 0.673437 0.0739583 0.178125 0.147917
0 0.640625 0.719792 0.15625 0.214583
0 0.311719 0.111458 0.170312 0.222917
0 0.464844 0.0875 0.176563 0.175
0 0.114063 0.915625 0.146875 0.16875
1 0.577344 0.344792 0.335938 0.335417
0 0.229687 0.6875 0.1625 0.208333
