0 0.35625 0.0270833 0.1125 0.0541667
0 0.921875 0.0239583 0.15625 0.0479167
0 0.0234375 0.9375 0.046875 0.125
0 0.95625 0.7875 0.0875 0.25
0 0.477344 0.196875 0.151562 0.19375
0 0.521875 0.246875 0.165625 0.189583
0 0.860937 0.911458 0.15625 0.172917
0 0.675781 0.389583 0.189063 0.170833
0 0.352344 0.948958 0.179688 0.102083
0 0.799219 0.0927083 0.126563 0.185417
0 0.161719 0.9375 0.173438 0.125
0 0.185156 0.74375 0.189063 0.220833
0 0.0476562 0.2625 0.0953125 0.195833
0 0.614062 0.94375 0.165625 0.108333
0 0.951563 0.5125 0.090625 0.2
0 0.73125 0.188542 0.121875 0.172917
0 0.389844 0.615625 0.179688 0.302083
0 0.610156 0.0802083 0.173438 0.160417
0 0.932813 0.142708 0.134375 0.20625
0 0.502344 0.819792 0.170312 0.235417
1 0.710156 0.672917 0.373437 0.445833
0 0.519531 0.466667 0.164062 0.233333
0 0.192969 0.616667 0.179688 0.216667
0 0.849219 0.314583 0.167187 0.208333
0 0.138281 0.395833 0.182812 0.233333
0 0.200781 0.170833 0.207813 0.25
