0 0.970312 0.0479167 0.059375 0.0958333
0 0.835938 0.978125 0.178125 0.04375
0 0.972656 0.68125 0.0546875 0.204167
0 0.201562 0.0354167 0.178125 0.0708333
0 0.871094 0.761458 0.142188 0.189583
0 0.476562 0.94375 0.159375 0.108333
0 0.573438 0.03125 0.175 0.0625
0 0.816406 0.340625 0.151562 0.202083
0 0.207031 0.809375 0.160938 0.23125
0 0.860937 0.652083 0.165625 0.220833
0 0.308594 0.948958 0.157813 0.102083
0 0.0914062 0.970833 0.154687 0.0583333
0 0.942187 0.527083 0.115625 0.204167
0 0.674219 0.185417 0.179688 0.245833
0 0.0320312 0.4875 0.0640625 0.191667
0 0.108594 0.81875 0.173438 0.258333
0 0.0796875 0.282292 0.159375 0.21875
0 0.348437 0.442708 0.13125 0.285417
0 0.964844 0.905208 0.0703125 0.189583
0 0.084375 0.0697917 0.15 0.139583
0 0.911719 0.169792 0.176563 0.235417
0 0.385156 0.0583333 0.157813 0.1125
0 0.61875 0.413542 0.175 0.21875
0 0.207813 0.405208 0.14375 0.197917
0 0.169531 0.580208 0.167187 0.20625
0 0.292188 0.190625 0.178125 0.197917
0 0.486719 0.535417 0.170312 0.216667
0 0.410937 0.767708 0.175 0.23125
1 0.641406 0.763542 0.339063 0.435417
