0 0.542969 0.977083 0.179688 0.0458333
0 0.807031 0.479167 0.164062 0.1875
0 0.884375 0.870833 0.18125 0.183333
0 0.484375 0.444792 0.19375 0.24375
0 0.382812 0.455208 0.140625 0.239583
0 0.920313 0.416667 0.159375 0.208333
0 0.907812 0.173958 0.159375 0.210417
0 0.741406 0.41875 0.151562 0.195833
0 0.367969 0.975 0.176563 0.0458333
0 0.046875 0.834375 0.09375 0.214583
0 0.8 0.25625 0.15625 0.1875
0 0.0289063 0.158333 0.0578125 0.229167
0 0.351562 0.715625 0.1625 0.20625
0 0.907812 0.670833 0.153125 0.225
0 0.479688 0.719792 0.159375 0.210417
0 0.145313 0.877083 0.165625 0.195833
0 0.0890625 0.327083 0.15 0.204167
0 0.602344 0.508333 0.167187 0.225
0 0.246875 0.351042 0.171875 0.235417
0 0.754687 0.716667 0.171875 0.208333
0 0.205469 0.615625 0.170312 0.202083
1 0.49375 0.179167 0.340625 0.358333
