0 0.563281 0.972917 0.145313 0.0541667
0 0.634375 0.0864583 0.15 0.172917
0 0.0195312 0.639583 0.0390625 0.220833
0 0.520312 0.7875 0.165625 0.266667
0 0.971875 0.159375 0.05625 0.202083
0 0.959375 0.86875 0.08125 0.245833
0 0.657812 0.629167 0.196875 0.241667
0 0.0445312 0.264583 0.0890625 0.25
1 0.416406 0.236458 0.373437 0.472917
0 0.225 0.940625 0.13125 0.11875
0 0.672656 0.779167 0.167187 0.225
0 0.378906 0.934375 0.148438 0.13125
0 0.0640625 0.896875 0.128125 0.197917
0 0.654688 0.341667 0.153125 0.254167
0 0.107031 0.0697917 0.167187 0.139583
0 0.357812 0.540625 0.184375 0.227083
0 0.951563 0.5875 0.096875 0.195833
0 0.784375 0.0979167 0.1625 0.195833
0 0.217187 0.739583 0.209375 0.2375
0 0.885938 0.336458 0.1625 0.214583
0 0.107031 0.517708 0.167187 0.239583
