1 0.15024 0.0853365 0.141827 0.170673
1 0.859375 0.933894 0.161058 0.132212
0 0.957933 0.921875 0.0841346 0.15625
1 0.75 0.396635 0.168269 0.182692
1 0.44351 0.0600962 0.161058 0.120192
1 0.240385 0.288462 0.173077 0.25
1 0.847356 0.394231 0.170673 0.197115
1 0.58774 0.0661058 0.170673 0.132212
1 0.949519 0.610577 0.100962 0.216346
1 0.324519 0.729567 0.197115 0.21875
0 0.135817 0.34375 0.0649038 0.0913462
1 0.292067 0.0889423 0.170673 0.177885
1 0.508413 0.269231 0.213942 0.216346
2 0.580529 0.807692 0.362981 0.379808
1 0.356971 0.490385 0.180288 0.221154
1 0.859375 0.239183 0.170673 0.223558
1 0.0865385 0.179087 0.168269 0.233173
1 0.872596 0.735577 0.1875 0.221154
1 0.713942 0.558894 0.168269 0.204327
