0 0.198437 0.80625 0.178125 0.2375
0 0.448438 0.4875 0.159375 0.191667
0 0.457812 0.626042 0.15625 0.20625
0 0.80625 0.545833 0.178125 0.233333
0 0.903906 0.685417 0.170312 0.225
0 0.710938 0.720833 0.165625 0.2375
0 0.817187 0.314583 0.15625 0.191667
0 0.28125 0.890625 0.18125 0.214583
0 0.186719 0.482292 0.151562 0.185417
0 0.0734375 0.58125 0.146875 0.270833
0 0.138281 0.947917 0.129688 0.104167
0 0.1375 0.234375 0.14375 0.20625
0 0.409375 0.0708333 0.16875 0.141667
0 0.55 0.433333 0.15625 0.191667
0 0.952344 0.488542 0.0953125 0.210417
0 0.955469 0.840625 0.0890625 0.20625
0 0.377344 0.3 0.170312 0.2
0 0.364844 0.814583 0.139062 0.179167
0 0.717969 0.925 0.160938 0.15
0 0.942969 0.259375 0.114063 0.20625
0 0.289844 0.171875 0.154687 0.20625
0 0.515625 0.944792 0.128125 0.110417
1 0.621875 0.169792 0.271875 0.327083
