0 0.463281 0.961458 0.148438 0.0770833
0 0.132031 0.216667 0.145313 0.195833
0 0.705469 0.146875 0.167187 0.264583
0 0.190625 0.8625 0.1625 0.175
0 0.259375 0.177083 0.128125 0.245833
0 0.660937 0.494792 0.159375 0.210417
0 0.525 0.880208 0.18125 0.222917
0 0.065625 0.922917 0.13125 0.15
0 0.601562 0.796875 0.140625 0.24375
0 0.757031 0.905208 0.173438 0.185417
0 0.499219 0.538542 0.176563 0.20625
0 0.270312 0.929167 0.165625 0.141667
0 0.471094 0.6625 0.176563 0.2
0 0.132031 0.10625 0.160938 0.2
0 0.895312 0.123958 0.165625 0.235417
0 0.040625 0.264583 0.08125 0.225
0 0.253125 0.434375 0.184375 0.247917
0 0.760156 0.679167 0.179688 0.258333
0 0.894531 0.907292 0.148438 0.185417
0 0.919531 0.728125 0.160938 0.214583
0 0.853125 0.519792 0.203125 0.227083
1 0.460156 0.158333 0.367188 0.3125
