1 0.715144 0.663462 0.141827 0.192308
1 0.536058 0.0288462 0.168269 0.0576923
1 0.456731 0.0733173 0.168269 0.141827
1 0.09375 0.0216346 0.139423 0.0432692
1 0.415865 0.191106 0.192308 0.21875
0 0.0348558 0.84375 0.0697115 0.230769
1 0.228365 0.953125 0.182692 0.09375
0 0.840144 0.015625 0.137019 0.03125
1 0.919471 0.552885 0.161058 0.177885
1 0.0721154 0.96875 0.134615 0.0576923
1 0.302885 0.371394 0.177885 0.257212
1 0.31851 0.0805288 0.180288 0.161058
1 0.948317 0.423077 0.103365 0.201923
1 0.926683 0.78726 0.146635 0.204327
1 0.96274 0.191106 0.0745192 0.189904
1 0.850962 0.841346 0.197115 0.254808
1 0.418269 0.93149 0.149038 0.137019
1 0.164663 0.127404 0.199519 0.230769
1 0.790865 0.957933 0.192308 0.0841346
2 0.551683 0.46274 0.377404 0.487981
1 0.0661058 0.475962 0.132212 0.221154
1 0.316106 0.551683 0.170673 0.237981
1 0.651442 0.8125 0.158654 0.206731
