0 0.183594 0.122917 0.214062 0.145833
0 0.0210938 0.0677083 0.0421875 0.135417
0 0.910937 0.227083 0.171875 0.195833
0 0.667188 0.382292 0.184375 0.21875
0 0.978906 0.49375 0.0421875 0.170833
0 0.767969 0.35625 0.157813 0.216667
0 0.971094 0.936458 0.0578125 0.127083
0 0.373437 0.115625 0.19375 0.227083
0 0.235156 0.269792 0.139062 0.18125
0 0.486719 0.0552083 0.167187 0.110417
0 0.410937 0.945833 0.171875 0.108333
0 0.923437 0.342708 0.153125 0.197917
0 0.175781 0.926042 0.173438 0.147917
0 0.059375 0.273958 0.11875 0.23125
0 0.0726563 0.840625 0.145313 0.227083
0 0.855469 0.0645833 0.151562 0.129167
0 0.660937 0.0572917 0.153125 0.110417
0 0.392188 0.726042 0.175 0.210417
0 0.38125 0.352083 0.175 0.25
0 0.83125 0.852083 0.165625 0.220833
0 0.69375 0.536458 0.1625 0.214583
0 0.564062 0.201042 0.178125 0.214583
0 0.949219 0.703125 0.101562 0.214583
1 0.163281 0.545833 0.320312 0.4375
0 0.550781 0.892708 0.145313 0.19375
0 0.671875 0.751042 0.165625 0.214583
