0 0.0554687 0.466667 0.110937 0.204167
0 0.382031 0.0708333 0.160938 0.1375
0 0.211719 0.973958 0.173438 0.0520833
0 0.882812 0.963542 0.178125 0.0729167
0 0.0265625 0.892708 0.053125 0.20625
0 0.917188 0.913542 0.1625 0.160417
0 0.238281 0.886458 0.151562 0.160417
0 0.379687 0.345833 0.1125 0.283333
0 0.119531 0.260417 0.185937 0.195833
0 0.282813 0.0739583 0.165625 0.147917
0 0.68125 0.0541667 0.1625 0.108333
0 0.417969 0.939583 0.176563 0.120833
0 0.10625 0.15 0.2 0.229167
0 0.61875 0.841667 0.18125 0.2625
0 0.332031 0.596875 0.167187 0.202083
0 0.697656 0.226042 0.154687 0.214583
0 0.245312 0.7625 0.184375 0.216667
0 0.952344 0.476042 0.0953125 0.214583
0 0.423438 0.773958 0.171875 0.21875
0 0.529688 0.155208 0.153125 0.214583
0 0.0710938 0.695833 0.142188 0.2125
1 0.55 0.504167 0.34375 0.483333
0 0.258594 0.40625 0.148438 0.220833
0 0.815625 0.10625 0.16875 0.208333
0 0.75625 0.673958 0.1625 0.23125
0 0.834375 0.354167 0.18125 0.245833
0 0.921094 0.703125 0.157813 0.222917
