0 0.361719 0.247917 0.182812 0.225
0 0.084375 0.938542 0.15 0.122917
0 0.3125 0.119792 0.1875 0.197917
0 0.117188 0.0229167 0.165625 0.0458333
0 0.560156 0.941667 0.201562 0.116667
0 0.639844 0.7875 0.173438 0.233333
0 0.0929687 0.753125 0.154687 0.15625
0 0.828125 0.551042 0.15625 0.21875
0 0.830469 0.95625 0.176563 0.0875
0 0.508594 0.103125 0.192188 0.202083
0 0.957812 0.330208 0.084375 0.20625
0 0.970312 0.579167 0.059375 0.208333
0 0.957031 0.202083 0.0859375 0.195833
0 0.0710938 0.429167 0.142188 0.2125
0 0.3 0.947917 0.184375 0.104167
0 0.9375 0.785417 0.125 0.229167
1 0.43125 0.525 0.20625 0.279167
0 0.636719 0.464583 0.157813 0.183333
0 0.257031 0.7875 0.214062 0.258333
0 0.928125 0.0635417 0.14375 0.122917
0 0.534375 0.301042 0.175 0.235417
0 0.170312 0.242708 0.190625 0.21875
