0 0.872656 0.858333 0.160938 0.216667
0 0.982031 0.09375 0.0359375 0.1875
0 0.0164062 0.239583 0.0328125 0.216667
0 0.333594 0.975 0.123438 0.05
0 0.604688 0.802083 0.228125 0.254167
0 0.921875 0.329167 0.15625 0.25
0 0.948438 0.891667 0.103125 0.2125
0 0.778125 0.292708 0.19375 0.20625
0 0.275781 0.853125 0.195312 0.247917
0 0.536719 0.540625 0.176563 0.222917
0 0.382812 0.659375 0.190625 0.202083
0 0.652344 0.104167 0.195312 0.208333
0 0.227344 0.075 0.173438 0.15
1 0.776563 0.577083 0.353125 0.483333
0 0.571875 0.313542 0.18125 0.235417
0 0.258594 0.29375 0.167187 0.225
