0 0.885156 0.839583 0.195312 0.195833
0 0.965625 0.951042 0.06875 0.0979167
0 0.817187 0.935417 0.165625 0.129167
0 0.614062 0.976042 0.146875 0.0479167
0 0.0382813 0.476042 0.0765625 0.18125
0 0.0382813 0.0885417 0.0765625 0.172917
0 0.921875 0.24375 0.15625 0.2125
0 0.113281 0.936458 0.170312 0.127083
0 0.333594 0.944792 0.198437 0.110417
0 0.5125 0.228125 0.15625 0.260417
0 0.784375 0.542708 0.140625 0.214583
0 0.0914062 0.279167 0.182812 0.241667
0 0.339063 0.435417 0.203125 0.2125
0 0.182812 0.671875 0.18125 0.24375
0 0.926562 0.641667 0.146875 0.225
0 0.88125 0.41875 0.15 0.204167
0 0.185937 0.0927083 0.171875 0.185417
0 0.759375 0.166667 0.16875 0.258333
1 0.479688 0.741667 0.3625 0.495833
