0 0.0226563 0.510417 0.0453125 0.1875
0 0.832812 0.622917 0.153125 0.2
0 0.642187 0.916667 0.165625 0.166667
0 0.0210938 0.384375 0.0421875 0.202083
0 0.765625 0.585417 0.13125 0.208333
0 0.905469 0.248958 0.151562 0.235417
0 0.0398437 0.909375 0.0765625 0.172917
0 0.0164062 0.219792 0.0328125 0.202083
0 0.784375 0.9625 0.19375 0.075
0 0.100781 0.0479167 0.160938 0.0958333
0 0.399219 0.0427083 0.157813 0.0854167
0 0.300781 0.320833 0.157813 0.216667
0 0.957031 0.508333 0.0859375 0.2125
0 0.670313 0.761458 0.1375 0.19375
0 0.9625 0.792708 0.075 0.247917
0 0.400781 0.639583 0.164062 0.154167
0 0.514063 0.942708 0.15625 0.114583
0 0.614062 0.758333 0.153125 0.195833
0 0.248437 0.522917 0.209375 0.241667
0 0.785937 0.0729167 0.153125 0.145833
0 0.105469 0.591667 0.135937 0.166667
1 0.182031 0.847917 0.223438 0.304167
0 0.491406 0.3125 0.204688 0.270833
0 0.198437 0.307292 0.146875 0.19375
