0 0.182031 0.6625 0.151562 0.2125
0 0.53125 0.0302083 0.1375 0.0604167
0 0.954687 0.504167 0.090625 0.191667
0 0.857813 0.973958 0.184375 0.0520833
0 0.0335938 0.619792 0.0671875 0.16875
0 0.267969 0.976042 0.135937 0.0479167
0 0.2625 0.627083 0.159375 0.2625
0 0.304688 0.177083 0.14375 0.225
0 0.971875 0.136458 0.05625 0.21875
0 0.710938 0.435417 0.165625 0.216667
0 0.590625 0.925 0.1625 0.15
0 0.95625 0.814583 0.0875 0.208333
0 0.3375 0.320833 0.175 0.241667
0 0.6875 0.0645833 0.16875 0.129167
0 0.889063 0.498958 0.153125 0.21875
0 0.18125 0.110417 0.15 0.195833
0 0.35625 0.59375 0.175 0.183333
0 0.535937 0.315625 0.2125 0.172917
0 0.744531 0.75 0.182812 0.208333
0 0.0617188 0.876042 0.123438 0.19375
0 0.55625 0.63125 0.16875 0.220833
0 0.707812 0.563542 0.165625 0.197917
0 0.392188 0.80625 0.165625 0.2125
0 0.459375 0.140625 0.15625 0.19375
0 0.900781 0.323958 0.160938 0.21875
1 0.133594 0.38125 0.267188 0.4125
