0 0.410937 0.91875 0.153125 0.1625
0 0.753125 0.0208333 0.15625 0.0416667
0 0.552344 0.0260417 0.185937 0.0520833
0 0.30625 0.397917 0.178125 0.241667
0 0.321094 0.903125 0.164062 0.189583
0 0.198437 0.346875 0.159375 0.21875
0 0.0351562 0.865625 0.0671875 0.23125
0 0.653125 0.445833 0.153125 0.195833
0 0.569531 0.701042 0.135937 0.189583
0 0.164062 0.921875 0.178125 0.15625
0 0.509375 0.902083 0.171875 0.191667
0 0.889844 0.06875 0.192188 0.1375
0 0.0554687 0.621875 0.110937 0.26875
0 0.94375 0.223958 0.1125 0.19375
0 0.0421875 0.0885417 0.084375 0.172917
0 0.915625 0.44375 0.16875 0.2375
0 0.202344 0.122917 0.154687 0.2
0 0.504687 0.510417 0.146875 0.216667
0 0.34375 0.714583 0.1625 0.220833
1 0.7625 0.788542 0.3625 0.422917
0 0.507812 0.241667 0.1875 0.208333
0 0.791406 0.267708 0.167187 0.214583
