0 0.484375 0.572917 0.10625 0.166667
0 0.953125 0.8375 0.09375 0.208333
0 0.957812 0.960417 0.084375 0.0791667
0 0.984375 0.651042 0.03125 0.189583
0 0.0578125 0.764583 0.115625 0.275
0 0.2875 0.034375 0.165625 0.06875
0 0.577344 0.944792 0.195312 0.110417
0 0.325781 0.196875 0.223438 0.252083
0 0.132812 0.126042 0.203125 0.214583
0 0.379687 0.93125 0.184375 0.1375
0 0.686719 0.1625 0.198437 0.25
0 0.490625 0.194792 0.178125 0.210417
0 0.372656 0.439583 0.179688 0.25
0 0.449219 0.689583 0.170312 0.245833
0 0.204688 0.897917 0.171875 0.2
1 0.192188 0.6125 0.2375 0.358333
