0 0.432813 0.0864583 0.1875 0.172917
0 0.983594 0.0625 0.0328125 0.125
0 0.0242187 0.0895833 0.0484375 0.154167
0 0.254687 0.326042 0.178125 0.23125
0 0.860937 0.894792 0.18125 0.202083
0 0.403125 0.626042 0.1625 0.197917
0 0.132031 0.133333 0.201562 0.208333
0 0.873438 0.0364583 0.15 0.0729167
0 0.720312 0.49375 0.178125 0.191667
0 0.0320312 0.830208 0.0640625 0.202083
0 0.0671875 0.960417 0.134375 0.0791667
0 0.889844 0.453125 0.189063 0.197917
0 0.160938 0.804167 0.178125 0.216667
0 0.622656 0.761458 0.164062 0.23125
0 0.1375 0.667708 0.165625 0.197917
0 0.304688 0.610417 0.13125 0.1875
0 0.0765625 0.352083 0.153125 0.2375
0 0.920313 0.255208 0.159375 0.222917
0 0.363281 0.303125 0.148438 0.210417
1 0.639844 0.233333 0.451562 0.466667
0 0.382031 0.8 0.173438 0.225
