0 0.164062 0.0427083 0.19375 0.0854167
0 0.0492188 0.5125 0.0984375 0.191667
0 0.153125 0.932292 0.184375 0.135417
0 0.277344 0.741667 0.170312 0.195833
0 0.605469 0.3 0.195312 0.191667
0 0.535937 0.85625 0.190625 0.258333
0 0.798437 0.413542 0.190625 0.210417
1 0.432813 0.555208 0.315625 0.489583
0 0.621875 0.50625 0.14375 0.2125
0 0.0796875 0.323958 0.159375 0.239583
0 0.600781 0.096875 0.182812 0.19375
0 0.917188 0.166667 0.165625 0.258333
0 0.332812 0.916667 0.16875 0.166667
0 0.0867188 0.759375 0.173438 0.247917
0 0.835156 0.615625 0.198437 0.227083
0 0.765625 0.911458 0.1625 0.177083
0 0.761719 0.175 0.151562 0.220833
0 0.389062 0.25625 0.165625 0.1875
