1 0.875 0.969952 0.149038 0.0600962
1 0.135817 0.283654 0.175481 0.221154
1 0.635817 0.753606 0.146635 0.204327
1 0.336538 0.669471 0.182692 0.257212
1 0.561298 0.0336538 0.170673 0.0673077
1 0.971154 0.927885 0.0576923 0.134615
1 0.46875 0.407452 0.1875 0.247596
1 0.0805288 0.0348558 0.132212 0.0697115
1 0.639423 0.911058 0.177885 0.173077
1 0.204327 0.424279 0.201923 0.228365
1 0.449519 0.784856 0.163462 0.213942
1 0.716346 0.0961538 0.182692 0.1875
1 0.766827 0.953125 0.149038 0.09375
1 0.612981 0.438702 0.168269 0.194712
1 0.838942 0.145433 0.168269 0.242788
1 0.21875 0.889423 0.163462 0.216346
2 0.340144 0.0961538 0.28125 0.1875
1 0.93149 0.533654 0.137019 0.230769
1 0.046875 0.784856 0.09375 0.199519
1 0.170673 0.665865 0.158654 0.230769
1 0.899038 0.770433 0.173077 0.242788
