0 0.984375 0.214583 0.03125 0.254167
0 0.546875 0.847917 0.14375 0.183333
0 0.457812 0.953125 0.171875 0.09375
0 0.0414063 0.298958 0.0828125 0.235417
0 0.98125 0.909375 0.0375 0.177083
0 0.503125 0.172917 0.19375 0.2125
0 0.110937 0.403125 0.1375 0.185417
0 0.371094 0.0458333 0.160938 0.0916667
0 0.839063 0.95625 0.16875 0.0875
0 0.0328125 0.8625 0.0625 0.179167
0 0.0617188 0.65 0.123438 0.2
0 0.171875 0.210417 0.153125 0.254167
0 0.661719 0.434375 0.157813 0.235417
0 0.735937 0.239583 0.165625 0.220833
0 0.417969 0.810417 0.135937 0.195833
0 0.875781 0.0947917 0.179688 0.189583
0 0.720312 0.929167 0.18125 0.141667
0 0.23125 0.563542 0.140625 0.21875
0 0.914844 0.451042 0.164062 0.202083
0 0.167969 0.646875 0.142188 0.185417
0 0.860937 0.227083 0.178125 0.229167
0 0.682031 0.053125 0.160938 0.10625
0 0.071875 0.0760417 0.14375 0.152083
0 0.667969 0.689583 0.170312 0.220833
1 0.423438 0.466667 0.296875 0.3875
