0 0.116406 0.476042 0.189063 0.164583
0 0.794531 0.0489583 0.157813 0.0979167
0 0.0367187 0.358333 0.0734375 0.225
0 0.657812 0.960417 0.159375 0.0791667
0 0.590625 0.0635417 0.15 0.127083
0 0.941406 0.297917 0.117188 0.216667
0 0.790625 0.363542 0.1375 0.20625
0 0.698438 0.895833 0.178125 0.191667
0 0.882031 0.053125 0.132812 0.10625
0 0.520312 0.286458 0.146875 0.235417
0 0.81875 0.514583 0.1625 0.204167
0 0.0992187 0.821875 0.176563 0.189583
0 0.901563 0.677083 0.159375 0.179167
1 0.298438 0.246875 0.340625 0.48125
0 0.610937 0.66875 0.178125 0.2
0 0.940625 0.501042 0.11875 0.189583
0 0.885156 0.909375 0.176563 0.18125
0 0.511719 0.528125 0.179688 0.189583
0 0.752344 0.697917 0.142188 0.183333
0 0.225781 0.928125 0.173438 0.14375
0 0.257031 0.564583 0.182812 0.2125
0 0.65625 0.342708 0.15625 0.222917
0 0.409375 0.834375 0.16875 0.210417
