0 0.05 0.059375 0.1 0.11875
0 0.784375 0.904167 0.13125 0.175
0 0.904688 0.071875 0.165625 0.14375
0 0.696094 0.910417 0.164062 0.170833
0 0.770312 0.555208 0.146875 0.202083
0 0.0429688 0.353125 0.0859375 0.18125
0 0.0421875 0.542708 0.084375 0.172917
0 0.630469 0.584375 0.170312 0.177083
0 0.490625 0.772917 0.15625 0.204167
0 0.976562 0.573958 0.046875 0.185417
0 0.386719 0.470833 0.195312 0.25
0 0.974219 0.283333 0.0515625 0.208333
0 0.1 0.419792 0.159375 0.19375
0 0.0757812 0.146875 0.151562 0.222917
0 0.289062 0.938542 0.178125 0.122917
0 0.601562 0.911458 0.165625 0.177083
0 0.671875 0.0760417 0.18125 0.152083
0 0.641406 0.720833 0.157813 0.216667
0 0.465625 0.0885417 0.18125 0.177083
0 0.114844 0.914583 0.145313 0.170833
0 0.309375 0.110417 0.16875 0.216667
0 0.23125 0.688542 0.1625 0.202083
1 0.575 0.345833 0.31875 0.345833
