0 0.544531 0.2375 0.148438 0.179167
0 0.740625 0.0541667 0.16875 0.108333
0 0.964063 0.0885417 0.071875 0.16875
0 0.0140625 0.838542 0.028125 0.185417
0 0.976562 0.720833 0.046875 0.241667
0 0.248437 0.596875 0.16875 0.20625
0 0.650781 0.232292 0.154687 0.172917
0 0.940625 0.414583 0.11875 0.2125
0 0.482812 0.952083 0.15 0.0958333
0 0.444531 0.208333 0.176563 0.233333
0 0.115625 0.0947917 0.16875 0.189583
0 0.76875 0.435417 0.16875 0.220833
0 0.892187 0.146875 0.171875 0.210417
0 0.9125 0.865625 0.1625 0.210417
0 0.592188 0.479167 0.165625 0.208333
1 0.210156 0.278125 0.232812 0.310417
