0 0.0507812 0.8875 0.101562 0.2125
0 0.128906 0.78125 0.148438 0.241667
0 0.360156 0.101042 0.185937 0.19375
0 0.285937 0.939583 0.165625 0.120833
0 0.651563 0.101042 0.146875 0.197917
0 0.80625 0.090625 0.16875 0.18125
0 0.611719 0.9625 0.157813 0.075
0 0.471875 0.0614583 0.18125 0.122917
0 0.71875 0.423958 0.19375 0.235417
0 0.0539063 0.383333 0.107813 0.183333
0 0.903125 0.575 0.175 0.208333
0 0.759375 0.75 0.190625 0.25
0 0.1875 0.090625 0.184375 0.18125
0 0.0546875 0.14375 0.109375 0.2
0 0.628125 0.684375 0.140625 0.214583
0 0.295312 0.436458 0.171875 0.189583
0 0.709375 0.207292 0.15625 0.21875
0 0.926562 0.202083 0.146875 0.195833
1 0.267969 0.683333 0.235938 0.291667
