0 0.0264423 0.158654 0.0528846 0.245192
1 0.623798 0.266827 0.189904 0.211538
1 0.699519 0.0733173 0.144231 0.146635
1 0.0540865 0.439904 0.108173 0.259615
1 0.0228365 0.159856 0.0456731 0.237981
1 0.917067 0.347356 0.15625 0.209135
1 0.444712 0.629808 0.206731 0.197115
1 0.913462 0.09375 0.173077 0.182692
1 0.09375 0.963942 0.149038 0.0721154
0 0.0949519 0.96274 0.146635 0.0697115
0 0.350962 0.0192308 0.0817308 0.0384615
1 0.921875 0.927885 0.15625 0.144231
1 0.695913 0.813702 0.175481 0.204327
1 0.527644 0.829327 0.122596 0.221154
1 0.288462 0.691106 0.192308 0.228365
1 0.753606 0.49399 0.180288 0.209135
1 0.441106 0.495192 0.189904 0.216346
1 0.25 0.895433 0.197115 0.189904
1 0.420673 0.254808 0.1875 0.230769
2 0.0673077 0.764423 0.134615 0.365385
1 0.268029 0.155048 0.185096 0.262019
1 0.296875 0.435096 0.204327 0.259615
1 0.887019 0.737981 0.173077 0.235577
