0 0.36875 0.915625 0.15 0.164583
0 0.180469 0.0791667 0.154687 0.158333
0 0.839063 0.453125 0.134375 0.24375
0 0.0359375 0.214583 0.06875 0.258333
0 0.326562 0.04375 0.16875 0.0833333
0 0.971875 0.494792 0.05625 0.20625
0 0.257812 0.930208 0.203125 0.139583
0 0.0273438 0.505208 0.0546875 0.210417
0 0.758594 0.448958 0.160938 0.21875
0 0.933594 0.836458 0.132812 0.21875
0 0.090625 0.075 0.14375 0.145833
0 0.0726563 0.909375 0.145313 0.18125
1 0.546875 0.864583 0.296875 0.270833
0 0.259375 0.76875 0.140625 0.191667
0 0.935938 0.11875 0.128125 0.216667
0 0.347656 0.570833 0.189063 0.2125
0 0.465625 0.436458 0.159375 0.21875
0 0.567187 0.621875 0.178125 0.21875
0 0.561719 0.075 0.176563 0.15
0 0.330469 0.220833 0.167187 0.225
0 0.175 0.313542 0.171875 0.239583
0 0.188281 0.525 0.148438 0.216667
0 0.721094 0.20625 0.185937 0.220833
