1 0.938702 0.872596 0.122596 0.177885
1 0.27524 0.853365 0.209135 0.293269
1 0.0661058 0.83774 0.132212 0.223558
1 0.966346 0.234375 0.0673077 0.237981
1 0.0228365 0.0745192 0.0456731 0.149038
0 0.9375 0.871394 0.125 0.170673
1 0.728365 0.125 0.235577 0.25
1 0.265625 0.600962 0.170673 0.230769
1 0.0805288 0.282452 0.161058 0.348558
1 0.50601 0.950721 0.180288 0.0985577
0 0.0348558 0.973558 0.0649038 0.0528846
1 0.514423 0.0997596 0.201923 0.194712
1 0.945913 0.418269 0.108173 0.245192
1 0.890625 0.700721 0.180288 0.28125
1 0.549279 0.805288 0.199519 0.221154
0 0.959135 0.590144 0.0769231 0.103365
2 0.504808 0.558894 0.211538 0.28125
