0 0.13125 0.982292 0.128125 0.0354167
1 0.559375 0.744792 0.471875 0.502083
0 0.95 0.142708 0.1 0.25625
0 0.119531 0.0354167 0.154687 0.0708333
0 0.053125 0.454167 0.10625 0.208333
0 0.932031 0.964583 0.135937 0.0708333
0 0.0609375 0.878125 0.121875 0.202083
0 0.290625 0.954167 0.171875 0.0875
0 0.353125 0.0489583 0.16875 0.09375
0 0.0742188 0.645833 0.145313 0.241667
0 0.0539063 0.226042 0.107813 0.222917
0 0.782031 0.304167 0.192188 0.25
0 0.930469 0.789583 0.139062 0.204167
0 0.350781 0.507292 0.189063 0.202083
0 0.611719 0.379167 0.167187 0.208333
0 0.435156 0.307292 0.173438 0.235417
0 0.801562 0.713542 0.16875 0.23125
0 0.25 0.748958 0.175 0.247917
0 0.65 0.105208 0.16875 0.20625
