1 0.397837 0.453125 0.161058 0.21875
1 0.471154 0.4375 0.197115 0.240385
1 0.524038 0.93149 0.206731 0.137019
1 0.233173 0.88101 0.182692 0.209135
0 0.0240385 0.539663 0.0480769 0.0793269
1 0.0829327 0.633413 0.165865 0.257212
1 0.271635 0.918269 0.134615 0.158654
1 0.0408654 0.0576923 0.0817308 0.115385
1 0.776442 0.472356 0.197115 0.228365
1 0.75601 0.947115 0.161058 0.105769
0 0.445913 0.145433 0.0456731 0.0600962
1 0.21274 0.046875 0.151442 0.0889423
1 0.200721 0.216346 0.204327 0.259615
1 0.894231 0.122596 0.168269 0.197115
1 0.963942 0.21875 0.0721154 0.192308
1 0.752404 0.236779 0.177885 0.21875
1 0.610577 0.0913462 0.168269 0.182692
1 0.945913 0.501202 0.108173 0.223558
1 0.137019 0.414663 0.173077 0.237981
1 0.542067 0.21274 0.165865 0.223558
1 0.844952 0.72476 0.180288 0.247596
2 0.542067 0.706731 0.237981 0.375
1 0.299279 0.510817 0.15625 0.175481
1 0.0901442 0.882212 0.165865 0.216346
