1 0.317308 0.0444712 0.144231 0.0889423
1 0.719952 0.495192 0.137019 0.192308
1 0.0264423 0.885817 0.0528846 0.209135
1 0.277644 0.143029 0.146635 0.180288
1 0.735577 0.951923 0.139423 0.0961538
1 0.933894 0.799279 0.132212 0.199519
1 0.242788 0.59976 0.134615 0.189904
1 0.0841346 0.649038 0.149038 0.221154
1 0.645433 0.425481 0.15625 0.254808
0 0.606971 0.173077 0.0600962 0.0721154
1 0.816106 0.569712 0.141827 0.206731
1 0.959135 0.0492788 0.0817308 0.0985577
1 0.939904 0.526442 0.120192 0.192308
1 0.116587 0.411058 0.165865 0.216346
1 0.594952 0.961538 0.175481 0.0769231
1 0.489183 0.490385 0.161058 0.206731
1 0.329327 0.614183 0.163462 0.180288
1 0.84375 0.171875 0.1875 0.223558
1 0.21875 0.902644 0.168269 0.194712
1 0.680288 0.149038 0.139423 0.206731
0 0.242788 0.283654 0.0625 0.0865385
1 0.157452 0.0853365 0.175481 0.170673
1 0.377404 0.74399 0.182692 0.242788
1 0.0997596 0.763221 0.137019 0.204327
1 0.0961538 0.270433 0.144231 0.213942
1 0.370192 0.347356 0.163462 0.252404
2 0.757212 0.748798 0.182692 0.247596
1 0.504808 0.277644 0.158654 0.189904
1 0.917067 0.395433 0.161058 0.228365
