1 0.015625 0.0709135 0.03125 0.141827
1 0.676683 0.944712 0.15625 0.110577
0 0.567308 0.926683 0.125 0.127404
1 0.169471 0.709135 0.137019 0.206731
1 0.0300481 0.609375 0.0600962 0.314904
0 0.932692 0.518029 0.0673077 0.0889423
1 0.536058 0.0276442 0.163462 0.0552885
1 0.932692 0.947115 0.129808 0.105769
1 0.817308 0.927885 0.134615 0.144231
0 0.96875 0.465144 0.0528846 0.0745192
1 0.8125 0.078125 0.182692 0.15625
1 0.695913 0.157452 0.175481 0.204327
1 0.286058 0.424279 0.144231 0.194712
1 0.961538 0.659856 0.0769231 0.237981
1 0.126202 0.63101 0.15625 0.233173
1 0.705529 0.800481 0.165865 0.230769
1 0.123798 0.834135 0.170673 0.211538
1 0.240385 0.0721154 0.153846 0.144231
1 0.8125 0.366587 0.149038 0.175481
1 0.439904 0.901442 0.163462 0.192308
1 0.204327 0.251202 0.182692 0.185096
1 0.399038 0.0901442 0.182692 0.180288
1 0.0649038 0.239183 0.129808 0.194712
1 0.290865 0.804087 0.168269 0.199519
2 0.532452 0.635817 0.338942 0.362981
1 0.402644 0.33774 0.165865 0.233173
