0 0.284375 0.120833 0.175 0.229167
0 0.975 0.65 0.05 0.208333
0 0.8625 0.876042 0.15625 0.214583
0 0.779688 0.75625 0.165625 0.195833
0 0.785937 0.0916667 0.165625 0.183333
0 0.515625 0.626042 0.1875 0.210417
0 0.0179687 0.711458 0.0359375 0.23125
0 0.916406 0.828125 0.164062 0.21875
0 0.0125 0.0760417 0.025 0.152083
0 0.369531 0.970833 0.176563 0.0583333
0 0.225 0.430208 0.190625 0.227083
0 0.0679687 0.396875 0.129688 0.24375
0 0.0757812 0.547917 0.142188 0.2125
0 0.928125 0.153125 0.14375 0.214583
0 0.265625 0.308333 0.1375 0.15
0 0.675 0.745833 0.159375 0.191667
0 0.401563 0.616667 0.146875 0.216667
0 0.800781 0.566667 0.154687 0.204167
0 0.646875 0.545833 0.16875 0.225
0 0.329688 0.825 0.184375 0.266667
1 0.492969 0.18125 0.273438 0.320833
