0 0.640625 0.98125 0.16875 0.0375
0 0.844531 0.963542 0.135937 0.0729167
0 0.229687 0.0197917 0.15625 0.0395833
0 0.05625 0.0583333 0.1125 0.116667
0 0.911719 0.777083 0.170312 0.229167
0 0.2125 0.960417 0.171875 0.0791667
0 0.625 0.111458 0.15 0.202083
0 0.407813 0.926042 0.178125 0.147917
0 0.953125 0.938542 0.09375 0.122917
0 0.403125 0.0770833 0.184375 0.154167
0 0.949219 0.188542 0.101562 0.239583
0 0.302344 0.265625 0.164062 0.210417
0 0.7875 0.625 0.1875 0.225
0 0.174219 0.116667 0.139062 0.1625
0 0.285937 0.826042 0.153125 0.185417
0 0.819531 0.260417 0.151562 0.1875
0 0.176563 0.671875 0.159375 0.197917
0 0.303125 0.614583 0.1625 0.204167
0 0.657031 0.846875 0.157813 0.210417
0 0.628906 0.372917 0.185937 0.225
1 0.121094 0.378125 0.242188 0.439583
0 0.917969 0.459375 0.164062 0.252083
0 0.597656 0.64375 0.167187 0.220833
