1 0.0504808 0.86899 0.100962 0.242788
1 0.361779 0.0985577 0.194712 0.197115
1 0.0528846 0.518029 0.105769 0.266827
0 0.747596 0.947115 0.0625 0.0865385
0 0.0564904 0.141827 0.112981 0.206731
0 0.445913 0.206731 0.0649038 0.0865385
1 0.123798 0.783654 0.146635 0.259615
1 0.0552885 0.384615 0.110577 0.182692
1 0.658654 0.105769 0.163462 0.201923
1 0.269231 0.685096 0.240385 0.283654
1 0.266827 0.938702 0.221154 0.122596
1 0.722356 0.433894 0.199519 0.237981
1 0.0564904 0.140625 0.108173 0.204327
1 0.475962 0.0612981 0.177885 0.122596
1 0.604567 0.96274 0.170673 0.0745192
1 0.810096 0.0949519 0.168269 0.185096
1 0.189904 0.0949519 0.192308 0.189904
1 0.90024 0.575721 0.180288 0.204327
1 0.301683 0.436298 0.194712 0.199519
1 0.925481 0.203125 0.149038 0.199519
1 0.629808 0.686298 0.144231 0.213942
2 0.270433 0.685096 0.233173 0.288462
1 0.769231 0.747596 0.206731 0.254808
1 0.710337 0.207933 0.15625 0.21875
