0 0.341406 0.853125 0.145313 0.197917
0 0.964063 0.85 0.071875 0.241667
0 0.0664062 0.929167 0.129688 0.129167
0 0.828906 0.0604167 0.192188 0.120833
0 0.314844 0.96875 0.173438 0.0625
0 0.392969 0.719792 0.160938 0.21875
0 0.132031 0.0708333 0.167187 0.141667
0 0.034375 0.185417 0.06875 0.266667
0 0.232812 0.390625 0.153125 0.227083
0 0.667188 0.214583 0.146875 0.191667
0 0.957812 0.341667 0.084375 0.220833
0 0.15 0.935417 0.159375 0.129167
0 0.164844 0.257292 0.189063 0.235417
0 0.560938 0.0447917 0.165625 0.0895833
0 0.402344 0.516667 0.151562 0.208333
0 0.378906 0.294792 0.179688 0.214583
0 0.764844 0.384375 0.182812 0.23125
0 0.260156 0.0854167 0.157813 0.170833
0 0.926562 0.59375 0.146875 0.208333
1 0.66875 0.747917 0.203125 0.2625
0 0.0984375 0.5 0.1625 0.25
