0 0.328125 0.530208 0.18125 0.214583
0 0.0171875 0.710417 0.034375 0.275
0 0.913281 0.963542 0.151562 0.0729167
0 0.957031 0.0427083 0.0859375 0.08125
0 0.308594 0.786458 0.226562 0.26875
0 0.0671875 0.0875 0.134375 0.170833
0 0.196094 0.155208 0.170312 0.21875
0 0.161719 0.438542 0.176563 0.260417
0 0.403125 0.955208 0.20625 0.0895833
0 0.0828125 0.90625 0.15 0.183333
0 0.932813 0.828125 0.134375 0.197917
0 0.110937 0.705208 0.159375 0.210417
0 0.757812 0.675 0.203125 0.208333
0 0.846875 0.186458 0.19375 0.252083
0 0.715625 0.0822917 0.175 0.164583
0 0.909375 0.513542 0.18125 0.25625
0 0.558594 0.828125 0.192188 0.235417
1 0.486719 0.19375 0.357812 0.3875
