0 0.0140625 0.213542 0.028125 0.23125
0 0.957812 0.1 0.084375 0.179167
0 0.440625 0.95 0.140625 0.1
0 0.021875 0.0447917 0.04375 0.0895833
0 0.960156 0.367708 0.0796875 0.20625
0 0.934375 0.0541667 0.11875 0.108333
0 0.603125 0.18125 0.20625 0.254167
0 0.160938 0.0322917 0.18125 0.0645833
0 0.372656 0.940625 0.135937 0.11875
0 0.978125 0.6 0.04375 0.208333
0 0.532812 0.816667 0.134375 0.25
0 0.675781 0.409375 0.185937 0.227083
0 0.328906 0.79375 0.157813 0.254167
0 0.128906 0.972917 0.139062 0.0541667
0 0.478125 0.595833 0.18125 0.208333
0 0.84375 0.960417 0.15625 0.0791667
0 0.0546875 0.540625 0.109375 0.239583
0 0.374219 0.546875 0.182812 0.21875
0 0.453125 0.0875 0.15625 0.175
0 0.879687 0.529167 0.165625 0.2
0 0.247656 0.286458 0.176563 0.235417
0 0.339063 0.351042 0.171875 0.21875
1 0.705469 0.738542 0.317187 0.439583
0 0.307031 0.101042 0.154687 0.18125
0 0.827344 0.320833 0.157813 0.220833
0 0.173438 0.75 0.165625 0.216667
