0 0.467969 0.214583 0.167187 0.195833
0 0.408594 0.979167 0.167187 0.0416667
0 0.228125 0.311458 0.165625 0.202083
0 0.971875 0.772917 0.05625 0.1875
0 0.229687 0.9625 0.16875 0.075
0 0.746875 0.0645833 0.1375 0.129167
0 0.959375 0.121875 0.08125 0.16875
0 0.0273438 0.0864583 0.0546875 0.16875
0 0.0859375 0.509375 0.16875 0.197917
0 0.9625 0.903125 0.075 0.18125
0 0.853125 0.721875 0.165625 0.210417
0 0.275781 0.10625 0.157813 0.208333
0 0.789844 0.830208 0.164062 0.20625
0 0.841406 0.1125 0.148438 0.2
0 0.676562 0.290625 0.215625 0.210417
0 0.964844 0.513542 0.0703125 0.20625
0 0.0429688 0.834375 0.0859375 0.252083
0 0.435156 0.10625 0.154687 0.2
0 0.578125 0.935417 0.14375 0.129167
0 0.736719 0.933333 0.154687 0.133333
0 0.673437 0.494792 0.190625 0.185417
0 0.161719 0.835417 0.151562 0.208333
0 0.594531 0.08125 0.182812 0.1625
0 0.529688 0.760417 0.178125 0.2375
0 0.123438 0.122917 0.146875 0.204167
0 0.390625 0.342708 0.153125 0.20625
0 0.861719 0.433333 0.167187 0.229167
1 0.324219 0.686458 0.264062 0.352083
