0 0.385156 0.969792 0.185937 0.0604167
0 0.221875 0.0354167 0.175 0.0708333
0 0.940625 0.81875 0.1125 0.270833
0 0.439844 0.0375 0.192188 0.075
0 0.620313 0.110417 0.153125 0.191667
0 0.55625 0.958333 0.1625 0.0833333
0 0.134375 0.888542 0.19375 0.21875
0 0.0359375 0.209375 0.071875 0.23125
0 0.404687 0.605208 0.15625 0.16875
0 0.73125 0.2625 0.20625 0.2125
0 0.821094 0.0708333 0.157813 0.141667
0 0.786719 0.648958 0.192188 0.227083
0 0.6 0.561458 0.14375 0.202083
0 0.5375 0.754167 0.196875 0.2
0 0.0765625 0.657292 0.15 0.239583
1 0.450781 0.311458 0.332812 0.460417
0 0.796875 0.885417 0.178125 0.220833
0 0.205469 0.347917 0.170312 0.241667
0 0.359375 0.828125 0.184375 0.222917
