0 0.879687 0.977083 0.159375 0.0458333
0 0.489844 0.821875 0.139062 0.23125
0 0.0351562 0.223958 0.0671875 0.214583
0 0.0554687 0.0489583 0.110937 0.0979167
0 0.338281 0.03125 0.154687 0.0583333
0 0.135156 0.31875 0.185937 0.225
0 0.0898438 0.078125 0.142188 0.152083
0 0.163281 0.957292 0.117188 0.0854167
0 0.49375 0.963542 0.2125 0.0729167
0 0.235938 0.822917 0.165625 0.2375
0 0.142969 0.516667 0.145313 0.191667
0 0.0460938 0.652083 0.0921875 0.225
0 0.0507812 0.948958 0.101562 0.102083
0 0.651563 0.390625 0.146875 0.177083
0 0.366406 0.15 0.157813 0.191667
0 0.9375 0.05625 0.125 0.1125
0 0.4125 0.832292 0.175 0.189583
0 0.05 0.484375 0.1 0.197917
0 0.239844 0.13125 0.157813 0.220833
0 0.802344 0.0927083 0.157813 0.185417
0 0.9375 0.309375 0.125 0.214583
0 0.716406 0.885417 0.157813 0.2125
0 0.920313 0.859375 0.159375 0.210417
0 0.81875 0.445833 0.1625 0.233333
0 0.795313 0.704167 0.184375 0.208333
0 0.65625 0.19375 0.16875 0.2125
1 0.370313 0.521875 0.384375 0.502083
