1 0.657452 0.835337 0.185096 0.233173
0 0.813702 0.0144231 0.0697115 0.0288462
1 0.269231 0.245192 0.177885 0.254808
1 0.807692 0.936298 0.168269 0.127404
1 0.407452 0.96875 0.180288 0.0625
1 0.361779 0.0528846 0.252404 0.100962
1 0.09375 0.414663 0.1875 0.252404
1 0.683894 0.158654 0.247596 0.298077
1 0.836538 0.6875 0.1875 0.245192
1 0.9375 0.94351 0.125 0.112981
1 0.622596 0.897837 0.201923 0.204327
1 0.966346 0.539663 0.0673077 0.300481
1 0.486779 0.336538 0.15625 0.225962
1 0.418269 0.19351 0.173077 0.21875
1 0.237981 0.40625 0.177885 0.235577
1 0.0793269 0.237981 0.158654 0.206731
1 0.734375 0.526442 0.161058 0.182692
0 0.387019 0.33774 0.0576923 0.0600962
1 0.0625 0.930288 0.125 0.139423
1 0.471154 0.592548 0.168269 0.21875
1 0.411058 0.71274 0.177885 0.237981
2 0.68149 0.155048 0.247596 0.295673
1 0.586538 0.450721 0.158654 0.223558
1 0.272837 0.90625 0.233173 0.1875
