0 0.639844 0.0177083 0.154687 0.0354167
0 0.040625 0.746875 0.08125 0.210417
0 0.0867188 0.977083 0.167187 0.0458333
0 0.215625 0.939583 0.134375 0.120833
0 0.620313 0.969792 0.140625 0.0604167
0 0.880469 0.81875 0.182812 0.179167
0 0.126563 0.309375 0.128125 0.19375
0 0.610937 0.477083 0.140625 0.229167
0 0.964063 0.346875 0.071875 0.214583
0 0.9 0.95 0.18125 0.0958333
0 0.04375 0.525 0.0875 0.191667
0 0.270312 0.219792 0.16875 0.214583
0 0.0601562 0.307292 0.120312 0.214583
0 0.259375 0.0552083 0.175 0.110417
0 0.919531 0.111458 0.160938 0.222917
0 0.932813 0.608333 0.134375 0.241667
0 0.733594 0.415625 0.154687 0.24375
0 0.75625 0.638542 0.153125 0.20625
0 0.871875 0.38125 0.14375 0.2125
0 0.552344 0.646875 0.167187 0.189583
0 0.41875 0.09375 0.16875 0.1875
0 0.686719 0.844792 0.154687 0.197917
0 0.704687 0.160417 0.171875 0.225
0 0.524219 0.879167 0.167187 0.233333
0 0.549219 0.2375 0.170312 0.2
1 0.19375 0.688542 0.30625 0.439583
