0 0.482812 0.979167 0.159375 0.0416667
0 0.379687 0.50625 0.165625 0.179167
0 0.973437 0.495833 0.053125 0.208333
0 0.813281 0.979167 0.148438 0.0416667
0 0.86875 0.673958 0.146875 0.23125
0 0.350781 0.567708 0.164062 0.189583
0 0.659375 0.0802083 0.171875 0.160417
0 0.0757812 0.978125 0.114063 0.04375
0 0.939062 0.975 0.115625 0.05
0 0.680469 0.934375 0.151562 0.13125
0 0.761719 0.295833 0.139062 0.179167
0 0.0210938 0.888542 0.0421875 0.202083
0 0.829687 0.127083 0.16875 0.195833
0 0.01875 0.310417 0.0375 0.195833
0 0.844531 0.0479167 0.164062 0.0958333
0 0.930469 0.275 0.139062 0.191667
0 0.258594 0.410417 0.126563 0.158333
0 0.957812 0.090625 0.084375 0.177083
0 0.964063 0.847917 0.071875 0.195833
0 0.658594 0.832292 0.154687 0.20625
0 0.571094 0.438542 0.151562 0.227083
0 0.838281 0.877083 0.151562 0.1875
0 0.0742188 0.408333 0.139062 0.208333
0 0.94375 0.635417 0.1125 0.191667
0 0.160938 0.309375 0.16875 0.222917
0 0.569531 0.733333 0.154687 0.208333
0 0.639063 0.620833 0.159375 0.2
0 0.676562 0.34375 0.140625 0.1875
0 0.105469 0.746875 0.170312 0.235417
0 0.10625 0.123958 0.190625 0.21875
0 0.814062 0.603125 0.14375 0.214583
1 0.263281 0.835417 0.335938 0.329167
1 0.410156 0.238542 0.298438 0.39375
