0 0.0601562 0.564583 0.120312 0.229167
0 0.153125 0.310417 0.1125 0.166667
0 0.942187 0.445833 0.115625 0.283333
0 0.571094 0.947917 0.198437 0.104167
0 0.233594 0.922917 0.164062 0.154167
0 0.284375 0.0229167 0.15 0.0458333
0 0.0625 0.807292 0.125 0.189583
0 0.492188 0.580208 0.190625 0.20625
0 0.739062 0.239583 0.159375 0.204167
0 0.0601562 0.0322917 0.114063 0.0604167
0 0.797656 0.463542 0.176563 0.23125
0 0.93125 0.878125 0.1375 0.235417
0 0.028125 0.360417 0.05625 0.183333
0 0.759375 0.579167 0.15625 0.220833
0 0.113281 0.617708 0.160938 0.239583
0 0.59375 0.0947917 0.1625 0.189583
0 0.0546875 0.235417 0.109375 0.220833
0 0.9375 0.742708 0.125 0.185417
0 0.93125 0.584375 0.1375 0.214583
0 0.5125 0.367708 0.15 0.189583
0 0.432031 0.329167 0.160938 0.208333
0 0.257812 0.736458 0.1625 0.214583
0 0.194531 0.205208 0.160938 0.23125
0 0.776563 0.836458 0.159375 0.227083
0 0.921875 0.075 0.15625 0.15
0 0.9375 0.276042 0.125 0.239583
0 0.0671875 0.90625 0.134375 0.1875
0 0.782812 0.0708333 0.165625 0.141667
0 0.357812 0.725 0.171875 0.216667
0 0.382031 0.108333 0.179688 0.216667
0 0.258594 0.510417 0.170312 0.216667
1 0.626562 0.775 0.253125 0.333333
