0 0.2125 0.454167 0.159375 0.208333
0 0.544531 0.028125 0.157813 0.05625
0 0.0257812 0.0833333 0.0515625 0.166667
0 0.03125 0.351042 0.0625 0.260417
0 0.921094 0.797917 0.157813 0.229167
0 0.888281 0.913542 0.160938 0.164583
0 0.813281 0.271875 0.154687 0.185417
0 0.775 0.71875 0.19375 0.241667
0 0.964063 0.55 0.071875 0.225
0 0.120312 0.491667 0.171875 0.2
0 0.467969 0.903125 0.167187 0.19375
0 0.311719 0.94375 0.164062 0.1125
1 0.41875 0.204167 0.384375 0.4
0 0.296875 0.654167 0.165625 0.216667
0 0.714063 0.2875 0.146875 0.204167
0 0.461719 0.735417 0.173438 0.204167
0 0.615625 0.5875 0.2 0.216667
0 0.929688 0.09375 0.140625 0.1875
0 0.78125 0.0854167 0.14375 0.170833
0 0.201562 0.08125 0.165625 0.1625
0 0.153125 0.273958 0.1625 0.21875
0 0.653125 0.821875 0.19375 0.23125
0 0.803125 0.483333 0.178125 0.2
0 0.199219 0.76875 0.179688 0.229167
