0 0.934375 0.89375 0.13125 0.158333
0 0.0953125 0.61875 0.175 0.270833
0 0.107813 0.9625 0.140625 0.075
0 0.328125 0.254167 0.140625 0.191667
0 0.461719 0.977083 0.126563 0.0458333
0 0.0625 0.210417 0.125 0.229167
0 0.909375 0.961458 0.16875 0.0770833
0 0.5125 0.0510417 0.15625 0.102083
0 0.424219 0.360417 0.160938 0.191667
0 0.402344 0.0572917 0.157813 0.110417
0 0.0351562 0.455208 0.0671875 0.222917
0 0.614062 0.366667 0.14375 0.2125
0 0.920313 0.10625 0.159375 0.208333
0 0.071875 0.0854167 0.14375 0.170833
0 0.960938 0.602083 0.078125 0.204167
0 0.774219 0.078125 0.170312 0.15625
0 0.492969 0.621875 0.179688 0.210417
0 0.686719 0.65625 0.195312 0.216667
0 0.767187 0.291667 0.196875 0.241667
0 0.874219 0.73125 0.164062 0.241667
0 0.884375 0.460417 0.15 0.195833
0 0.183594 0.330208 0.154687 0.214583
1 0.279687 0.802083 0.3625 0.395833
