0 0.342187 0.976042 0.153125 0.0479167
0 0.339063 0.0739583 0.146875 0.14375
0 0.0429688 0.290625 0.0859375 0.239583
0 0.984375 0.836458 0.03125 0.222917
0 0.711719 0.476042 0.173438 0.222917
0 0.371094 0.839583 0.129688 0.1875
0 0.292188 0.811458 0.159375 0.189583
0 0.564844 0.841667 0.129688 0.2
0 0.191406 0.735417 0.148438 0.1875
0 0.670313 0.977083 0.153125 0.0458333
0 0.021875 0.544792 0.04375 0.210417
0 0.0328125 0.821875 0.0625 0.252083
0 0.139062 0.410417 0.153125 0.2
0 0.940625 0.676042 0.11875 0.20625
0 0.630469 0.84375 0.148438 0.208333
0 0.95625 0.325 0.0875 0.245833
0 0.619531 0.625 0.145313 0.208333
0 0.966406 0.114583 0.0671875 0.195833
0 0.617969 0.0677083 0.192188 0.135417
0 0.040625 0.120833 0.08125 0.191667
0 0.196875 0.875 0.1625 0.208333
0 0.807031 0.08125 0.185937 0.1625
0 0.28125 0.532292 0.1625 0.222917
0 0.210156 0.175 0.179688 0.241667
0 0.878906 0.49375 0.179688 0.220833
0 0.873438 0.828125 0.184375 0.239583
1 0.442969 0.327083 0.335938 0.433333
