0 0.357031 0.911458 0.148438 0.164583
0 0.55625 0.0875 0.171875 0.175
0 0.741406 0.926042 0.176563 0.147917
0 0.653125 0.913542 0.165625 0.16875
0 0.157813 0.0479167 0.1875 0.0958333
0 0.3875 0.74375 0.171875 0.204167
0 0.801562 0.7375 0.121875 0.1875
0 0.139062 0.142708 0.196875 0.214583
0 0.909375 0.0489583 0.15625 0.0979167
0 0.64375 0.272917 0.16875 0.2375
0 0.921875 0.178125 0.15625 0.20625
0 0.0273438 0.921875 0.0546875 0.15625
0 0.70625 0.539583 0.159375 0.208333
0 0.467969 0.923958 0.157813 0.147917
0 0.025 0.453125 0.05 0.19375
0 0.395312 0.0895833 0.165625 0.179167
0 0.949219 0.288542 0.101562 0.214583
0 0.545313 0.629167 0.153125 0.258333
0 0.782812 0.5625 0.159375 0.2
0 0.948438 0.785417 0.103125 0.2375
0 0.221875 0.576042 0.15 0.20625
1 0.327344 0.369792 0.245312 0.289583
