0 0.0257812 0.617708 0.0515625 0.21875
0 0.703906 0.398958 0.201562 0.24375
0 0.179688 0.945833 0.15 0.108333
0 0.0296875 0.0854167 0.059375 0.166667
0 0.0625 0.973958 0.1 0.0520833
0 0.820312 0.065625 0.165625 0.13125
0 0.271094 0.0645833 0.173438 0.129167
0 0.761719 0.107292 0.170312 0.20625
0 0.248437 0.154167 0.1625 0.2
0 0.714063 0.285417 0.153125 0.170833
0 0.932813 0.586458 0.134375 0.227083
0 0.778125 0.525 0.16875 0.216667
0 0.860156 0.8125 0.160938 0.225
0 0.464844 0.313542 0.176563 0.239583
1 0.178906 0.504167 0.348437 0.508333
0 0.703125 0.745833 0.15625 0.229167
0 0.90625 0.371875 0.16875 0.210417
1 0.448438 0.782292 0.334375 0.402083
