0 0.361719 0.63125 0.139062 0.195833
0 0.928906 0.885417 0.135937 0.2125
0 0.632812 0.0333333 0.16875 0.0625
0 0.182812 0.138542 0.159375 0.19375
0 0.0375 0.954167 0.071875 0.0916667
0 0.7375 0.872917 0.178125 0.225
0 0.0625 0.105208 0.125 0.210417
0 0.05 0.572917 0.1 0.191667
0 0.0382813 0.715625 0.0765625 0.18125
0 0.470313 0.210417 0.159375 0.2
0 0.483594 0.391667 0.170312 0.208333
0 0.953906 0.569792 0.0921875 0.25625
0 0.113281 0.958333 0.157813 0.0833333
0 0.55625 0.145833 0.16875 0.208333
0 0.907812 0.0520833 0.171875 0.1
0 0.804688 0.195833 0.190625 0.275
0 0.198437 0.748958 0.153125 0.18125
0 0.471094 0.586458 0.139062 0.227083
0 0.579687 0.901042 0.159375 0.18125
0 0.30625 0.241667 0.15625 0.195833
0 0.308594 0.832292 0.164062 0.222917
0 0.221094 0.421875 0.151562 0.20625
0 0.654688 0.1875 0.165625 0.25
0 0.314844 0.421875 0.145313 0.210417
0 0.88125 0.675 0.159375 0.216667
0 0.951563 0.297917 0.096875 0.229167
1 0.68125 0.59375 0.325 0.420833
