1 0.710337 0.960337 0.151442 0.0793269
1 0.143029 0.209135 0.165865 0.182692
1 0.713942 0.728365 0.158654 0.245192
1 0.246394 0.0372596 0.165865 0.0745192
1 0.453125 0.0697115 0.194712 0.139423
1 0.77524 0.116587 0.175481 0.233173
1 0.0372596 0.478365 0.0745192 0.201923
1 0.242788 0.895433 0.163462 0.209135
1 0.153846 0.420673 0.163462 0.206731
1 0.527644 0.811298 0.141827 0.204327
2 0.545673 0.498798 0.341346 0.512019
1 0.129808 0.102163 0.173077 0.204327
1 0.0793269 0.94351 0.158654 0.112981
1 0.590144 0.161058 0.194712 0.225962
1 0.629808 0.919471 0.153846 0.161058
1 0.925481 0.745192 0.149038 0.211538
1 0.824519 0.33774 0.197115 0.228365
1 0.159856 0.652644 0.194712 0.247596
1 0.314904 0.328125 0.192308 0.21875
1 0.385817 0.721154 0.146635 0.206731
1 0.919471 0.519231 0.161058 0.211538
1 0.872596 0.902644 0.163462 0.194712
