0 0.0132813 0.226042 0.0265625 0.227083
0 0.244531 0.976042 0.154687 0.0479167
0 0.848437 0.909375 0.153125 0.18125
0 0.429688 0.675 0.146875 0.216667
0 0.88125 0.0645833 0.2 0.125
0 0.957812 0.723958 0.084375 0.197917
1 0.413281 0.135417 0.329688 0.266667
0 0.288281 0.520833 0.170312 0.191667
0 0.214062 0.825 0.19375 0.233333
0 0.675781 0.9375 0.173438 0.125
0 0.0445312 0.90625 0.0890625 0.1875
0 0.6125 0.630208 0.1875 0.214583
0 0.519531 0.889583 0.148438 0.208333
0 0.738281 0.772917 0.157813 0.1875
0 0.0867188 0.090625 0.167187 0.18125
0 0.325781 0.3125 0.167187 0.208333
0 0.920313 0.54375 0.15625 0.220833
0 0.485156 0.4125 0.154687 0.275
0 0.130469 0.338542 0.182812 0.24375
0 0.917969 0.315625 0.164062 0.20625
0 0.0867188 0.598958 0.173438 0.239583
