0 0.923437 0.235417 0.153125 0.2375
0 0.015625 0.873958 0.03125 0.189583
0 0.932031 0.683333 0.135937 0.225
0 0.642969 0.01875 0.167187 0.0375
0 0.782031 0.251042 0.164062 0.247917
0 0.84375 0.111458 0.16875 0.210417
0 0.0195312 0.492708 0.0390625 0.222917
0 0.08125 0.916667 0.13125 0.166667
0 0.965625 0.0604167 0.06875 0.120833
0 0.954687 0.927083 0.090625 0.145833
0 0.166406 0.557292 0.151562 0.23125
0 0.576563 0.601042 0.1625 0.172917
0 0.732813 0.607292 0.184375 0.235417
0 0.890625 0.413542 0.1625 0.222917
0 0.703125 0.90625 0.146875 0.179167
0 0.379687 0.292708 0.15 0.197917
0 0.570312 0.478125 0.171875 0.210417
0 0.829687 0.91875 0.13125 0.1625
0 0.582031 0.88125 0.145313 0.208333
1 0.113281 0.166667 0.185937 0.275
0 0.210938 0.719792 0.165625 0.202083
