0 0.642187 0.951042 0.140625 0.0979167
0 0.0148437 0.386458 0.0296875 0.20625
0 0.0179687 0.144792 0.0359375 0.239583
0 0.0171875 0.853125 0.034375 0.247917
0 0.390625 0.411458 0.15 0.18125
0 0.505469 0.678125 0.167187 0.227083
0 0.189063 0.0270833 0.171875 0.0541667
0 0.0765625 0.966667 0.153125 0.0666667
0 0.332812 0.629167 0.196875 0.2625
0 0.419531 0.966667 0.173438 0.0666667
0 0.875 0.310417 0.16875 0.220833
0 0.796094 0.34375 0.135937 0.1875
0 0.964844 0.417708 0.0703125 0.19375
0 0.951563 0.134375 0.096875 0.210417
0 0.632031 0.707292 0.173438 0.185417
0 0.707812 0.384375 0.171875 0.210417
0 0.909375 0.553125 0.16875 0.189583
0 0.363281 0.10625 0.185937 0.2125
0 0.264062 0.771875 0.153125 0.210417
0 0.130469 0.839583 0.176563 0.204167
0 0.724219 0.084375 0.217187 0.164583
0 0.614844 0.227083 0.201562 0.220833
0 0.100781 0.16875 0.164062 0.216667
0 0.135156 0.447917 0.176563 0.191667
0 0.463281 0.822917 0.164062 0.2125
1 0.865625 0.794792 0.26875 0.410417
