0 0.582812 0.197917 0.128125 0.229167
0 0.973437 0.686458 0.053125 0.197917
0 0.835156 0.979167 0.160938 0.0416667
0 0.971875 0.0479167 0.05625 0.0958333
0 0.208594 0.808333 0.170312 0.233333
0 0.198437 0.0364583 0.171875 0.0729167
0 0.857813 0.647917 0.165625 0.2125
0 0.0773437 0.282292 0.151562 0.20625
0 0.576563 0.0322917 0.159375 0.0645833
0 0.09375 0.971875 0.146875 0.05625
0 0.475 0.946875 0.15625 0.10625
0 0.814844 0.34375 0.157813 0.204167
0 0.0328125 0.492708 0.065625 0.18125
0 0.873438 0.7625 0.146875 0.1875
0 0.673437 0.185417 0.184375 0.245833
0 0.94375 0.522917 0.1125 0.216667
0 0.108594 0.820833 0.176563 0.25
0 0.084375 0.0708333 0.153125 0.1375
0 0.9125 0.16875 0.175 0.233333
0 0.311719 0.951042 0.151562 0.0979167
0 0.348437 0.447917 0.134375 0.2875
0 0.964063 0.905208 0.071875 0.185417
0 0.383594 0.059375 0.164062 0.11875
0 0.617188 0.411458 0.171875 0.214583
0 0.207031 0.403125 0.145313 0.19375
0 0.292969 0.192708 0.182812 0.19375
0 0.16875 0.579167 0.165625 0.208333
0 0.4875 0.535417 0.16875 0.216667
0 0.4125 0.76875 0.175 0.229167
1 0.645312 0.76875 0.340625 0.4375
