0 0.416406 0.930208 0.164062 0.139583
0 0.288281 0.01875 0.151562 0.0375
0 0.674219 0.70625 0.167187 0.2375
0 0.35 0.223958 0.2 0.222917
0 0.933594 0.028125 0.132812 0.05625
0 0.0898438 0.873958 0.157813 0.202083
0 0.540625 0.286458 0.1875 0.252083
0 0.850781 0.429167 0.117188 0.133333
0 0.764844 0.269792 0.176563 0.227083
0 0.182031 0.105208 0.167187 0.20625
0 0.415625 0.751042 0.16875 0.189583
0 0.764844 0.647917 0.170312 0.220833
0 0.928906 0.846875 0.139062 0.172917
0 0.925 0.248958 0.15 0.23125
0 0.6125 0.0666667 0.16875 0.133333
0 0.64375 0.455208 0.18125 0.222917
0 0.91875 0.660417 0.1625 0.229167
0 0.775 0.0666667 0.14375 0.133333
1 0.271875 0.490625 0.46875 0.51875
0 0.61875 0.823958 0.14375 0.197917
