1 0.653846 0.908654 0.177885 0.182692
1 0.139423 0.947115 0.182692 0.105769
1 0.319712 0.340144 0.25 0.237981
1 0.0889423 0.771635 0.144231 0.177885
1 0.0456731 0.403846 0.0913462 0.216346
0 0.94351 0.0769231 0.112981 0.153846
1 0.0528846 0.046875 0.105769 0.09375
0 0.961538 0.16226 0.0769231 0.161058
1 0.942308 0.078125 0.115385 0.15625
1 0.557692 0.686298 0.197115 0.266827
1 0.65625 0.442308 0.182692 0.259615
1 0.939904 0.519231 0.120192 0.216346
1 0.516827 0.0408654 0.153846 0.0817308
0 0.429087 0.925481 0.0649038 0.0721154
1 0.841346 0.453125 0.144231 0.180288
1 0.0817308 0.253606 0.144231 0.242788
1 0.489183 0.418269 0.161058 0.211538
1 0.34375 0.152644 0.168269 0.170673
1 0.966346 0.891827 0.0673077 0.182692
1 0.21875 0.844952 0.163462 0.180288
2 0.234375 0.582933 0.252404 0.319712
1 0.914663 0.706731 0.170673 0.230769
