1 0.0504808 0.509615 0.100962 0.192308
0 0.709135 0.727163 0.0817308 0.09375
0 0.161058 0.0408654 0.1875 0.0817308
1 0.277644 0.741587 0.170673 0.194712
0 0.0817308 0.325721 0.163462 0.237981
1 0.15625 0.933894 0.182692 0.132212
1 0.621394 0.50601 0.146635 0.213942
1 0.604567 0.0961538 0.185096 0.192308
1 0.798077 0.411058 0.197115 0.211538
1 0.533654 0.859375 0.192308 0.257212
1 0.604567 0.299279 0.194712 0.185096
2 0.430288 0.560096 0.317308 0.471154
1 0.388221 0.258413 0.165865 0.185096
1 0.332933 0.915865 0.170673 0.168269
1 0.835337 0.615385 0.194712 0.225962
1 0.765625 0.177885 0.151442 0.230769
1 0.915865 0.163462 0.168269 0.259615
1 0.765625 0.907452 0.170673 0.185096
1 0.0865385 0.760817 0.173077 0.257212
