0 0.54375 0.2375 0.128125 0.1875
0 0.602344 0.603125 0.173438 0.235417
0 0.040625 0.848958 0.08125 0.239583
0 0.978125 0.74375 0.04375 0.204167
0 0.473437 0.0364583 0.159375 0.0729167
0 0.854688 0.785417 0.159375 0.204167
0 0.83125 0.45625 0.1625 0.2125
0 0.314063 0.20625 0.18125 0.1625
0 0.311719 0.0635417 0.164062 0.127083
0 0.959375 0.517708 0.08125 0.19375
0 0.350781 0.372917 0.192188 0.191667
0 0.739062 0.496875 0.159375 0.252083
0 0.815625 0.0489583 0.1625 0.09375
0 0.946875 0.917708 0.10625 0.164583
0 0.0640625 0.339583 0.128125 0.208333
0 0.667969 0.713542 0.160938 0.197917
0 0.944531 0.0770833 0.110937 0.154167
0 0.14375 0.08125 0.1875 0.1625
0 0.282031 0.576042 0.170312 0.214583
0 0.635156 0.0791667 0.179688 0.158333
0 0.489062 0.460417 0.153125 0.183333
0 0.81875 0.222917 0.19375 0.229167
0 0.185156 0.877083 0.179688 0.229167
0 0.175 0.347917 0.153125 0.225
0 0.466406 0.246875 0.157813 0.210417
0 0.121875 0.557292 0.159375 0.210417
1 0.438281 0.795833 0.357812 0.408333
