0 0.942187 0.432292 0.115625 0.172917
0 0.954687 0.604167 0.090625 0.166667
0 0.240625 0.363542 0.1625 0.235417
1 0.953125 0.898958 0.09375 0.202083
0 0.158594 0.580208 0.173438 0.21875
0 0.658594 0.146875 0.164062 0.210417
0 0.60625 0.971875 0.15 0.05625
0 0.0539063 0.110417 0.107813 0.2
0 0.9375 0.761458 0.125 0.172917
0 0.666406 0.335417 0.217187 0.1875
0 0.0414063 0.68125 0.0828125 0.220833
0 0.0640625 0.501042 0.128125 0.177083
0 0.785156 0.571875 0.164062 0.21875
0 0.720312 0.70625 0.1375 0.254167
0 0.821094 0.0635417 0.139062 0.127083
0 0.366406 0.696875 0.154687 0.202083
0 0.0945313 0.891667 0.157813 0.179167
0 0.545313 0.179167 0.15 0.183333
0 0.475781 0.585417 0.157813 0.1875
0 0.803125 0.226042 0.15 0.210417
0 0.292969 0.496875 0.148438 0.214583
0 0.828125 0.935417 0.15625 0.129167
0 0.607813 0.655208 0.165625 0.19375
1 0.329688 0.10625 0.253125 0.2125
