0 0.046875 0.153125 0.09375 0.172917
0 0.021875 0.0958333 0.04375 0.183333
0 0.071875 0.98125 0.14375 0.0375
0 0.0414063 0.720833 0.0828125 0.2
0 0.867188 0.941667 0.16875 0.116667
0 0.160156 0.578125 0.142188 0.210417
0 0.384375 0.223958 0.196875 0.21875
0 0.561719 0.0708333 0.173438 0.141667
0 0.7625 0.709375 0.16875 0.20625
0 0.385156 0.0739583 0.157813 0.14375
0 0.535156 0.954167 0.192188 0.0916667
0 0.604688 0.728125 0.15 0.202083
0 0.5 0.810417 0.128125 0.170833
0 0.832031 0.0385417 0.198437 0.0770833
0 0.0820312 0.372917 0.160938 0.229167
0 0.371094 0.832292 0.151562 0.177083
0 0.714063 0.820833 0.171875 0.183333
0 0.071875 0.859375 0.14375 0.214583
0 0.515625 0.201042 0.165625 0.222917
0 0.951563 0.476042 0.096875 0.222917
0 0.724219 0.498958 0.214062 0.202083
0 0.209375 0.245833 0.165625 0.175
1 0.36875 0.520833 0.384375 0.483333
0 0.744531 0.235417 0.185937 0.241667
0 0.924219 0.258333 0.151562 0.216667
