0 0.0320312 0.320833 0.0640625 0.208333
0 0.917188 0.08125 0.165625 0.1625
0 0.979688 0.920833 0.040625 0.15
0 0.963281 0.229167 0.0734375 0.2125
0 0.207031 0.407292 0.192188 0.197917
0 0.0476562 0.605208 0.0921875 0.16875
0 0.959375 0.934375 0.075 0.127083
0 0.375781 0.283333 0.189063 0.241667
0 0.649219 0.104167 0.167187 0.204167
0 0.490625 0.34375 0.15 0.229167
0 0.4 0.898958 0.175 0.19375
0 0.429688 0.735417 0.18125 0.220833
0 0.0804688 0.857292 0.160938 0.252083
0 0.545313 0.88125 0.165625 0.204167
0 0.819531 0.534375 0.170312 0.210417
0 0.246094 0.56875 0.173438 0.2125
0 0.95 0.651042 0.1 0.214583
0 0.646094 0.764583 0.167187 0.220833
1 0.117969 0.108333 0.223438 0.2125
0 0.770312 0.163542 0.178125 0.214583
