1 0.0444712 0.0300481 0.0889423 0.0600962
1 0.0420673 0.963942 0.0841346 0.0721154
1 0.1875 0.288462 0.168269 0.216346
1 0.959135 0.635817 0.0817308 0.223558
1 0.112981 0.969952 0.163462 0.0600962
1 0.240385 0.971154 0.134615 0.0576923
1 0.258413 0.204327 0.165865 0.197115
1 0.364183 0.0588942 0.204327 0.117788
0 0.0180288 0.786058 0.0360577 0.0913462
1 0.554087 0.0889423 0.161058 0.177885
1 0.963942 0.924279 0.0721154 0.151442
1 0.799279 0.0420673 0.170673 0.0841346
0 0.579327 0.884615 0.0769231 0.110577
1 0.694712 0.169471 0.168269 0.161058
1 0.853365 0.185096 0.158654 0.259615
0 0.963942 0.325721 0.0721154 0.108173
1 0.963942 0.102163 0.0721154 0.194712
1 0.0877404 0.460337 0.175481 0.204327
1 0.102163 0.813702 0.185096 0.237981
1 0.689904 0.711538 0.153846 0.163462
1 0.179087 0.0889423 0.15625 0.177885
1 0.28125 0.769231 0.158654 0.230769
1 0.454327 0.926683 0.168269 0.146635
1 0.88101 0.616587 0.189904 0.204327
1 0.078125 0.268029 0.15625 0.204327
1 0.106971 0.628606 0.185096 0.199519
1 0.725962 0.890625 0.197115 0.199519
1 0.336538 0.396635 0.177885 0.225962
1 0.459135 0.356971 0.163462 0.247596
1 0.50601 0.722356 0.165865 0.252404
2 0.663462 0.426683 0.331731 0.411058
