0 0.207813 0.0666667 0.171875 0.133333
0 0.322656 0.430208 0.167187 0.210417
0 0.0164062 0.140625 0.0328125 0.20625
0 0.976562 0.89375 0.046875 0.204167
0 0.954687 0.24375 0.090625 0.2375
0 0.807813 0.935417 0.190625 0.129167
0 0.232812 0.941667 0.196875 0.116667
0 0.0625 0.95 0.125 0.1
0 0.773438 0.810417 0.165625 0.170833
0 0.866406 0.51875 0.179688 0.183333
0 0.789062 0.634375 0.171875 0.210417
0 0.616406 0.059375 0.170312 0.11875
0 0.939062 0.694792 0.121875 0.177083
0 0.319531 0.819792 0.179688 0.185417
0 0.852344 0.11875 0.176563 0.2375
0 0.355469 0.305208 0.189063 0.252083
0 0.839063 0.345833 0.178125 0.183333
0 0.466406 0.8125 0.189063 0.208333
0 0.592969 0.195833 0.170312 0.195833
0 0.113281 0.245833 0.182812 0.216667
0 0.126563 0.45 0.159375 0.1875
0 0.132812 0.779167 0.165625 0.2125
0 0.648438 0.845833 0.1625 0.2125
0 0.238281 0.63125 0.167187 0.220833
1 0.557031 0.491667 0.364062 0.4375
