0 0.620313 0.973958 0.096875 0.0520833
0 0.0164062 0.594792 0.0328125 0.214583
0 0.98125 0.385417 0.0375 0.1875
0 0.516406 0.689583 0.214062 0.220833
0 0.177344 0.0541667 0.195312 0.108333
0 0.270312 0.601042 0.184375 0.18125
0 0.0976562 0.414583 0.195312 0.2625
0 0.53125 0.866667 0.16875 0.208333
1 0.3875 0.385417 0.425 0.5
0 0.539062 0.145833 0.1625 0.208333
0 0.314063 0.825 0.225 0.270833
0 0.382031 0.08125 0.179688 0.1625
0 0.926562 0.558333 0.146875 0.225
0 0.10625 0.227083 0.18125 0.220833
0 0.88125 0.285417 0.175 0.254167
0 0.685156 0.378125 0.192188 0.23125
0 0.727344 0.0729167 0.164062 0.145833
0 0.7125 0.875 0.16875 0.225
0 0.875 0.788542 0.175 0.222917
