0 0.464063 0.158333 0.13125 0.204167
0 0.285937 0.15 0.178125 0.1875
0 0.184375 0.616667 0.140625 0.183333
0 0.663281 0.872917 0.157813 0.245833
0 0.53125 0.203125 0.15625 0.21875
0 0.416406 0.920833 0.192188 0.154167
0 0.135156 0.021875 0.148438 0.04375
0 0.645312 0.348958 0.159375 0.19375
0 0.288281 0.0541667 0.145313 0.108333
0 0.795313 0.872917 0.196875 0.220833
0 0.053125 0.296875 0.10625 0.222917
0 0.304688 0.815625 0.153125 0.197917
0 0.764063 0.23125 0.165625 0.2375
0 0.078125 0.09375 0.15625 0.1875
0 0.211719 0.958333 0.173438 0.0833333
0 0.0632813 0.596875 0.126563 0.222917
0 0.567969 0.0520833 0.142188 0.1
0 0.901563 0.420833 0.171875 0.220833
0 0.93125 0.0729167 0.1375 0.1375
0 0.966406 0.897917 0.0671875 0.195833
0 0.196094 0.289583 0.132812 0.204167
1 0.370313 0.463542 0.303125 0.44375
0 0.0671875 0.891667 0.134375 0.204167
0 0.490625 0.70625 0.178125 0.229167
0 0.64375 0.6375 0.19375 0.216667
