0 0.948438 0.79375 0.103125 0.2125
0 0.783594 0.0479167 0.132812 0.0958333
0 0.985937 0.525 0.028125 0.2375
0 0.0570313 0.110417 0.110937 0.2125
0 0.053125 0.294792 0.10625 0.222917
0 0.928125 0.954167 0.14375 0.0916667
0 0.844531 0.842708 0.135937 0.214583
0 0.242969 0.08125 0.173438 0.1625
0 0.957812 0.175 0.084375 0.2125
0 0.846875 0.28125 0.19375 0.2125
0 0.260938 0.26875 0.15625 0.2
0 0.175781 0.94375 0.132812 0.1125
0 0.657812 0.895833 0.2 0.208333
0 0.496875 0.922917 0.1625 0.15
0 0.675 0.694792 0.153125 0.189583
0 0.305469 0.921875 0.154687 0.15625
0 0.0515625 0.944792 0.103125 0.110417
0 0.441406 0.685417 0.182812 0.220833
0 0.415625 0.0854167 0.18125 0.170833
0 0.878125 0.504167 0.14375 0.204167
0 0.640625 0.0760417 0.1625 0.152083
0 0.747656 0.44375 0.173438 0.208333
1 0.472656 0.354167 0.298438 0.4
0 0.144531 0.444792 0.139062 0.21875
