0 0.665625 0.0770833 0.1375 0.15
0 0.05 0.238542 0.096875 0.177083
0 0.065625 0.729167 0.128125 0.2
0 0.15 0.584375 0.115625 0.164583
0 0.722656 0.0833333 0.148438 0.1625
0 0.269531 0.09375 0.185937 0.1875
0 0.369531 0.125 0.148438 0.1875
0 0.327344 0.390625 0.192188 0.252083
0 0.309375 0.936458 0.16875 0.127083
0 0.970312 0.553125 0.059375 0.197917
0 0.75625 0.945833 0.19375 0.108333
0 0.65 0.35625 0.15625 0.220833
0 0.0828125 0.392708 0.159375 0.235417
0 0.914844 0.213542 0.167187 0.227083
0 0.271094 0.579167 0.167187 0.191667
0 0.441406 0.869792 0.167187 0.172917
0 0.130469 0.104167 0.164062 0.204167
0 0.747656 0.545833 0.176563 0.229167
1 0.494531 0.614583 0.198437 0.3125
