0 0.015625 0.586458 0.03125 0.164583
0 0.53125 0.641667 0.153125 0.208333
0 0.40625 0.252083 0.1875 0.208333
0 0.303906 0.9625 0.176563 0.075
0 0.744531 0.358333 0.179688 0.216667
0 0.441406 0.63125 0.164062 0.225
0 0.03125 0.752083 0.059375 0.191667
0 0.028125 0.0885417 0.05625 0.177083
0 0.191406 0.526042 0.170312 0.197917
0 0.185156 0.736458 0.167187 0.20625
0 0.960156 0.0666667 0.0796875 0.133333
0 0.639063 0.410417 0.153125 0.220833
0 0.182812 0.421875 0.159375 0.202083
0 0.566406 0.194792 0.142188 0.20625
0 0.964063 0.509375 0.071875 0.210417
0 0.127344 0.190625 0.170312 0.26875
0 0.280469 0.136458 0.132812 0.19375
0 0.192969 0.873958 0.179688 0.197917
0 0.650781 0.059375 0.167187 0.114583
0 0.0546875 0.423958 0.109375 0.227083
0 0.41875 0.445833 0.1875 0.216667
0 0.345313 0.794792 0.165625 0.264583
1 0.539844 0.858333 0.339063 0.283333
0 0.903125 0.308333 0.184375 0.241667
0 0.921094 0.855208 0.154687 0.210417
0 0.792188 0.116667 0.159375 0.220833
0 0.775 0.572917 0.16875 0.229167
0 0.757812 0.807292 0.165625 0.189583
