0 0.663281 0.98125 0.157813 0.0375
0 0.977344 0.0927083 0.0453125 0.172917
0 0.439063 0.0322917 0.15625 0.0645833
0 0.0320312 0.779167 0.0609375 0.208333
0 0.167187 0.411458 0.2 0.164583
0 0.0140625 0.0802083 0.028125 0.14375
0 0.296094 0.207292 0.167187 0.239583
0 0.0398437 0.497917 0.0765625 0.229167
0 0.613281 0.854167 0.157813 0.241667
0 0.291406 0.04375 0.151562 0.0833333
0 0.5875 0.0760417 0.171875 0.152083
0 0.854688 0.090625 0.178125 0.18125
0 0.778125 0.841667 0.171875 0.2
0 0.964844 0.445833 0.0703125 0.2125
0 0.739062 0.626042 0.196875 0.21875
0 0.585938 0.452083 0.1875 0.254167
0 0.3 0.526042 0.171875 0.210417
0 0.9375 0.845833 0.125 0.208333
0 0.104687 0.858333 0.15625 0.216667
0 0.514844 0.317708 0.145313 0.185417
0 0.414062 0.186458 0.146875 0.20625
0 0.70625 0.2375 0.15 0.208333
0 0.125 0.084375 0.153125 0.16875
1 0.432813 0.777083 0.384375 0.4375
0 0.864844 0.326042 0.195312 0.247917
