1 0.766827 0.0552885 0.1875 0.110577
1 0.890625 0.335337 0.15625 0.204327
1 0.771635 0.198317 0.149038 0.165865
1 0.372596 0.384615 0.1875 0.206731
1 0.0456731 0.390625 0.0913462 0.185096
1 0.298077 0.9375 0.173077 0.125
1 0.0721154 0.917067 0.144231 0.165865
1 0.668269 0.893029 0.163462 0.209135
1 0.740385 0.432692 0.149038 0.254808
1 0.526442 0.836538 0.168269 0.192308
1 0.441106 0.0408654 0.165865 0.0817308
1 0.950721 0.905048 0.0985577 0.185096
0 0.164663 0.384615 0.0600962 0.0769231
1 0.914663 0.123798 0.165865 0.228365
1 0.0661058 0.167067 0.132212 0.237981
1 0.0673077 0.664663 0.129808 0.213942
1 0.741587 0.741587 0.15625 0.204327
1 0.5625 0.290865 0.177885 0.1875
1 0.966346 0.71274 0.0673077 0.194712
1 0.617788 0.0793269 0.221154 0.158654
1 0.96274 0.310096 0.0745192 0.230769
1 0.112981 0.516827 0.201923 0.259615
1 0.22476 0.859375 0.170673 0.237981
1 0.90024 0.533654 0.15625 0.192308
1 0.415865 0.186298 0.173077 0.21875
1 0.860577 0.88101 0.192308 0.233173
1 0.251202 0.225962 0.180288 0.1875
1 0.263221 0.635817 0.180288 0.21875
2 0.544471 0.540865 0.228365 0.288462
