0 0.940625 0.025 0.11875 0.05
0 0.3625 0.01875 0.178125 0.0375
0 0.5875 0.684375 0.15625 0.222917
0 0.66875 0.965625 0.16875 0.06875
0 0.915625 0.117708 0.125 0.177083
0 0.973437 0.885417 0.053125 0.2125
0 0.0296875 0.122917 0.059375 0.220833
0 0.971875 0.276042 0.05625 0.20625
0 0.492188 0.126042 0.190625 0.21875
0 0.320312 0.628125 0.23125 0.252083
0 0.0429688 0.670833 0.0859375 0.225
0 0.2625 0.953125 0.165625 0.09375
1 0.489062 0.410417 0.334375 0.479167
0 0.653125 0.158333 0.190625 0.254167
0 0.0640625 0.8875 0.128125 0.216667
0 0.5125 0.9125 0.165625 0.175
0 0.254687 0.36875 0.178125 0.225
0 0.103906 0.485417 0.189063 0.195833
0 0.291406 0.140625 0.182812 0.239583
0 0.711719 0.739583 0.195312 0.2625
