0 0.984375 0.382292 0.03125 0.235417
0 0.59375 0.977083 0.13125 0.0458333
0 0.053125 0.046875 0.1 0.0895833
0 0.825 0.0614583 0.165625 0.122917
0 0.01875 0.182292 0.0375 0.197917
0 0.717188 0.955208 0.153125 0.0854167
0 0.0273438 0.638542 0.0546875 0.23125
0 0.726562 0.329167 0.153125 0.195833
0 0.802344 0.426042 0.104687 0.139583
0 0.946094 0.892708 0.107813 0.19375
0 0.0335938 0.916667 0.0640625 0.166667
0 0.888281 0.258333 0.176563 0.191667
0 0.878125 0.941667 0.14375 0.116667
0 0.651563 0.0458333 0.1625 0.0916667
0 0.382031 0.533333 0.173438 0.2
0 0.966406 0.697917 0.0671875 0.1875
0 0.0625 0.413542 0.125 0.227083
0 0.208594 0.471875 0.154687 0.222917
0 0.940625 0.0635417 0.11875 0.127083
0 0.382031 0.764583 0.204688 0.220833
1 0.621875 0.64375 0.38125 0.529167
0 0.385938 0.929167 0.171875 0.141667
0 0.915625 0.513542 0.1625 0.202083
0 0.299219 0.121875 0.148438 0.202083
0 0.591406 0.194792 0.195312 0.222917
0 0.417969 0.289583 0.179688 0.241667
0 0.142188 0.203125 0.18125 0.222917
0 0.166406 0.808333 0.176563 0.245833
