0 0.90625 0.98125 0.171875 0.0375
0 0.855469 0.858333 0.176563 0.216667
0 0.03125 0.340625 0.0625 0.235417
0 0.535937 0.16875 0.178125 0.2125
0 0.276563 0.939583 0.146875 0.120833
0 0.541406 0.558333 0.189063 0.204167
0 0.953125 0.273958 0.09375 0.210417
0 0.277344 0.76875 0.157813 0.195833
0 0.945312 0.7375 0.109375 0.216667
0 0.509375 0.333333 0.1875 0.254167
0 0.667188 0.0822917 0.171875 0.164583
0 0.7625 0.803125 0.15 0.210417
0 0.197656 0.394792 0.145313 0.19375
0 0.0828125 0.8875 0.165625 0.216667
0 0.0804688 0.107292 0.160938 0.214583
0 0.85 0.105208 0.18125 0.210417
0 0.238281 0.157292 0.176563 0.247917
0 0.108594 0.64375 0.182812 0.225
1 0.510156 0.813542 0.354688 0.372917
0 0.317187 0.5375 0.171875 0.220833
0 0.7375 0.504167 0.16875 0.2125
