1 0.0276442 0.637019 0.0552885 0.177885
1 0.0348558 0.105769 0.0697115 0.192308
1 0.951923 0.509615 0.0961538 0.201923
1 0.614183 0.826923 0.170673 0.211538
0 0.956731 0.617788 0.0625 0.0721154
1 0.0324519 0.28125 0.0649038 0.235577
1 0.3125 0.173077 0.182692 0.173077
1 0.0865385 0.762019 0.168269 0.230769
1 0.421875 0.978365 0.185096 0.0432692
1 0.855769 0.748798 0.153846 0.223558
1 0.138221 0.0817308 0.165865 0.163462
1 0.326923 0.86899 0.173077 0.228365
1 0.770433 0.915865 0.165865 0.168269
1 0.11899 0.5 0.151442 0.197115
1 0.207933 0.477163 0.165865 0.228365
1 0.950721 0.782452 0.0985577 0.21875
1 0.0865385 0.949519 0.173077 0.100962
1 0.379808 0.320913 0.163462 0.21875
1 0.38101 0.108173 0.180288 0.211538
1 0.334135 0.540865 0.158654 0.216346
1 0.629808 0.594952 0.158654 0.213942
1 0.239183 0.700721 0.170673 0.233173
1 0.801683 0.522837 0.185096 0.228365
2 0.649038 0.239183 0.336538 0.420673
1 0.504808 0.504808 0.149038 0.206731
1 0.50601 0.825721 0.161058 0.21875
1 0.893029 0.329327 0.161058 0.206731
