0 0.0585938 0.85625 0.117188 0.1875
0 0.894531 0.35 0.154687 0.195833
0 0.840625 0.925 0.15 0.145833
0 0.0304688 0.25625 0.0609375 0.179167
0 0.964063 0.738542 0.071875 0.23125
0 0.0796875 0.613542 0.15 0.222917
0 0.229687 0.0760417 0.178125 0.152083
0 0.0820312 0.76875 0.160938 0.220833
0 0.242188 0.877083 0.165625 0.2375
0 0.616406 0.84375 0.173438 0.2125
0 0.413281 0.084375 0.126563 0.16875
0 0.953125 0.1125 0.09375 0.216667
0 0.422656 0.204167 0.160938 0.208333
0 0.558594 0.0770833 0.157813 0.154167
0 0.482031 0.320833 0.167187 0.170833
0 0.657031 0.948958 0.167187 0.0979167
0 0.0304688 0.410417 0.0609375 0.175
0 0.395312 0.851042 0.1625 0.23125
0 0.878906 0.25 0.157813 0.191667
0 0.299219 0.467708 0.154687 0.210417
0 0.702344 0.232292 0.164062 0.264583
1 0.496875 0.604167 0.35 0.458333
0 0.78125 0.827083 0.1625 0.2
0 0.8125 0.09375 0.16875 0.183333
0 0.285937 0.6625 0.153125 0.2125
0 0.0617188 0.0875 0.123438 0.175
0 0.895312 0.503125 0.171875 0.21875
