0 0.878906 0.847917 0.154687 0.2125
0 0.107813 0.479167 0.134375 0.254167
0 0.0320312 0.9625 0.0609375 0.075
0 0.83125 0.894792 0.16875 0.202083
0 0.0164062 0.741667 0.0328125 0.233333
0 0.945312 0.976042 0.109375 0.0479167
0 0.827344 0.113542 0.142188 0.20625
0 0.979688 0.744792 0.040625 0.235417
0 0.7 0.0489583 0.125 0.0979167
0 0.564062 0.971875 0.146875 0.05625
0 0.939062 0.332292 0.121875 0.160417
0 0.455469 0.28125 0.173438 0.225
0 0.2 0.85625 0.159375 0.1875
0 0.04375 0.401042 0.0875 0.222917
0 0.0960938 0.676042 0.167187 0.210417
0 0.7125 0.939583 0.15 0.116667
0 0.592969 0.0447917 0.135937 0.0895833
0 0.629687 0.434375 0.190625 0.214583
0 0.0914062 0.872917 0.154687 0.1875
0 0.267188 0.0760417 0.165625 0.152083
0 0.529688 0.702083 0.125 0.225
0 0.56875 0.332292 0.15 0.18125
0 0.410156 0.820833 0.176563 0.216667
0 0.40625 0.1125 0.1625 0.216667
0 0.0664062 0.139583 0.132812 0.216667
0 0.809375 0.5125 0.2 0.216667
1 0.286719 0.55625 0.335938 0.4125
