1 0.766827 0.737981 0.110577 0.322115
1 0.257212 0.979567 0.177885 0.0408654
1 0.0420673 0.0492788 0.0841346 0.0985577
1 0.978365 0.579327 0.0432692 0.206731
1 0.0288462 0.237981 0.0576923 0.206731
1 0.897837 0.271635 0.141827 0.182692
1 0.977163 0.811298 0.0456731 0.223558
1 0.46274 0.0324519 0.165865 0.0649038
1 0.96875 0.144231 0.0625 0.216346
1 0.502404 0.308894 0.149038 0.247596
1 0.211538 0.513221 0.153846 0.189904
1 0.972356 0.364183 0.0552885 0.199519
1 0.617788 0.237981 0.153846 0.201923
1 0.668269 0.917067 0.163462 0.165865
1 0.198317 0.09375 0.151442 0.1875
1 0.572115 0.0625 0.168269 0.125
1 0.147837 0.347356 0.15625 0.21875
1 0.90024 0.920673 0.199519 0.158654
1 0.830529 0.300481 0.151442 0.206731
1 0.362981 0.153846 0.173077 0.25
1 0.808894 0.0685096 0.165865 0.137019
1 0.492788 0.938702 0.163462 0.122596
1 0.915865 0.703125 0.149038 0.199519
1 0.0588942 0.913462 0.117788 0.173077
1 0.206731 0.859375 0.149038 0.194712
2 0.370192 0.715144 0.341346 0.454327
1 0.0889423 0.68149 0.173077 0.28125
1 0.65625 0.746394 0.182692 0.237981
1 0.288462 0.325721 0.144231 0.21875
1 0.69351 0.570913 0.165865 0.213942
