0 0.203125 0.826042 0.184375 0.197917
0 0.94375 0.592708 0.1125 0.214583
0 0.873438 0.0239583 0.146875 0.0479167
0 0.192188 0.972917 0.184375 0.0541667
0 0.939062 0.927083 0.11875 0.145833
0 0.025 0.21875 0.05 0.25
0 0.95625 0.835417 0.0875 0.2375
0 0.953906 0.385417 0.0921875 0.2
0 0.39375 0.965625 0.14375 0.06875
0 0.0171875 0.710417 0.034375 0.166667
0 0.935938 0.278125 0.128125 0.202083
0 0.478906 0.4875 0.176563 0.2375
0 0.56875 0.494792 0.11875 0.252083
0 0.314063 0.39375 0.19375 0.2375
0 0.834375 0.892708 0.15625 0.210417
0 0.326562 0.836458 0.190625 0.210417
0 0.601562 0.0770833 0.18125 0.154167
0 0.675781 0.929167 0.154687 0.141667
0 0.865625 0.558333 0.178125 0.2375
1 0.3875 0.159375 0.3375 0.31875
0 0.726562 0.727083 0.171875 0.225
0 0.300781 0.628125 0.189063 0.23125
0 0.649219 0.248958 0.176563 0.235417
0 0.5125 0.865625 0.175 0.235417
