0 0.239063 0.396875 0.140625 0.19375
0 0.63125 0.907292 0.175 0.177083
0 0.303906 0.416667 0.120312 0.191667
0 0.371875 0.046875 0.146875 0.09375
0 0.173438 0.816667 0.15625 0.208333
0 0.554688 0.734375 0.14375 0.197917
0 0.316406 0.967708 0.170312 0.0645833
0 0.723437 0.496875 0.178125 0.197917
0 0.276563 0.053125 0.15 0.10625
0 0.0664062 0.532292 0.132812 0.26875
0 0.298438 0.810417 0.184375 0.220833
0 0.844531 0.661458 0.157813 0.235417
0 0.642187 0.053125 0.165625 0.102083
0 0.059375 0.958333 0.11875 0.0833333
0 0.0476562 0.059375 0.0953125 0.114583
0 0.904688 0.910417 0.190625 0.179167
0 0.125781 0.0458333 0.167187 0.0916667
0 0.692187 0.690625 0.178125 0.277083
0 0.482812 0.835417 0.178125 0.229167
0 0.90625 0.0916667 0.1875 0.179167
0 0.0476562 0.286458 0.0953125 0.202083
0 0.798437 0.425 0.16875 0.2375
0 0.213281 0.597917 0.176563 0.225
1 0.45625 0.253125 0.275 0.40625
