1 0.90024 0.983173 0.175481 0.0336538
1 0.856971 0.855769 0.180288 0.221154
0 0.0276442 0.751202 0.0552885 0.0985577
1 0.0324519 0.33774 0.0649038 0.242788
1 0.534856 0.167067 0.185096 0.209135
0 0.376202 0.0564904 0.0841346 0.0985577
0 0.332933 0.233173 0.0793269 0.105769
1 0.543269 0.558894 0.192308 0.194712
1 0.954327 0.269231 0.0913462 0.216346
1 0.276442 0.938702 0.158654 0.122596
1 0.667067 0.0817308 0.175481 0.163462
1 0.84976 0.106971 0.185096 0.213942
1 0.198317 0.394231 0.141827 0.192308
1 0.276442 0.769231 0.158654 0.197115
1 0.944712 0.737981 0.110577 0.221154
1 0.762019 0.804087 0.149038 0.213942
1 0.508413 0.328125 0.194712 0.252404
1 0.237981 0.155048 0.173077 0.257212
1 0.110577 0.643029 0.182692 0.223558
1 0.0817308 0.109375 0.163462 0.21875
2 0.508413 0.813702 0.353365 0.372596
1 0.316106 0.53726 0.170673 0.228365
1 0.737981 0.503606 0.168269 0.213942
1 0.0829327 0.885817 0.165865 0.223558
