0 0.504687 0.204167 0.146875 0.216667
0 0.595312 0.947917 0.128125 0.104167
0 0.445312 0.14375 0.159375 0.220833
0 0.985156 0.664583 0.0296875 0.183333
0 0.700781 0.890625 0.173438 0.20625
0 0.314063 0.972917 0.140625 0.0541667
0 0.253125 0.102083 0.2 0.204167
0 0.479688 0.927083 0.184375 0.145833
0 0.796094 0.830208 0.145313 0.197917
0 0.152344 0.89375 0.173438 0.195833
0 0.935938 0.438542 0.128125 0.23125
0 0.0992187 0.075 0.135937 0.15
0 0.342969 0.49375 0.164062 0.2375
0 0.138281 0.363542 0.173438 0.21875
1 0.495313 0.694792 0.221875 0.25625
1 0.742969 0.359375 0.232812 0.272917
