1 0.112981 0.0204327 0.177885 0.0408654
1 0.015625 0.53125 0.03125 0.192308
1 0.108173 0.41226 0.163462 0.175481
1 0.632212 0.111779 0.120192 0.161058
1 0.965144 0.078125 0.0697115 0.15625
1 0.965144 0.384615 0.0649038 0.245192
1 0.512019 0.929087 0.149038 0.141827
1 0.481971 0.0228365 0.132212 0.0456731
1 0.615385 0.835337 0.115385 0.21875
1 0.548077 0.841346 0.134615 0.235577
1 0.741587 0.887019 0.165865 0.225962
1 0.0252404 0.944712 0.0504808 0.105769
1 0.543269 0.379808 0.177885 0.283654
0 0.878606 0.262019 0.0649038 0.100962
1 0.816106 0.0528846 0.189904 0.105769
1 0.197115 0.46274 0.158654 0.252404
1 0.641827 0.364183 0.139423 0.213942
1 0.762019 0.639423 0.177885 0.259615
1 0.0805288 0.200721 0.15625 0.199519
1 0.783654 0.384615 0.158654 0.211538
1 0.530048 0.641827 0.175481 0.235577
1 0.231971 0.0829327 0.161058 0.165865
2 0.116587 0.705529 0.233173 0.319712
1 0.40625 0.175481 0.173077 0.225962
1 0.325721 0.384615 0.146635 0.201923
1 0.354567 0.824519 0.161058 0.201923
