0 0.0453125 0.0270833 0.090625 0.0541667
0 0.04375 0.9625 0.084375 0.075
0 0.189063 0.2875 0.165625 0.216667
0 0.11875 0.969792 0.146875 0.0604167
0 0.9625 0.638542 0.075 0.210417
0 0.242188 0.970833 0.128125 0.0583333
0 0.799219 0.0447917 0.167187 0.0895833
0 0.25625 0.197917 0.1625 0.191667
0 0.360938 0.0614583 0.2 0.122917
0 0.548437 0.084375 0.15625 0.16875
0 0.695312 0.165625 0.165625 0.16875
0 0.965625 0.927083 0.06875 0.145833
0 0.965625 0.101042 0.06875 0.197917
0 0.0851562 0.461458 0.167187 0.210417
0 0.102344 0.811458 0.182812 0.23125
0 0.852344 0.183333 0.157813 0.258333
0 0.078125 0.26875 0.153125 0.204167
0 0.690625 0.708333 0.153125 0.170833
0 0.280469 0.769792 0.157813 0.21875
0 0.453906 0.927083 0.164062 0.145833
0 0.723437 0.889583 0.190625 0.204167
0 0.179688 0.0885417 0.15625 0.172917
0 0.459375 0.354167 0.16875 0.2375
0 0.883594 0.617708 0.189063 0.20625
0 0.107813 0.629167 0.178125 0.2
0 0.507031 0.723958 0.157813 0.25625
0 0.335938 0.396875 0.178125 0.227083
1 0.665625 0.427083 0.33125 0.420833
