0 0.654688 0.247917 0.153125 0.2125
0 0.0742188 0.922917 0.148438 0.154167
0 0.370313 0.0270833 0.165625 0.0541667
0 0.717188 0.0552083 0.15 0.110417
0 0.967188 0.0875 0.065625 0.170833
0 0.559375 0.135417 0.20625 0.2625
0 0.932813 0.626042 0.134375 0.214583
0 0.860937 0.217708 0.184375 0.272917
0 0.600781 0.55 0.142188 0.1875
0 0.078125 0.7875 0.15625 0.216667
0 0.210156 0.608333 0.164062 0.258333
0 0.128125 0.111458 0.1875 0.214583
0 0.08125 0.316667 0.153125 0.216667
0 0.0328125 0.452083 0.065625 0.2375
0 0.471875 0.502083 0.1625 0.220833
0 0.707812 0.55625 0.153125 0.170833
0 0.749219 0.936458 0.145313 0.127083
0 0.844531 0.596875 0.170312 0.18125
1 0.310937 0.855208 0.203125 0.289583
0 0.928125 0.382292 0.14375 0.21875
0 0.310937 0.2625 0.171875 0.2
