0 0.739062 0.2625 0.178125 0.208333
0 0.778125 0.488542 0.16875 0.260417
0 0.408594 0.211458 0.154687 0.185417
0 0.954687 0.0489583 0.090625 0.0979167
0 0.040625 0.234375 0.08125 0.197917
0 0.0476562 0.104167 0.0953125 0.183333
0 0.0296875 0.598958 0.059375 0.197917
0 0.4375 0.894792 0.196875 0.210417
0 0.0289063 0.80625 0.0578125 0.208333
0 0.736719 0.0708333 0.204688 0.141667
0 0.908594 0.596875 0.164062 0.189583
0 0.908594 0.929167 0.170312 0.141667
0 0.539062 0.084375 0.165625 0.16875
0 0.609375 0.363542 0.1875 0.20625
0 0.285937 0.914583 0.153125 0.170833
0 0.391406 0.407292 0.160938 0.21875
0 0.305469 0.683333 0.157813 0.204167
0 0.146875 0.629167 0.165625 0.220833
1 0.570312 0.635417 0.340625 0.441667
0 0.164844 0.253125 0.160938 0.214583
0 0.792188 0.773958 0.178125 0.23125
