0 0.0289063 0.771875 0.0578125 0.227083
0 0.0296875 0.217708 0.059375 0.21875
0 0.315625 0.613542 0.14375 0.172917
0 0.892187 0.926042 0.165625 0.147917
0 0.915625 0.660417 0.15 0.2
0 0.407031 0.919792 0.117188 0.15625
0 0.028125 0.447917 0.05625 0.2125
0 0.964063 0.939583 0.071875 0.120833
0 0.0945313 0.551042 0.126563 0.18125
0 0.909375 0.25 0.16875 0.233333
0 0.460156 0.8125 0.167187 0.229167
0 0.7375 0.898958 0.15625 0.202083
0 0.770312 0.801042 0.146875 0.222917
0 0.579687 0.96875 0.15 0.0625
0 0.959375 0.075 0.08125 0.15
0 0.950781 0.722917 0.0984375 0.2125
0 0.757031 0.0364583 0.148438 0.0729167
0 0.610937 0.596875 0.134375 0.197917
0 0.1 0.075 0.14375 0.15
0 0.583594 0.372917 0.151562 0.204167
0 0.296094 0.805208 0.179688 0.235417
0 0.774219 0.265625 0.145313 0.172917
1 0.370313 0.401042 0.253125 0.310417
