1 0.778846 0.961538 0.134615 0.0769231
1 0.497596 0.03125 0.163462 0.0625
1 0.579327 0.433894 0.177885 0.233173
1 0.427885 0.602163 0.168269 0.199519
1 0.173077 0.270433 0.163462 0.237981
1 0.864183 0.0360577 0.170673 0.0721154
1 0.504808 0.164663 0.197115 0.300481
1 0.0913462 0.780048 0.182692 0.204327
1 0.0564904 0.0673077 0.112981 0.134615
1 0.597356 0.643029 0.161058 0.233173
1 0.961538 0.350962 0.0769231 0.240385
0 0.292067 0.903846 0.108173 0.139423
1 0.0372596 0.43149 0.0745192 0.204327
1 0.957933 0.103365 0.0841346 0.192308
1 0.888221 0.887019 0.165865 0.216346
0 0.167067 0.459135 0.0552885 0.0721154
1 0.371394 0.472356 0.185096 0.194712
1 0.258413 0.205529 0.180288 0.266827
2 0.492788 0.865385 0.201923 0.254808
1 0.228365 0.58774 0.192308 0.21875
1 0.697115 0.816106 0.158654 0.189904
1 0.699519 0.234375 0.168269 0.223558
