0 0.0132813 0.113542 0.0265625 0.197917
0 0.852344 0.329167 0.151562 0.1875
0 0.351562 0.961458 0.1375 0.0770833
0 0.078125 0.71875 0.15 0.220833
0 0.01875 0.685417 0.0375 0.195833
0 0.735156 0.709375 0.148438 0.202083
0 0.0742188 0.9 0.148438 0.2
0 0.959375 0.284375 0.08125 0.185417
0 0.341406 0.359375 0.0828125 0.152083
0 0.260938 0.708333 0.146875 0.1875
0 0.0492188 0.485417 0.0984375 0.2
0 0.803906 0.0458333 0.173438 0.0916667
0 0.732031 0.927083 0.167187 0.145833
0 0.454688 0.325 0.190625 0.2375
0 0.960938 0.134375 0.078125 0.23125
0 0.684375 0.416667 0.171875 0.2875
0 0.860156 0.889583 0.160938 0.208333
0 0.792188 0.2375 0.1375 0.216667
1 0.495313 0.798958 0.371875 0.402083
0 0.216406 0.8875 0.142188 0.2
0 0.510938 0.164583 0.165625 0.2
0 0.140625 0.185417 0.125 0.170833
0 0.303125 0.167708 0.184375 0.189583
0 0.895312 0.66875 0.184375 0.229167
0 0.142188 0.555208 0.1375 0.172917
