0 0.0875 0.0510417 0.15625 0.102083
0 0.319531 0.980208 0.154687 0.0395833
0 0.460156 0.678125 0.151562 0.152083
0 0.10625 0.422917 0.153125 0.204167
0 0.651563 0.5125 0.165625 0.245833
0 0.626562 0.957292 0.165625 0.0854167
0 0.0515625 0.255208 0.103125 0.189583
0 0.192969 0.440625 0.154687 0.239583
0 0.904688 0.929167 0.171875 0.141667
0 0.610937 0.379167 0.121875 0.175
0 0.182031 0.230208 0.148438 0.222917
0 0.096875 0.915625 0.175 0.16875
0 0.759375 0.278125 0.15625 0.19375
0 0.946875 0.397917 0.10625 0.229167
0 0.219531 0.7125 0.148438 0.179167
0 0.467969 0.520833 0.182812 0.2
0 0.498437 0.922917 0.171875 0.154167
0 0.760938 0.0729167 0.159375 0.145833
0 0.740625 0.85 0.16875 0.2
0 0.923437 0.191667 0.153125 0.204167
0 0.075 0.680208 0.15 0.214583
0 0.622656 0.132292 0.148438 0.210417
1 0.414062 0.251042 0.35 0.485417
