0 0.264062 0.0333333 0.203125 0.0666667
0 0.217969 0.941667 0.120312 0.116667
0 0.0195312 0.717708 0.0390625 0.210417
0 0.973437 0.609375 0.053125 0.197917
0 0.621094 0.898958 0.157813 0.197917
0 0.319531 0.557292 0.151562 0.202083
0 0.932031 0.392708 0.135937 0.23125
0 0.433594 0.382292 0.220313 0.289583
0 0.06875 0.897917 0.1375 0.2
0 0.924219 0.880208 0.151562 0.239583
0 0.610937 0.622917 0.15625 0.2125
0 0.864062 0.225 0.190625 0.241667
0 0.153906 0.535417 0.185937 0.195833
1 0.401563 0.811458 0.353125 0.377083
0 0.196875 0.764583 0.159375 0.2125
0 0.625 0.270833 0.1875 0.275
