0 0.015625 0.657292 0.03125 0.189583
0 0.0703125 0.511458 0.140625 0.210417
0 0.0265625 0.173958 0.053125 0.185417
0 0.321875 0.754167 0.16875 0.195833
0 0.19375 0.942708 0.175 0.114583
0 0.204688 0.0489583 0.184375 0.0979167
0 0.6625 0.520833 0.14375 0.208333
0 0.103125 0.341667 0.196875 0.245833
0 0.648438 0.3125 0.196875 0.195833
0 0.939062 0.180208 0.121875 0.25625
0 0.577344 0.86875 0.192188 0.25
0 0.838281 0.430208 0.192188 0.214583
0 0.376563 0.926042 0.165625 0.147917
0 0.807813 0.190625 0.15 0.21875
0 0.878125 0.632292 0.19375 0.227083
1 0.475 0.573958 0.3125 0.49375
0 0.809375 0.91875 0.1625 0.1625
0 0.429688 0.272917 0.16875 0.191667
0 0.645312 0.10625 0.18125 0.2125
0 0.123438 0.776042 0.18125 0.247917
