1 0.36899 0.0408654 0.189904 0.0817308
1 0.253606 0.832933 0.15625 0.189904
0 0.0697115 0.459135 0.129808 0.269231
1 0.305288 0.735577 0.163462 0.182692
1 0.0600962 0.294471 0.115385 0.223558
1 0.0805288 0.0240385 0.151442 0.0480769
1 0.0721154 0.585337 0.144231 0.204327
1 0.88101 0.348558 0.141827 0.201923
1 0.451923 0.789663 0.149038 0.209135
1 0.490385 0.949519 0.163462 0.100962
1 0.0721154 0.451923 0.129808 0.278846
1 0.185096 0.0889423 0.144231 0.177885
1 0.65625 0.354567 0.139423 0.185096
1 0.524038 0.74399 0.211538 0.161058
1 0.41226 0.115385 0.161058 0.206731
1 0.169471 0.454327 0.112981 0.25
1 0.920673 0.0793269 0.158654 0.158654
0 0.233173 0.239183 0.0673077 0.09375
1 0.514423 0.21274 0.197115 0.204327
1 0.78726 0.0757212 0.170673 0.151442
1 0.206731 0.603365 0.168269 0.206731
1 0.957933 0.611779 0.0841346 0.242788
1 0.391827 0.930288 0.144231 0.134615
1 0.788462 0.269231 0.153846 0.211538
0 0.711538 0.871394 0.0817308 0.103365
1 0.545673 0.0709135 0.149038 0.141827
1 0.115385 0.930288 0.173077 0.134615
1 0.669471 0.544471 0.204327 0.223558
2 0.371394 0.432692 0.362981 0.471154
1 0.836538 0.86899 0.173077 0.247596
