0 0.35 0.89375 0.1625 0.195833
0 0.738281 0.716667 0.157813 0.2
0 0.0476562 0.0489583 0.0921875 0.0979167
0 0.346094 0.0822917 0.182812 0.164583
0 0.453125 0.09375 0.1875 0.1875
0 0.861719 0.871875 0.189063 0.247917
0 0.841406 0.0395833 0.167187 0.0791667
0 0.471875 0.796875 0.125 0.185417
0 0.4625 0.947917 0.165625 0.104167
0 0.897656 0.309375 0.160938 0.20625
0 0.953906 0.752083 0.0921875 0.195833
0 0.0390625 0.236458 0.078125 0.20625
0 0.0539063 0.895833 0.107813 0.208333
0 0.504687 0.465625 0.203125 0.247917
0 0.6625 0.311458 0.18125 0.260417
0 0.129688 0.142708 0.165625 0.20625
0 0.647656 0.059375 0.176563 0.114583
1 0.107031 0.563542 0.210938 0.439583
