0 0.0695312 0.18125 0.135937 0.2375
0 0.06875 0.784375 0.1375 0.235417
0 0.236719 0.0791667 0.164062 0.158333
0 0.417188 0.925 0.171875 0.15
0 0.151562 0.853125 0.140625 0.160417
0 0.0875 0.517708 0.153125 0.260417
0 0.590625 0.746875 0.1625 0.16875
0 0.932813 0.2875 0.134375 0.233333
0 0.630469 0.855208 0.179688 0.214583
0 0.589844 0.191667 0.157813 0.191667
0 0.586719 0.572917 0.170312 0.241667
0 0.630469 0.320833 0.154687 0.191667
0 0.460938 0.779167 0.1625 0.208333
0 0.811719 0.355208 0.173438 0.23125
1 0.303125 0.410417 0.284375 0.3375
0 0.952344 0.501042 0.0953125 0.222917
0 0.713281 0.198958 0.154687 0.197917
0 0.775 0.677083 0.175 0.2
