1 0.961538 0.207933 0.0769231 0.223558
1 0.0300481 0.610577 0.0600962 0.3125
1 0.38101 0.944712 0.170673 0.110577
1 0.772837 0.84375 0.161058 0.206731
1 0.0793269 0.954327 0.153846 0.0913462
1 0.294471 0.0649038 0.204327 0.129808
1 0.237981 0.19351 0.134615 0.213942
1 0.682692 0.894231 0.153846 0.168269
1 0.222356 0.691106 0.161058 0.213942
1 0.622596 0.960337 0.134615 0.0793269
1 0.402644 0.866587 0.247596 0.266827
1 0.959135 0.68149 0.0817308 0.204327
1 0.455529 0.602163 0.199519 0.223558
1 0.645433 0.706731 0.199519 0.254808
1 0.459135 0.0865385 0.177885 0.168269
1 0.888221 0.842548 0.175481 0.213942
2 0.405048 0.317308 0.247596 0.3125
1 0.198317 0.418269 0.204327 0.259615
1 0.747596 0.504808 0.168269 0.221154
