0 0.0171875 0.652083 0.034375 0.229167
0 0.9625 0.91875 0.075 0.158333
0 0.933594 0.85 0.132812 0.225
0 0.120312 0.91875 0.153125 0.1625
0 0.372656 0.0541667 0.198437 0.108333
0 0.104687 0.0604167 0.1375 0.120833
0 0.0429688 0.921875 0.0828125 0.15625
0 0.028125 0.30625 0.05625 0.195833
0 0.615625 0.964583 0.15625 0.0708333
0 0.861719 0.965625 0.167187 0.06875
0 0.94375 0.234375 0.1125 0.197917
0 0.85625 0.0666667 0.15 0.133333
0 0.790625 0.248958 0.165625 0.235417
0 0.0265625 0.113542 0.053125 0.189583
0 0.217187 0.919792 0.15 0.160417
0 0.721875 0.598958 0.1625 0.202083
0 0.253125 0.0885417 0.184375 0.177083
0 0.6375 0.827083 0.15 0.195833
0 0.621875 0.597917 0.15 0.204167
0 0.571094 0.065625 0.151562 0.13125
0 0.123438 0.227083 0.171875 0.229167
0 0.183594 0.734375 0.157813 0.239583
0 0.0695312 0.557292 0.139062 0.19375
0 0.778906 0.876042 0.160938 0.19375
0 0.670313 0.390625 0.16875 0.227083
0 0.513281 0.369792 0.160938 0.227083
0 0.740625 0.0833333 0.175 0.166667
0 0.31875 0.402083 0.15625 0.225
1 0.386719 0.6875 0.304688 0.395833
