0 0.105469 0.910417 0.170312 0.179167
0 0.671875 0.21875 0.153125 0.220833
0 0.93125 0.947917 0.1375 0.104167
0 0.410937 0.978125 0.175 0.04375
0 0.6125 0.638542 0.159375 0.260417
0 0.329688 0.384375 0.1625 0.210417
0 0.046875 0.046875 0.09375 0.0895833
0 0.551562 0.0364583 0.153125 0.06875
0 0.0171875 0.588542 0.034375 0.23125
0 0.0210938 0.314583 0.0421875 0.1875
0 0.390625 0.0614583 0.18125 0.122917
0 0.963281 0.483333 0.0734375 0.216667
0 0.0664062 0.832292 0.132812 0.189583
0 0.090625 0.4625 0.16875 0.241667
0 0.921875 0.21875 0.15 0.266667
0 0.885156 0.0385417 0.170312 0.0729167
0 0.196094 0.0375 0.176563 0.075
0 0.595312 0.178125 0.159375 0.239583
0 0.785937 0.151042 0.128125 0.189583
0 0.494531 0.379167 0.160938 0.208333
0 0.744531 0.947917 0.176563 0.104167
0 0.436719 0.197917 0.176563 0.2125
0 0.210938 0.78125 0.146875 0.195833
0 0.608594 0.410417 0.182812 0.208333
0 0.875 0.420833 0.15625 0.191667
0 0.265625 0.478125 0.18125 0.21875
0 0.611719 0.895833 0.160938 0.204167
0 0.0945313 0.197917 0.160938 0.216667
0 0.335156 0.877083 0.160938 0.2125
1 0.85625 0.758333 0.2875 0.404167
