1 0.0324519 0.567308 0.0649038 0.25
1 0.811298 0.637019 0.180288 0.182692
1 0.100962 0.752404 0.163462 0.221154
1 0.241587 0.0528846 0.189904 0.105769
1 0.772837 0.338942 0.170673 0.225962
1 0.824519 0.0504808 0.139423 0.100962
1 0.96875 0.158654 0.0576923 0.173077
1 0.919471 0.0480769 0.161058 0.0961538
1 0.709135 0.122596 0.1875 0.230769
1 0.204327 0.429087 0.163462 0.194712
1 0.0540865 0.770433 0.108173 0.228365
1 0.896635 0.804087 0.1875 0.223558
1 0.752404 0.734375 0.134615 0.199519
1 0.941106 0.625 0.117788 0.259615
1 0.0456731 0.0709135 0.0913462 0.141827
1 0.715144 0.454327 0.141827 0.201923
1 0.882212 0.207933 0.153846 0.209135
1 0.204327 0.167067 0.201923 0.170673
1 0.0805288 0.217548 0.15625 0.199519
1 0.757212 0.920673 0.206731 0.158654
2 0.433894 0.722356 0.377404 0.459135
1 0.578125 0.307692 0.189904 0.245192
1 0.157452 0.895433 0.165865 0.189904
