0 0.209375 0.246875 0.171875 0.214583
0 0.654688 0.289583 0.159375 0.2125
0 0.0234375 0.154167 0.046875 0.1875
0 0.895312 0.194792 0.184375 0.222917
0 0.629687 0.777083 0.20625 0.279167
0 0.339844 0.65 0.154687 0.191667
0 0.273438 0.804167 0.140625 0.216667
0 0.533594 0.0770833 0.164062 0.154167
0 0.550781 0.954167 0.148438 0.0916667
0 0.892187 0.113542 0.165625 0.189583
0 0.127344 0.382292 0.164062 0.197917
0 0.195312 0.888542 0.1875 0.222917
0 0.860156 0.494792 0.164062 0.260417
0 0.473437 0.945833 0.159375 0.108333
0 0.857813 0.732292 0.165625 0.20625
0 0.921875 0.891667 0.15625 0.208333
1 0.474219 0.397917 0.320312 0.4125
0 0.123438 0.725 0.190625 0.225
