0 0.0304688 0.508333 0.0609375 0.191667
0 0.845312 0.1875 0.184375 0.204167
0 0.426562 0.5625 0.159375 0.1875
0 0.0640625 0.332292 0.125 0.210417
0 0.028125 0.272917 0.05625 0.183333
0 0.301562 0.04375 0.165625 0.0875
0 0.965625 0.165625 0.06875 0.202083
0 0.221875 0.195833 0.146875 0.245833
0 0.127344 0.904167 0.170312 0.179167
0 0.034375 0.654167 0.06875 0.1875
0 0.903125 0.947917 0.1625 0.104167
0 0.851562 0.0895833 0.1625 0.175
0 0.31875 0.188542 0.15625 0.189583
0 0.954687 0.525 0.090625 0.183333
0 0.322656 0.405208 0.148438 0.21875
0 0.43125 0.934375 0.15625 0.13125
0 0.94375 0.735417 0.109375 0.216667
0 0.282813 0.69375 0.184375 0.254167
0 0.140625 0.740625 0.14375 0.19375
0 0.0929687 0.0895833 0.135937 0.175
0 0.85 0.640625 0.1375 0.185417
0 0.816406 0.829167 0.160938 0.204167
1 0.535937 0.307292 0.365625 0.427083
0 0.7875 0.432292 0.14375 0.185417
