0 0.940625 0.0927083 0.11875 0.18125
0 0.68125 0.95625 0.175 0.0875
0 0.392188 0.9 0.1875 0.191667
0 0.811719 0.0614583 0.198437 0.122917
0 0.325 0.582292 0.19375 0.264583
0 0.435937 0.703125 0.153125 0.177083
0 0.220313 0.942708 0.159375 0.114583
0 0.88125 0.946875 0.1875 0.10625
0 0.64375 0.0364583 0.1625 0.0729167
0 0.529688 0.708333 0.140625 0.183333
0 0.964063 0.71875 0.071875 0.254167
0 0.65625 0.678125 0.16875 0.227083
0 0.514063 0.858333 0.140625 0.166667
0 0.115625 0.909375 0.15 0.16875
0 0.135937 0.438542 0.1625 0.15625
0 0.85 0.575 0.184375 0.254167
0 0.680469 0.402083 0.167187 0.204167
1 0.08125 0.597917 0.1625 0.275
0 0.452344 0.155208 0.185937 0.227083
