      0/99     2.76G    0.0656   0.05898   0.01919    0.1438        10       640   0.05413    0.3089   0.02923  0.005166     0.093   0.09105   0.01656
      1/99     2.99G   0.06332   0.06242   0.01367    0.1394         7       640    0.1041    0.1381    0.1008   0.01883   0.09044   0.09253   0.01674
      2/99     2.99G   0.06371   0.06201   0.01067    0.1364         6       640    0.4254    0.2779     0.083   0.01608   0.08436    0.1048  0.009052
      3/99     2.99G    0.0628   0.05839  0.007241    0.1284         6       640    0.5042     0.264    0.1508   0.03293   0.08475    0.1034  0.009095
      4/99     2.99G   0.06274   0.05803  0.004263     0.125        17       640     0.422    0.1747   0.09275   0.01639    0.0707    0.1232  0.003642
      5/99     2.99G   0.06193    0.0557  0.002993    0.1206        21       640    0.2145    0.5295    0.2936   0.09013   0.08931    0.1171   0.01034
      6/99     2.99G    0.0592   0.05309  0.002751     0.115        21       640    0.1759    0.4914    0.2319   0.07178   0.07998    0.1127  0.007012
      7/99     2.99G    0.0565   0.05052   0.00276    0.1098        14       640    0.2665    0.4827    0.2681    0.1072   0.09158    0.2086     0.102
      8/99     2.99G   0.05147   0.04903  0.002601    0.1031        23       640      0.43     0.605    0.5125     0.234   0.08127     0.106  0.006999
      9/99     2.99G   0.04725   0.04622  0.002423   0.09589         7       640    0.5112    0.7441    0.7045    0.3703   0.07697   0.08539  0.004896
     10/99     2.99G   0.04606   0.04852  0.002027   0.09661        26       640     0.471    0.7839    0.6856    0.3746   0.07568   0.08703   0.01384
     11/99     2.99G   0.04376    0.0476   0.00197   0.09333        41       640    0.6933    0.6633    0.6635    0.3437   0.07454    0.0891   0.01416
     12/99     2.99G   0.04197   0.04743  0.001724   0.09112        31       640    0.5542    0.6384    0.6011    0.3039   0.07461    0.1024  0.004479
     13/99        3G   0.04157   0.04801  0.001765   0.09134        50       640    0.3525     0.671    0.4621    0.2347   0.07778     0.107   0.08265
     14/99        3G   0.03938   0.04663  0.001686   0.08769        18       640    0.4639    0.8086    0.6282    0.3468   0.07142    0.0922   0.02787
     15/99        3G   0.03918    0.0475    0.0017   0.08838        44       640    0.4411    0.7562    0.6433    0.3641   0.06986   0.09529   0.01294
     16/99        3G   0.03795   0.04788   0.00165   0.08749        35       640    0.6021    0.7711    0.6955    0.4396   0.06566   0.09222    0.0028
     17/99        3G   0.03773   0.04893  0.001516   0.08818        39       640    0.5771    0.7624    0.6725    0.3915   0.06937   0.09721   0.01886
     18/99        3G   0.03652   0.04661  0.001484   0.08461        55       640    0.5812     0.833    0.6923    0.4112   0.06594   0.09566  0.006954
     19/99        3G    0.0366   0.04768  0.001447   0.08573        85       640    0.4346    0.7898     0.603    0.3215   0.06449   0.09994   0.01267
     20/99        3G   0.03569   0.04669  0.001232   0.08361        20       640    0.5801    0.8835    0.7039    0.4543   0.06385   0.09658  0.004342
     21/99        3G   0.03588   0.04679  0.001345   0.08401        39       640    0.5999    0.8315    0.7085    0.4474   0.06428   0.09485  0.004732
     22/99        3G   0.03509   0.04655  0.001401   0.08304        23       640    0.6065    0.8467    0.6949    0.4611   0.06509   0.09269  0.008649
     23/99        3G   0.03435   0.04634  0.001137   0.08183        63       640    0.5994    0.7064    0.6787    0.3975   0.06573   0.09836   0.01128
     24/99        3G   0.03458   0.04594   0.00121   0.08173         8       640    0.6529    0.7455    0.7155    0.4413   0.06385   0.09688  0.005964
     25/99        3G   0.03431   0.04699  0.001425   0.08272        11       640    0.6118    0.8271    0.7004     0.447   0.06317   0.09905  0.005607
     26/99        3G   0.03401   0.04602  0.001156   0.08119        56       640    0.5754    0.8369      0.71    0.4591   0.06212   0.09775   0.01275
     27/99        3G   0.03326   0.04535  0.001003   0.07961        20       640    0.6146    0.7802    0.7075    0.4434   0.06224   0.09931   0.01484
     28/99        3G   0.03321   0.04559  0.001005    0.0798        13       640    0.5621    0.7802    0.6214    0.3321   0.06421     0.101   0.03128
     29/99        3G    0.0324   0.04527  0.001068   0.07873        16       640    0.4075    0.7516    0.4357    0.2276    0.0642    0.1118   0.05136
     30/99        3G   0.03278   0.04613  0.001003   0.07991        11       640    0.5426    0.7608    0.6129    0.3754   0.06116   0.09974   0.01385
     31/99        3G   0.03283   0.04456 0.0008907   0.07828        40       640    0.6282    0.7901    0.7082    0.4441   0.06127   0.09795    0.0123
     32/99        3G   0.03226   0.04604  0.000968   0.07927        11       640    0.4113    0.8257    0.5112    0.2822    0.0629    0.1033   0.03644
     33/99        3G   0.03204   0.04573 0.0008796   0.07864        35       640    0.6038    0.8252    0.7066    0.4527   0.05999   0.09954   0.01393
     34/99        3G   0.03193   0.04653 0.0008857   0.07935        54       640    0.4453    0.7393    0.4841    0.2671   0.06093    0.1053   0.02517
     35/99        3G   0.03192   0.04638 0.0007746   0.07907        52       640    0.6049    0.7977    0.6754    0.3988   0.06013    0.1018    0.0114
     36/99        3G   0.03151   0.04692 0.0009315   0.07936        38       640    0.5862    0.7708    0.6582    0.4302   0.06033    0.1027   0.01308
     37/99        3G   0.03151   0.04591 0.0008534   0.07828        30       640    0.5216     0.707    0.5685    0.3489   0.06192    0.1052   0.02356
     38/99     3.01G   0.03106   0.04497 0.0008255   0.07686        73       640    0.5565    0.7908    0.6869    0.4246   0.05967    0.1008   0.01136
     39/99     3.01G   0.03164   0.04619  0.000828   0.07866        15       640    0.5849    0.8778    0.7035    0.4577     0.061   0.09993    0.0164
     40/99     3.01G   0.03116   0.04559 0.0007945   0.07754        58       640    0.6517    0.8797    0.7364    0.5052   0.05991   0.09864  0.004226
     41/99     3.01G   0.03108   0.04571   0.00084   0.07763         7       640    0.6553    0.8033    0.7441    0.4749   0.06003    0.1002   0.01345
     42/99     3.01G    0.0308   0.04589 0.0007866   0.07747        52       640    0.4249    0.7823    0.5597    0.3406   0.05991    0.1051   0.01282
     43/99     3.01G   0.03073   0.04544 0.0007322   0.07691        20       640    0.6642    0.8454    0.7599    0.5234   0.05766    0.1018  0.002958
     44/99     3.01G   0.03067   0.04445 0.0008632   0.07598        45       640    0.6264    0.8523     0.715    0.4662   0.05865    0.1052  0.002824
     45/99     3.01G   0.03047   0.04648 0.0008619   0.07781        44       640    0.3798    0.8276    0.4722    0.2652   0.06148    0.1067   0.02352
     46/99     3.01G    0.0305   0.04457 0.0007268    0.0758        27       640    0.5034    0.7478    0.5934    0.3772   0.06084    0.1019    0.0124
     47/99     3.01G   0.03015   0.04499 0.0007316   0.07588        11       640    0.4715     0.768     0.527    0.2979   0.06168    0.1091   0.01767
     48/99     3.01G   0.03001   0.04658 0.0007073    0.0773        10       640    0.4167    0.8106    0.4885    0.2826   0.06156    0.1119   0.03126
     49/99     3.01G   0.03017   0.04444 0.0007791   0.07538         9       640    0.5051    0.7286    0.5936    0.3564    0.0587    0.1057   0.01077
     50/99     3.01G   0.02981   0.04562 0.0009102   0.07634        27       640    0.4898    0.8295    0.5981    0.3644   0.05857     0.109  0.008783
     51/99     3.01G   0.03005   0.04427 0.0008029   0.07513        19       640    0.4412    0.8298    0.5015    0.2896   0.05982    0.1102   0.01766
     52/99     3.01G   0.02969   0.04549 0.0007361   0.07592        17       640    0.5681    0.7307    0.6201    0.3715   0.05827     0.108   0.01147
     53/99     3.01G   0.02967   0.04513  0.000681   0.07548        47       640    0.4783    0.7954    0.5611    0.3366   0.05877    0.1097   0.01516
     54/99     3.01G    0.0296   0.04541 0.0006761   0.07569        16       640    0.4787    0.7319    0.5044    0.2866   0.05922    0.1095   0.02472
     55/99     3.01G   0.02974    0.0462  0.000752   0.07669        29       640    0.5433    0.8284    0.6444    0.4094   0.05854    0.1094   0.01842
     56/99     3.01G   0.02938   0.04513 0.0006659   0.07517        19       640     0.606    0.7645     0.666    0.4505   0.05768    0.1073  0.006814
     57/99     3.01G      0.03   0.04557 0.0008192   0.07639        10       640    0.4001    0.8172    0.5015    0.3101   0.05869    0.1137   0.01328
     58/99     3.01G   0.02917   0.04414 0.0007607   0.07407         7       640     0.397    0.7207    0.4667    0.2718   0.05818    0.1163   0.02471
     59/99     3.01G   0.02922   0.04542 0.0005772   0.07522        29       640    0.6074    0.7136    0.6144     0.386   0.05724    0.1153   0.02877
     60/99     3.01G   0.02914   0.04392 0.0005873   0.07365        66       640    0.6057    0.7938    0.6764     0.458   0.05573    0.1134    0.0111
     61/99     3.01G   0.02931   0.04528 0.0006338   0.07522         3       640    0.6927    0.7467    0.7274    0.5127   0.05527    0.1087  0.002063
     62/99     3.01G   0.02965   0.04544 0.0007563   0.07585        33       640    0.6721    0.7721    0.7376    0.5043   0.05458    0.1122  0.006594
     63/99     3.01G   0.02892   0.04413 0.0006355   0.07369        48       640    0.5913    0.7857    0.6607    0.4142   0.05553    0.1136   0.02685
     64/99     3.01G   0.02899   0.04428 0.0006487   0.07392         6       640    0.6446    0.7786    0.7085    0.4927   0.05512    0.1113   0.01664
     65/99     3.01G   0.02858   0.04504 0.0006732   0.07429        23       640    0.4993    0.8166     0.601    0.3707   0.05612    0.1119   0.02378
     66/99     3.01G   0.02869   0.04463 0.0005519   0.07387        49       640     0.538    0.8066    0.6389    0.4214   0.05496    0.1117  0.008096
     67/99     3.01G   0.02858   0.04521 0.0005992   0.07439        44       640    0.5675    0.8265    0.6545    0.4249    0.0549    0.1128   0.01522
     68/99     3.01G   0.02846   0.04471 0.0006622   0.07383        22       640    0.5667    0.7601    0.6438    0.4328   0.05495    0.1112  0.004776
     69/99     3.01G   0.02817   0.04369 0.0005651   0.07243        52       640     0.529    0.8776     0.635      0.42   0.05469    0.1127  0.006276
     70/99     3.01G   0.02887   0.04421  0.000684   0.07377        11       640    0.5236    0.8194    0.5849    0.3736   0.05413     0.118     0.013
     71/99     3.01G   0.02864    0.0454 0.0005595    0.0746        16       640      0.42     0.811    0.4996    0.3211   0.05467    0.1174   0.01263
     72/99     3.01G   0.02843   0.04443 0.0006755   0.07354        46       640    0.4738    0.7523    0.5205    0.3314   0.05499    0.1227    0.0193
     73/99     3.01G    0.0286   0.04456 0.0005927   0.07375         5       640    0.4622    0.7779    0.5536    0.3491   0.05501    0.1167   0.01114
     74/99     3.01G   0.02799   0.04455 0.0004972   0.07303        68       640    0.5578    0.7705    0.6104    0.3768   0.05487    0.1168   0.01801
     75/99     3.01G   0.02824   0.04491 0.0005794   0.07373        45       640    0.4408    0.8423    0.5234    0.3329   0.05432     0.121   0.01929
     76/99     3.01G   0.02823   0.04449 0.0005869   0.07331        24       640    0.4462    0.8043    0.5258    0.3394   0.05422    0.1179   0.01183
     77/99     3.01G   0.02793    0.0443 0.0005474   0.07278        71       640    0.5147     0.837    0.6389    0.4287   0.05401    0.1136   0.01164
     78/99     3.01G   0.02808   0.04496 0.0006475   0.07369        20       640    0.2992    0.7358    0.3442    0.2007   0.05636    0.1265   0.02994
     79/99     3.01G   0.02845    0.0455 0.0005591   0.07451        32       640    0.4323    0.8373    0.5504    0.3241   0.05497    0.1163   0.01836
     80/99     3.01G   0.02827   0.04446 0.0006033   0.07333        45       640     0.394    0.8475    0.4546    0.2711   0.05529    0.1209   0.02169
     81/99     3.01G   0.02811   0.04417 0.0005963   0.07288        56       640    0.4291    0.7898    0.4789    0.2907   0.05462    0.1201   0.01709
     82/99     3.01G   0.02831   0.04509 0.0006379   0.07403         8       640     0.445    0.8433    0.5208    0.3125    0.0553    0.1189   0.02898
     83/99     3.01G     0.028   0.04499 0.0005475   0.07354        10       640    0.4774    0.7842    0.5257    0.3369   0.05365    0.1208   0.01434
     84/99     3.01G   0.02827    0.0443 0.0005798   0.07315        45       640    0.4716    0.8018    0.5347     0.349    0.0534    0.1239   0.01038
     85/99     3.01G   0.02799   0.04503 0.0005405   0.07356        46       640    0.5983    0.7775    0.6557    0.4462   0.05355    0.1161   0.01073
     86/99     3.01G   0.02782   0.04367 0.0005612   0.07205        52       640    0.4584    0.7596    0.5185    0.3427   0.05316    0.1218   0.01432
     87/99     3.01G   0.02776   0.04414 0.0004766   0.07237        16       640    0.4306    0.7892    0.4692    0.3012    0.0536    0.1292   0.01937
     88/99     3.01G   0.02786   0.04371 0.0005862   0.07216        58       640    0.5045    0.7882    0.5517    0.3492   0.05344    0.1241   0.01381
     89/99     3.01G   0.02779   0.04419 0.0005326   0.07252        46       640    0.4739    0.7374    0.4951    0.3111   0.05412     0.127   0.02642
     90/99     3.01G   0.02779   0.04432   0.00072   0.07283        41       640    0.3727    0.7609    0.3803    0.2355    0.0548    0.1383   0.03159
     91/99     3.01G   0.02774   0.04373 0.0005331     0.072         9       640    0.4547    0.7521    0.4779    0.3087   0.05395    0.1258   0.02202
     92/99     3.01G   0.02749   0.04375 0.0005281   0.07177        46       640    0.3923    0.7538    0.4156    0.2525   0.05433    0.1314   0.02478
     93/99     3.01G   0.02785   0.04631 0.0005682   0.07473         1       640    0.4686    0.7266    0.4655    0.2854   0.05422    0.1238   0.02286
     94/99     3.01G   0.02762   0.04459 0.0005254   0.07274        50       640     0.524    0.7851    0.5735    0.3647   0.05299    0.1214   0.01404
     95/99     3.01G    0.0275   0.04364 0.0004935   0.07163         7       640    0.4453    0.7949    0.4914    0.3039   0.05381    0.1267   0.02157
     96/99     3.01G   0.02764   0.04307 0.0006799   0.07138        39       640    0.5054     0.725    0.5336    0.3351    0.0534    0.1218   0.01303
     97/99     3.01G   0.02755   0.04362 0.0005768   0.07175        80       640    0.4598    0.7953    0.5141    0.3213   0.05356    0.1273   0.01924
     98/99     3.01G   0.02766     0.043 0.0004864   0.07115        59       640    0.4707    0.7829    0.5376    0.3407   0.05337    0.1252   0.02217
     99/99     3.01G   0.02774    0.0438 0.0005946   0.07214        12       640    0.4407    0.8344    0.5374    0.3431   0.05264    0.1257   0.01394
